2.01131
2.00085
1.99928
2.00185
2.00185
2.00226
2.00226
1.99218
1.99218
1.99937
2.00465
1.9945
1.99692
1.99645
2.00261
2.00613
2.00785
2.00009
2.01056
1.99658
2.00035
2.00035
1.99717
2.00858
2.00537
1.99513
1.99306
1.9935
1.99287
1.99815
1.99746
1.99673
2.00748
1.99243
1.99268
1.99507
2.00518
2.00201
2.00057
1.99764
1.99686
1.99796
2.00465
2.00126
2.00151
1.99928
1.99793
1.99654
2.00239
1.99676
2.00638
2.01049
2.00346
2.0043
1.99416
2.00515
1.99881
1.99287
2.00248
1.99771
1.99969
2.00355
2.00889
1.9995
2.00584
2.00013
1.99918
2.00217
2.0039
1.99491
2.0054
1.9984
2.0005
2.00069
1.99259
1.99488
1.99947
2.00082
2.00424
2.00148
2.00339
2.005
2.00669
2.00267
1.99758
1.99001
1.99849
2.00198
2.00013
1.99827
2.0038
1.99394
1.99196
1.994
2.00575
1.99369
2.0077
2.006
1.99023
1.99984
2.00591
2.00179
2.00647
2.00911
2.0055
1.99739
2.00211
1.99092
2.0061
1.99221
1.99947
1.99912
2.00823
2.00635
1.99409
1.99837
2.00295
1.99535
2.00013
2.01147
2.0066
2.00452
1.99906
2.00685
1.99381
1.99708
1.98976
2.00063
2.00676
1.9967
2.00446
2.00606
1.99768
1.9972
2.00135
2.00283
1.99705
2.006
2.00399
2.00503
1.99881
1.99799
2.00182
2.0061
1.99834
2.00405
2.00559
1.99805
1.99274
1.99893
1.99174
2.00229
2.00591
1.99312
1.99856
2.0076
2.00176
2.00515
2.00534
2.0061
2.00305
1.99988
2.00654
1.99259
1.99466
2.00154
2.00355
1.99689
2.00305
1.99381
2.00377
1.99372
2.0049
2.00311
2.01103
2.00437
2.00418
2.00063
1.99956
2.00993
1.99934
1.9934
1.9994
2.00138
2.0061
1.99614
2.00496
1.99824
2.00936
2.00481
1.99878
2.00415
2.00456
1.99893
2.0038
2.00016
2.00129
1.99494
2.00597
1.99083
2.00933
2.00537
2.00053
1.99676
1.99086
2.00961
2.00669
2.00041
2.00509
2.00132
2.00207
2.00396
1.99903
2.00003
2.00773
2.00151
1.9979
2.00069
1.99852
2.00352
1.99325
1.99742
2.00009
2.00867
2.00207
2.00377
2.00949
1.99604
2.00352
1.99397
2.0049
2.00132
2.00028
1.99972
1.99912
2.00154
1.98593
2.00679
2.0054
2.00855
1.99215
1.99485
2.00088
2.00487
1.99604
1.99774
1.99956
1.99956
2.0043
1.99523
1.9978
1.99353
1.98589
1.99868
2.00327
1.99739
1.99768
2.00261
2.00512
2.00644
2.00248
1.99856
1.99428
1.99337
1.98813
2.0071
2.00343
2.00663
2.00537
2.00641
1.99969
2.00405
1.99548
2.00245
1.999
2.00041
2.00569
2.00402
2.00427
1.99752
2.00273
1.9967
1.99604
2.00075
2.00082
2.00255
2.00399
2.00013
2.00396
1.99749
2.01213
1.99799
1.99852
2.00151
2.00101
1.99714
1.99573
1.99818
2.00239
1.9956
2.00619
2.00682
1.99453
2.00038
2.00855
1.99727
1.99519
2.00531
1.98932
1.9979
1.99818
2.0033
2.00264
1.99453
2.00459
2.00776
2.00434
2.00371
2.00437
2.00082
2.00085
2.00239
2.00245
1.99391
2.00654
1.99934
1.9973
2.00305
1.99724
2.00229
2.00035
1.99862
2.00471
1.99805
1.9946
1.99585
1.99796
1.99915
2.00198
2.01511
2.01131
1.99912
1.99881
2.00632
2.00418
1.9935
2.00402
1.99551
2.00754
1.99881
2.00041
2.00063
2.00522
2.00352
1.99369
1.99931
2.00694
1.99972
2.00198
2.00534
1.99871
1.99061
2.00522
1.99595
1.99535
2.00663
2.00628
2.00679
1.99626
2.00044
2.00195
2.00704
2.00141
1.99626
1.98869
2.00138
2.00484
2.00619
2.01109
2.00101
2.00635
1.99664
1.99881
1.99937
2.00091
1.9994
2.00053
2.00107
2.0044
2.00185
1.99661
2.00154
2.0033
1.99447
1.99689
2.00993
1.99953
1.99843
2.00038
2.00562
1.99903
2.00434
1.99972
2.00324
2.00289
1.99667
1.99928
1.99984
1.99592
1.99582
2.00044
1.999
2.00333
1.99997
2.00088
1.99321
1.99824
1.999
1.99783
1.9973
1.99903
2.00066
1.99554
2.00386
2.00534
2.00013
2.00575
1.99494
1.99689
1.99692
1.99607
2.00145
1.98985
2.00641
1.99975
2.00009
1.99017
2.00396
2.00877
1.99626
2.00333
1.99925
2.00211
2.00364
2.00085
1.99086
2.00022
2.00041
1.99988
2.00028
2.00691
2.00487
1.99994
1.99661
1.99453
1.99808
1.99227
1.99541
2.00877
2.00383
2.00682
1.99284
1.99742
2.00201
2.00088
2.00506
1.99645
1.9989
2.00189
1.99843
1.99551
2.00355
1.99752
1.99918
2.00003
2.00047
2.00371
2.0006
2.00229
2.00321
2.00421
1.99783
1.99428
1.99909
1.98932
1.99205
1.99928
2.00185
2.00242
2.00173
2.00795
1.9956
2.00119
1.99664
1.99768
1.99472
2.01285
1.99095
2.01065
2.00355
2.00138
1.99573
1.99193
2.00101
1.99783
2.00198
1.9973
2.01074
2.00465
2.00355
2.01049
2.00192
2.00352
2.00132
2.01049
2.00644
2.00295
2.00622
1.99598
2.00091
2.00776
1.99271
1.99648
1.99039
2.00443
2.0027
1.99161
2.0011
1.99821
1.99944
1.99812
2.00377
1.99881
1.99479
2.00506
2.00839
1.99802
2.00141
1.99321
2.00126
1.99416
2.00358
1.99859
1.99614
1.99064
1.99551
1.99551
2.00264
1.99708
2.00138
1.9957
1.99956
2.00248
1.99529
1.9973
2.0027
1.99896
2.00258
2.00192
2.00716
1.99777
2.0017
2.00085
2.00408
1.99246
1.99089
1.99394
1.99862
1.99648
2.00468
2.00481
1.99428
2.00173
1.99931
1.99171
1.99648
2.00295
1.99887
2.00066
2.00474
1.99642
2.00826
1.99783
2.00471
2.00031
2.00327
2.0005
1.99717
1.99692
1.9984
1.9962
2.00123
2.00195
1.9874
2.00129
1.99403
2.00745
2.00185
2.00613
2.00031
1.99991
1.99328
2.00346
1.99906
1.99149
1.99871
1.99849
1.9913
2.00459
2.00584
1.99821
2.00217
1.99749
1.99676
2.00531
1.99884
1.99764
2.00899
2.01206
1.99865
1.98923
1.99463
2.00239
2.00289
2.00242
1.99742
1.99868
2.00116
1.99331
2.00544
2.00556
1.99827
2.00456
2.01439
1.99485
2.00616
1.99472
1.99887
2.00478
2.00132
1.99073
2.00434
2.00833
2.00025
2.00006
1.99972
2.00782
1.99852
2.0049
2.00566
2.00355
2.00063
2.00135
1.99874
2.00525
2.00518
2.00412
2.00562
1.99802
2.00057
2.00528
2.00135
2.00364
1.99252
2.00141
2.00955
1.99306
2.01206
1.99871
1.99981
2.00484
1.99956
2.00751
1.99937
1.99896
2.00041
2.00028
1.99589
2.005
2.00182
2.00522
2.00189
2.00104
1.99856
2.00305
1.99642
1.9923
2.0087
1.9978
1.99431
1.99909
2.00628
1.99092
2.00204
1.99362
1.99676
2.00993
2.00157
2.00716
2.00324
1.99755
2.00418
2.00515
1.99048
1.99887
2.00091
2.00509
2.00701
2.00163
1.99186
1.99931
1.99755
1.99909
1.99212
1.99073
1.99149
2.00632
2.00239
1.99746
1.99629
2.00396
1.9957
1.99739
2.00151
2.00581
2.00597
2.0017
1.99878
1.99871
1.99988
1.9994
1.99403
1.99849
2.00273
2.00361
1.99768
1.99821
1.99384
2.0028
2.00657
1.9983
1.99535
1.99893
1.99658
2.00676
1.99978
1.9994
2.00694
2.00031
1.98891
2.00069
1.99431
2.00025
1.99073
1.99771
2.00173
1.99878
1.99237
2.01376
1.9978
1.99843
2.00811
1.99966
2.00245
1.99645
1.99171
1.99554
2.00434
1.99636
1.99947
2.00053
1.99909
1.99849
1.99629
1.99783
2.00619
1.99981
2.00952
2.00138
2.00622
2.00097
1.99896
1.9957
2.00867
1.98784
1.99934
1.99915
2.00173
2.00654
2.00079
2.00446
2.00277
1.99133
1.99925
1.99966
1.99843
1.99959
1.99865
1.99362
1.99585
2.00176
1.99299
2.00217
2.0011
2.00679
1.99742
2.00176
1.9978
2.00025
2.00804
2.0076
2.00864
2.00883
2.01216
1.99086
2.00377
2.00129
2.00556
2.00233
2.00588
2.00038
1.99683
2.00245
2.00955
2.00487
2.00079
1.99846
1.99579
1.99727
2.00534
2.00233
2.00047
2.00091
2.00418
2.00682
1.99592
2.00182
1.99978
1.99321
2.00418
2.00748
2.00562
1.99689
1.99708
2.00302
1.99812
1.99981
1.99812
1.99812
2.00383
2.00531
1.99645
2.0076
2.00204
2.00113
2.00022
1.99887
1.99457
2.0044
2.00691
1.99768
1.99799
1.99413
2.00393
1.99457
2.01005
1.99906
2.00484
2.00044
1.9995
2.00107
2.00807
2.00427
2.00123
1.98879
1.9962
1.99746
2.00776
2.00035
1.99972
2.00195
2.00141
2.00302
2.00528
2.0039
1.99962
2.00038
1.99764
1.99695
1.99859
2
1.99764
2.00336
1.99824
1.99903
1.99972
1.99535
1.99365
1.99504
2.00264
1.99966
1.99698
1.99846
2.00047
1.99937
1.99614
2.00619
2.01015
1.99673
1.99356
1.99161
2.00097
1.99969
2.00116
2.00229
1.99284
2.00302
2.00383
2.00198
1.99067
1.99548
2.0077
2.0017
2.00019
1.99658
1.99497
2.00063
2.00569
2.00277
1.99362
2.00006
2.00072
1.99601
1.99865
2.00267
2.00317
1.9983
1.99648
1.99906
1.99268
2.00192
2.0028
1.99915
1.99874
1.99764
2.00072
2.00003
2.00339
1.99717
2.0033
2.00773
2.00965
2.00189
1.99676
2.00569
1.99557
1.99306
2.00405
2.00182
1.99444
2.00588
2.00468
1.99896
2.00113
1.99843
1.9957
2.00496
2.00512
1.99925
1.99676
1.99039
2.00022
1.99384
2.00157
1.99975
1.9951
1.99582
1.99695
2.00019
1.99337
1.99579
2.00895
1.99962
2.00028
1.99152
1.99607
2.00255
2.01068
1.99742
1.99218
1.9983
1.99714
1.99491
1.99758
1.99881
1.9956
2.00927
2.0017
2.00145
1.99752
1.99299
2.00214
1.99645
2.00085
2.00126
1.99959
1.99812
1.99651
2.00013
1.99846
1.9979
2.00151
2.00079
1.99142
1.99896
2.00635
1.99193
2.01002
2.00107
2.00283
1.99827
2.00223
1.99246
2.00028
1.99852
2.00207
2.00559
2.00273
2.00632
2.00075
1.99815
2.00572
2.00484
1.99852
1.99802
1.99592
2.00456
1.99956
1.99516
1.99139
2.00251
1.9995
1.99865
2.00041
1.98787
2.00522
2.00528
2.00019
2.00239
1.99249
2.0006
2.00682
2.00459
1.99293
2.00424
2.00588
1.99786
2.00204
2.00113
1.99664
1.99617
2.00597
1.99815
1.99846
1.99227
2.00022
1.99416
2.00719
1.99874
2.0066
2.00044
2.00374
2.00044
2.00154
1.99739
2.00339
2.00741
2.00971
2.00233
2.00518
1.99435
1.99673
1.99975
1.98951
2.00311
1.99441
1.99698
2.01012
2.0055
1.9989
1.99585
1.99673
2.00346
1.99742
1.99953
2.00478
2.0005
1.99582
2.00371
2.00622
2.00261
1.99648
2.00261
2.00198
1.99438
1.9968
2.00251
2.00424
1.99956
2.00314
2.00531
2.00028
2.00754
1.9989
1.9983
1.99303
2.00264
2.00654
1.999
1.99884
1.99768
2.00361
1.99541
2.0044
1.99111
1.99431
1.99837
2.00782
2.00704
2.005
1.9951
1.99818
1.99208
1.9968
1.9908
1.99893
1.99526
2.00022
2.00861
1.99406
1.99918
2.00154
2.00437
1.99702
1.99849
2.00936
2.005
2.0039
2.00217
1.99177
2.00302
1.99852
2.00107
1.99698
2.00214
2.00534
2.00079
2.00245
1.99966
2.00028
1.99956
1.99658
2.00443
1.99457
1.99953
2.00566
2.00129
2.00226
2.00195
1.99821
1.98549
2.00685
1.99799
1.99761
1.99959
1.99991
1.99984
1.99827
1.98998
2.00305
1.99972
2.00245
2.00063
1.99695
1.99645
2.00009
2.00072
2.00006
2.00151
1.99981
1.99683
2.00324
1.99918
2.00738
2.00471
2.01156
2.00176
2.00368
1.99623
2.00584
2.00371
1.99491
2.00251
1.99378
1.99808
2.00603
1.99695
2.00148
1.99695
1.99601
1.9984
2.00167
1.9957
1.99397
2.00157
2.00352
1.99717
2.00047
2.0054
2.00701
2.00179
1.99422
1.99834
2.00101
1.99843
2.00427
2.00346
2.00094
2.0066
1.99306
1.99727
2.00361
2.00321
2.00478
2.00251
2.00236
1.9995
1.99981
1.99796
1.99416
2.00057
1.99988
1.99629
1.99812
1.99604
2.00035
1.99711
2.00317
1.99252
2.00572
1.9979
1.99661
2.00861
2.00286
2.00163
1.99944
2.00594
2.00261
1.99733
2.00185
2.00116
2.00013
2.00478
1.99639
1.98966
2.00757
2.00638
1.99959
1.99384
1.99969
2.00195
2.00094
2.00405
2.00016
1.9989
2.00236
2.00082
2.00031
2.01078
1.99557
2.00066
2.00861
1.99843
1.99786
1.99846
2.00041
2.01021
1.99337
1.9945
2.00292
1.99268
2.00321
1.99962
2.00408
1.9994
2.01015
1.99124
2.01147
1.99815
2.00531
1.99978
1.99849
1.99617
2.00873
2.00261
1.9994
1.99771
2.00091
2.00251
2.00553
1.99268
1.99686
2.00732
1.99045
2.00716
1.9946
2.00295
2.00647
1.99849
1.98706
1.99884
1.999
1.99846
2.00107
1.99768
2.00588
1.99362
2.00355
1.99739
1.99557
2.00302
1.99727
2.00079
2.01429
2.00239
2.00299
1.99805
1.99896
2.00374
2.00669
1.99896
2.00588
1.99658
2.00107
1.9968
1.99739
2.0011
1.99585
2.00126
1.9957
2.00182
2.00119
1.99953
2.00286
2.00157
2.00588
1.98715
1.9983
1.99969
1.99491
1.99447
2.0005
1.99975
1.99947
1.99607
2.00493
2.00079
2.00236
1.99353
1.99972
1.99871
2.00038
2.00487
2.00371
1.99909
1.99711
1.99435
2.00468
1.99365
1.99739
1.99777
2.01298
2.00314
2.00255
2.0027
2.00462
2.00242
2.00424
1.99268
1.99752
1.99843
2.00079
1.99482
1.99601
1.99406
2.00157
1.99331
2.00273
2.00848
2.00113
2.00399
2.00085
1.99639
1.99966
2.00405
1.99922
2.00408
1.98938
2.00666
2.00336
1.99673
2.00333
1.9994
1.98822
1.99598
1.99387
1.99576
2.0076
2.00578
1.99937
2.00053
1.98944
2.00145
1.99497
2.00289
1.9989
2.00192
2.00324
1.99281
2.0005
1.99956
2.0087
1.99969
1.99746
2.00179
1.99944
1.99959
2.00182
1.99545
1.99017
1.99749
1.99654
2.00299
1.99884
2.00446
2.00324
2.00233
2.00873
1.99856
1.99969
2.00041
1.99972
1.99764
2.00305
1.99431
2.00867
2.0027
1.99881
2.00531
1.99928
2.00204
1.99805
2.00035
2.00151
1.99799
1.99871
1.9967
2.00327
2.0016
2.00085
2.00019
2.00311
2.00503
1.99812
2.00009
2.01225
2.00493
2.00446
2.00305
2.00393
2.00415
2.00364
2.00082
2.00443
1.99815
1.99296
1.99988
1.99523
1.99554
2.00151
2.00877
1.99614
2.0027
1.99435
2.00408
1.99246
1.99878
1.99058
1.99959
2.00465
1.99818
1.99837
2.00792
1.99896
2.00339
2.00053
2.00119
2.00082
1.99887
2.01034
1.99956
1.98966
2.00085
1.99874
2.00104
2.00971
2.0028
1.99535
2.00968
1.99874
2.00405
1.99849
2.00757
2.00016
1.99523
2.00006
1.99689
2.00421
2.0049
1.99315
2.01298
2.0016
2.00044
2.0027
2.00072
2.00321
1.99689
2.00861
1.99168
1.99912
1.99931
2.0027
1.98879
1.99834
2.00349
2.00123
2.00613
1.99259
1.99959
1.98973
2.00528
2.00148
1.99328
1.99739
2.00126
1.99959
2.00418
2.00141
1.98992
1.99579
2.00217
2.00823
1.99054
2.00157
2.01137
1.98872
1.98615
2.0044
2.00371
1.99984
2.00182
2.00446
2.00217
1.99472
1.9972
1.99089
2.00801
2.00669
1.99205
1.99186
2.00057
2.00343
2.00295
1.99243
1.9995
2.00534
2.00079
2.00116
1.99972
1.99485
2.00207
1.99347
1.98944
1.99856
1.99321
2.00273
2.00035
1.99972
2.00465
1.9984
1.99661
1.99727
2.00082
2.00116
1.99783
1.99375
1.99786
1.99563
2.00044
2.00009
1.99868
2.00484
2.01031
1.99881
1.99969
2.0027
2.00327
1.99966
2.00022
1.99868
1.99648
2.00745
1.99171
2.00157
2.00151
1.99796
1.99978
1.99893
1.99636
2.0033
2.00641
2.00408
1.99928
1.99545
1.99711
1.99827
2.00009
1.99978
2.0044
1.99997
2.00223
1.99325
2.00229
1.99548
2.00154
2.00327
2.01015
2.00009
2.00295
2.00452
2.00185
1.99023
2.00013
2.00028
2.00088
1.99611
2.00405
2.00556
2.006
1.99837
1.99928
2.00016
2.00091
2.00223
1.99554
1.99742
2.01298
2.00471
1.9956
2.00006
1.99859
2.00006
2.00518
1.99611
2.00339
2.00135
2.00211
1.99654
1.99689
2.00377
1.99557
2.0016
2.00528
1.994
1.99736
2.00192
1.9957
2.00217
1.99347
1.99815
2.00094
2.00016
2.00302
2.00113
2.00924
2.00305
2.00877
1.99551
2.00113
1.99224
2.01593
2.00415
1.99626
1.99969
1.99959
1.99428
1.99887
2.00223
2.00135
1.99387
1.9983
2.00305
2.00327
2.00047
1.99654
1.99918
2.01178
1.99865
1.98866
2.00339
1.99824
1.99413
2.00094
2.00386
2.00182
1.99664
1.99843
2.00151
2.00333
2.00437
1.99629
1.99994
2.00386
2.00006
1.99865
1.99488
1.9979
2.0033
1.99997
2.00248
2.00251
1.99108
2.00484
1.99051
2.00091
2.00613
1.99306
2.00308
1.99768
1.99538
2.00189
1.99997
1.99978
2.00977
2.00506
1.99563
2.00138
1.9983
2.00415
2.00072
1.99494
1.99824
1.99504
1.99865
1.9962
2.00009
1.9995
2.00003
2.00418
1.99218
2.00314
1.99633
1.99391
1.99532
1.99752
1.9978
1.99937
1.9908
2.00119
1.99874
2.00192
2.00075
2.00716
1.99661
1.99598
1.99815
2.00016
1.99617
2.0104
1.98948
2.00154
2.00468
2.00361
2.00622
2.00396
2.00066
2.0005
2.00126
2.00295
2.00804
2.00647
2.00295
1.99651
2.0006
2.00647
2.00201
1.99658
1.99768
1.99667
1.99362
1.99177
2.0016
2.0066
2.00123
1.9934
1.99966
2.00377
1.99325
2.00327
2.0005
2.00044
2.00531
2.00025
2.00393
1.99318
1.99501
2.00261
1.99918
2.00902
2.00672
2.00079
2.00264
1.99934
1.99783
1.99799
1.99582
2.00248
2.01288
2.00478
2.00741
2.00028
1.99281
2.00588
2.00245
2.00371
2.00512
1.99639
1.99576
2.00245
1.99969
1.99746
2.00471
2.00839
2.00971
1.99868
2.00264
2.00255
1.99827
1.99519
1.99862
2.00317
1.99893
1.99312
1.9984
2.00189
1.99507
2.00207
1.99541
1.99098
2.00465
1.9919
1.99607
2.00141
2.00198
2.00085
2.0061
2.00748
2.006
1.99488
2.00635
2.00006
2.00471
2.0038
1.98561
2.00028
1.99966
1.99796
2.00292
1.99592
2.00785
1.9983
1.99768
1.99237
1.99812
1.99548
1.98841
2.00663
2.00176
1.99299
2.0006
1.99614
1.99387
1.99821
2.00833
2.00707
1.99953
2.0028
1.99956
2.00685
1.99903
2.00198
2.00277
1.99859
1.99567
1.98913
2.00101
2.00097
2.00123
1.99783
2.00214
2.00041
1.99598
2.00104
2.00399
2.00009
2.00126
2.00094
1.99438
2.00707
1.99673
1.9994
2.00277
1.99523
2.00632
2.00751
2.00364
1.99764
2.00195
2.00292
2
2.00157
1.9989
2.00047
1.98907
1.99837
1.99268
1.99299
1.99243
1.98681
2.00211
1.99746
2.00028
2.00522
1.99944
2.00644
2.00132
1.99664
2.00509
2.00361
1.99918
1.9951
2.00057
2.00566
1.99582
1.99375
1.99956
2.00063
2.00198
1.994
1.9945
2.00044
1.98784
1.99598
2.005
1.99284
2.00867
2.00292
2.00195
1.99771
1.99029
2.00239
1.99812
1.99852
2.00405
1.99827
1.99846
2.00019
2.00028
1.99193
2.0043
1.99567
2.00132
2.00547
1.99912
1.99865
2.00364
2.00189
1.99554
2.00006
1.99988
2.00993
2.005
2.00644
1.99362
2.00908
2.00892
2.00041
1.99969
1.99896
2.00628
1.99227
2.00669
1.99111
1.99981
1.99846
2.00239
1.99378
1.99007
2.00273
2.00368
2.0061
2.00038
2.00858
1.99717
2.00383
1.99472
1.99683
2.00135
2.00544
2.00317
2.00138
1.99548
1.99475
1.99516
1.99903
2.00295
1.99997
1.99325
1.9951
1.99739
1.99912
2.00173
1.99425
2.00057
2.00468
2.00371
1.99695
1.99711
2.00352
1.99777
1.99874
1.99513
2.00361
2.00075
2.00255
1.99651
2.00858
1.99658
2.00657
2.00443
2.00016
2.00726
2.00094
2.0038
1.99934
1.99727
1.9989
1.99837
1.99878
1.99472
2.00075
2.0016
2.00038
1.99589
2.00314
2.00484
1.9995
2.0028
1.99827
1.99425
1.99711
2.00745
1.99884
2.00022
1.99676
2.00151
2.00895
1.9984
2.00833
2.00619
1.99727
2.00528
1.9983
2.00019
2.00189
1.999
1.999
2.00214
1.99664
1.99702
1.9979
2.00239
2.00434
2.00273
2.00811
1.99912
2.00201
1.99988
1.9995
2.00412
1.9918
2.0049
2.00471
1.98725
1.99576
2.00408
1.99815
2.00016
2.00302
1.99984
1.99988
1.9957
2.00346
2.00437
2.00016
2.00151
2.00148
1.99994
2.00921
1.99862
1.9973
1.99629
2.00129
1.99397
2.00716
2.00559
2.00355
1.99928
1.99752
2.00079
2.00688
1.99988
1.99764
2.00638
2.00229
1.99808
1.99944
1.999
2.00057
1.9978
1.99227
1.99507
1.99708
2.00201
2.00173
2.00097
1.99824
1.99469
1.99617
2.00364
2.00097
2.00176
1.99441
2.00386
2.00019
2.00038
2.00361
2.00022
2.00302
1.99758
2.00333
1.99959
1.99978
2.00063
1.99633
2.00465
2.0055
1.99878
1.99915
1.99378
2.00129
1.99516
1.99607
1.98979
2.00421
1.99962
1.99727
2.00518
1.99981
1.99155
1.99834
1.99997
2.00745
1.99808
2.00082
2.00245
2.00663
1.99969
2.00053
2.00085
2.00738
1.99962
2.00283
1.99623
2.00035
1.99265
2.00057
1.99482
2.00207
1.99708
1.99812
2.0028
2.00343
1.99507
2.00666
1.99504
2
1.98693
2.00399
1.99328
2.00141
2.01068
1.99513
2.00025
1.99585
1.99846
2.00437
2.00173
2.006
1.99991
2.00019
1.99758
1.99934
1.99865
2.00446
1.99931
1.99611
2.00041
2.00198
1.99548
1.99519
2.00848
2.00097
1.99541
1.99984
2.00251
1.99347
1.99733
2.00977
1.99664
1.99463
1.99629
2.00352
2.00434
1.99491
2.00041
2.00053
2.00321
1.99676
1.99818
2.00299
2.00063
1.98979
2.00264
2.00035
2.00509
1.99909
1.99416
2.00207
1.99975
2.00591
2.00386
1.99648
2.00685
1.99667
1.99626
1.99529
1.99799
1.99466
2.00393
1.99042
1.99746
1.99868
1.99887
2.00773
2.01197
1.99925
2.00053
2.00132
2.0049
2.00154
2.01081
2.00556
1.99953
1.99755
1.99661
1.99849
2.00343
1.99064
1.99915
1.99774
1.99928
2.00094
1.99862
2
2.0109
1.99824
1.99482
1.99909
1.99969
1.99645
1.99764
1.99469
1.9995
1.99463
1.994
1.99984
2.00408
1.99139
2.00132
1.99617
2.00518
1.99667
1.99994
2.00151
1.99972
1.99686
2.00132
2.00352
1.99567
2.00022
1.99092
1.99915
2.00223
1.9929
2.00031
2.0054
2.00719
2.00035
1.99576
2.00468
2.00038
2.00264
2.00581
1.99334
2.00355
2.00308
2.00047
2.00261
1.99711
1.99978
1.99183
1.99378
2.00383
1.99538
1.99023
2.00487
2.0055
1.99786
1.9995
2.00311
1.99321
2.00484
2.00836
2.00701
1.99931
2.00041
1.99039
2.00465
2.00578
2.00921
2.00814
1.99485
1.99944
2.00192
2.00154
2.00113
1.99598
1.99494
1.99529
1.99369
2.00719
1.9979
2.00534
1.99545
2.00496
2.0028
1.99871
2.00465
2.00264
2.00009
1.99774
2.00449
1.99168
2.0039
2.00063
2.00195
2.00732
1.99466
1.99714
1.98803
1.99981
2.00415
2.00085
1.99453
2.00481
1.99485
2.00776
2.00735
1.99928
2.00057
2.00138
2.00016
2.00226
2.00283
1.99777
1.99906
2.0038
2.00047
1.99834
1.99337
2.00075
1.999
1.99343
2
1.99359
1.99796
2.00333
2.00371
2.00176
2.00295
1.99563
1.99321
1.99808
1.99783
2.01536
2.00016
1.99695
2.01068
2.0033
2.00163
1.98979
2.00053
2.00229
2.00145
1.99953
1.99039
1.99271
2.00559
2.00465
1.99761
1.99136
2.00327
1.99604
2.00317
1.99541
2.00625
2.00311
1.99485
1.99749
2.0006
1.9989
1.99887
1.99808
1.99783
2.00063
1.99686
2.00047
2.00503
2
2.0016
1.99343
1.99582
2.00672
1.99337
2.00255
2.00185
1.99683
1.99909
1.99557
2.00745
1.99852
2.00572
1.99711
1.99183
1.99937
1.99636
1.99296
2.00826
2.01162
2.00386
1.99959
2.00151
2.00402
1.99089
1.99441
1.99972
1.99259
1.99818
2.00157
1.99774
2.00358
2.00248
1.99865
1.99001
2.00905
2.00864
2.00741
2.00214
2.00368
2.00258
1.99573
1.99881
1.99523
2.0038
2.00097
1.99742
2.00255
2.00057
1.99435
1.99633
2.0033
2.00465
1.99918
1.99331
2.00672
2.00531
2.00782
1.99516
1.99519
2.0027
2.00192
2.00251
2.00273
1.9957
2.00396
2.00346
2.00116
2.00987
1.98938
1.99331
1.99516
2.01084
1.99645
1.99092
2.00588
1.99997
2.00339
2.00603
1.99874
1.99796
1.99947
2.00082
1.99689
2.00396
2.00258
2.0038
1.99425
2.00562
2.00176
1.99507
2.00415
1.99834
2.00299
1.99783
2.00226
1.9934
1.99523
2.00688
1.99944
2.00886
1.98721
2.01106
1.988
2.00449
2.0044
2.00591
1.99824
2.00132
2.00063
2.00019
1.99739
2.0093
2.00277
2.00286
2.00449
1.99944
2.00393
1.9946
1.9951
2.00789
1.99802
2.00236
2.0005
2.00707
1.99799
1.99149
1.99661
1.99812
2.00474
2.00462
2.00339
1.99375
1.99535
1.99686
1.99365
2.00211
2.00295
1.99962
2.00364
2.0027
1.99636
1.99991
1.9945
1.99416
2.00515
2.00682
1.99827
1.99962
2.00421
2.00135
1.99733
2.0065
1.99545
1.99846
1.99626
2.00255
1.99654
1.99925
2.00424
2.0017
1.99959
2.00305
1.99918
2.00097
2.00899
2.00691
1.99428
1.99843
2.00591
1.99633
2.00386
2.0028
1.99739
1.99636
1.99714
2.00349
2.00408
2.00556
1.99664
2.00305
2.01213
1.99777
2.00905
1.99972
1.9994
2.00035
2.0033
2.00239
2.00022
1.99683
1.99947
1.99774
2.00688
1.99815
1.99846
1.99793
2.00113
1.99906
1.9994
2.00427
1.999
2.00151
1.99871
1.99409
1.9994
1.99947
1.99614
1.99579
1.99475
2.00016
2.00424
2.00688
2.00795
2.00399
2.00311
2.00261
2.00496
2.00528
2.00097
2.0049
1.99215
2.00732
2.00462
1.99878
2.00295
1.99234
2.00321
1.9968
2.0055
1.9972
2.00515
2.0028
2.00116
2.00393
1.98775
1.99648
1.99654
1.99683
2.0038
1.9945
2.00616
1.99937
2.00644
2.00031
1.99777
2.00685
1.99843
2.0093
2.00094
1.99479
2.00226
2.00283
2.0017
1.999
1.99714
2.00132
2.00031
2.00185
2.00132
1.99387
1.99431
2.00726
1.99557
1.99431
2.0022
1.994
1.99859
1.99928
1.99054
1.99714
1.9885
2.00666
1.99541
1.99507
2.00038
2.00424
2.00038
1.99944
1.99962
1.99576
1.99422
2.00374
1.99972
1.99648
2.00035
2.006
1.99457
2.00041
2.00138
2.0093
2.00588
1.99815
1.99981
1.99479
1.99384
1.9972
2.00647
2.00041
2.00364
2.00434
2.00104
1.99705
2.0017
1.99937
1.99491
2.00575
2.00233
2.00236
2.00559
2.01166
1.99686
2.0055
1.99686
2.00013
2.00412
1.99639
2.00006
2.01109
1.99972
1.98866
1.99347
1.99884
1.99909
1.99815
2.00481
1.99639
2.00138
2.00767
2.00616
2.00053
1.99786
2.00069
2.00418
2.00217
2.0114
1.99548
1.99805
1.99541
1.99966
2.00321
1.98932
2.00223
2.00364
1.99658
2.00126
2.00258
1.99714
2.00283
1.9983
2.00619
2.00305
1.99768
1.99661
1.99944
2.00182
2.00085
2.01115
1.99639
2.0006
1.99909
2.00101
1.99576
2.00167
2.00719
1.99387
1.99865
1.99676
1.99639
2.01027
1.99051
2.00157
2.00449
1.99501
2.00063
1.99953
1.99909
1.99416
1.99563
1.99557
1.99541
2.00707
2.00358
2.00019
1.99925
2.00465
1.99579
2.00308
2.00255
2.00694
1.99749
1.99997
2.00575
1.9962
1.99651
1.99306
1.99859
2.0125
2.00757
1.9979
2.00427
2.00333
2.01031
1.99953
2.00179
2.0087
1.99714
2.00201
1.99664
1.99812
1.99516
1.99202
2.00383
1.99717
1.98762
1.99915
1.99824
2.00352
2.00085
2.00566
1.99736
1.99862
1.98932
2.00038
2.00163
1.99695
2.00148
1.99922
1.99786
1.99287
1.99485
2.00377
2.00719
2.01053
2.00258
1.99752
1.99761
2.00317
2.00324
1.99585
2.00578
2.00613
2.00314
1.99394
1.99303
2.00141
1.99962
2.00207
2.00041
1.99633
2.00094
2.00157
1.99865
2.01093
1.99585
2.00135
1.99045
2.00226
2.0093
1.98966
1.99636
1.99629
2.00572
2.00157
1.99774
2.00836
1.99966
1.99243
1.99582
1.99579
2.00207
1.9994
2.00349
1.99435
1.99849
2.00361
2.00119
1.99441
2.00129
1.99406
1.99686
2.00383
1.99749
2.00811
1.99318
1.9957
2.00569
1.99513
1.99878
2.00075
1.99846
2.00679
1.99325
1.99108
1.99146
2.00198
2.00364
2.00066
1.99711
1.99654
2.00361
1.99595
1.99727
1.99102
1.9956
2.00305
2.00167
2.00965
1.99639
1.99686
2.00053
2.00343
2.00402
1.99846
1.99061
1.99658
1.99381
2.00798
2.006
2.00738
2.00009
2.00245
2.00456
2.00886
1.99975
1.98872
2.00003
1.99353
2.00292
1.99256
2.00047
1.98951
2.00763
1.98988
1.99915
1.99771
1.99582
2.00377
2.01279
2.00613
2.00025
2.00663
2.00493
1.99567
2.00578
1.9968
2.00776
2.00239
2.00041
1.99573
1.99742
2.00185
2.00113
1.99881
2.00035
1.99874
2.00154
2.00214
1.98872
2.00308
1.99614
1.99535
2.0033
2.00009
1.9951
1.99271
2.00305
1.99727
2.0087
1.99196
1.99579
1.99802
2.00616
1.99146
1.99529
2.00553
2.00452
2.00496
2.01015
1.99912
2.00474
1.99051
2.00641
1.99497
1.99834
2.00041
1.98888
2.00006
2.00075
1.99752
2.00129
2.00088
1.99991
1.99878
2.00547
2.00101
1.99023
1.99567
1.99764
1.9923
2.00801
1.99859
1.99089
2.00239
2.00091
2.0011
2.00352
2.00839
1.99953
1.99818
1.99821
2.00028
1.99428
1.99856
2.00616
2.0006
2.00638
1.99642
1.99309
2.0055
2.00201
2.01128
1.99871
1.99387
2.00317
2.00138
2.0017
1.98913
2.00044
1.99764
2.00735
2.00182
2.00292
2.00204
2.00339
1.99881
2.0028
2.00097
1.99925
2.00145
2.00424
1.99428
2.0022
2.0054
2.00622
2.00135
2.00333
1.99359
1.99479
1.99479
1.99447
1.99868
2.0016
1.99969
1.99742
2.00412
1.99771
1.99202
2.00679
2.00415
1.99422
1.9967
2.00179
2.01181
1.99818
2.00091
2.00088
1.99482
1.9979
2.00525
1.99821
2.00572
1.99695
2.00578
1.99076
1.99698
2.00094
1.99717
1.99969
2.00104
1.99843
1.99045
2.00358
1.9989
1.99956
1.99629
1.99076
1.99441
1.99271
2.00676
1.99161
2.00619
2.00635
2.00132
1.99089
2.00632
1.99887
1.98313
2.00449
2.005
1.99545
1.99337
2.00478
2.0044
2.00625
2.00449
1.9951
1.99944
1.99928
1.99039
1.9967
1.99884
2.00057
1.9913
2.00368
2.00701
2.00299
2.01144
1.99953
2.00025
2.00977
1.99796
2.00116
2.01034
1.99852
1.9929
2.00927
1.99959
2.00723
1.99969
2.00528
2.00126
1.99212
1.99312
2.00151
1.99554
2.00443
2.00022
2.00038
1.99252
1.99912
2.00233
2.00204
2.0049
2.00094
1.99843
2.00091
2.00713
2.00343
2.00129
1.99356
1.99761
2.00829
2.00141
2.00047
2.00415
1.99815
1.99893
2.0061
2.00075
2.00955
1.99645
2.00226
1.99997
2.00075
2.00506
2.00531
1.99463
1.99937
1.99497
1.99918
2.00104
2.00245
1.99654
2.00135
2.00597
2.00339
1.99966
2.00663
1.99686
1.99507
2.00723
1.99896
1.99984
1.99243
2.00176
1.99519
1.9968
2.00028
2.00217
1.99878
2.00314
2.00006
2.006
2.00123
2.00154
2.0005
2.00138
1.99589
2.00082
2.0005
2.00126
2.00044
2.00415
1.9918
2.00041
2.00053
2.0022
2.00321
1.99824
1.99799
1.99849
1.9978
1.99956
1.99887
1.99984
2.00443
1.99887
2.00167
1.99485
1.99334
1.99871
2.00336
1.99309
1.99714
2.00123
1.99683
1.99969
1.99523
2.00358
1.99978
1.98668
2.00016
2.00594
2.00487
2.00255
1.99764
1.99218
1.99991
2.00248
1.99925
1.9935
1.99966
2.00079
2.0017
1.99906
1.99862
2.00245
1.99887
2.0109
2.00154
2.00113
2.0033
1.99485
2.00044
1.98907
1.99397
1.99554
1.98985
1.99768
2.00418
2.00676
2.00173
2.01272
2.00619
2.00795
2.00013
1.99997
2.00484
1.99306
2.00072
2.00405
1.99878
1.99212
1.99541
1.98988
2.00038
1.99727
2.00157
2.0038
1.99717
2.00691
2.00562
1.99372
1.999
1.99849
1.9995
2.00522
2.00324
1.99705
2.00877
2.00858
1.99742
1.99617
2.00443
2.0022
2.00019
2.00019
2.00248
1.99915
2.0071
2.00179
1.9945
1.99686
1.99174
1.99808
2.00163
1.99633
1.99695
1.99827
1.99673
2.00302
1.99221
2.00327
2.0066
2
2.00352
1.99947
2.0071
1.99469
1.9984
2.00368
2.00242
1.9984
1.99026
2.0039
1.9979
2.00094
2.00374
2.00022
1.99629
1.99758
2.0044
2.00691
1.99736
1.99142
1.99202
1.99689
2.00214
1.99953
2.00735
1.99532
1.99601
1.9957
1.99953
2.00358
2.00405
2.00556
2.00236
1.99598
1.99152
2.00113
1.99212
2.00751
1.99733
1.99966
1.99576
1.99381
2.01298
1.9967
2.00195
1.99488
2.0006
1.99661
2.0044
2.00396
2.0022
1.99274
2.0055
1.9934
2.00013
1.99956
2.00019
2.01037
2.00066
2.00223
1.99815
2.00035
1.99988
2.00641
1.99661
1.99504
2.00377
1.99523
2.00132
1.99457
1.99463
2.0022
2.00496
2.0044
2.00355
1.99742
2.00456
2.00226
1.99997
1.99733
1.99466
1.9934
2.00072
1.99912
2.00484
2.00198
1.9923
1.99969
1.99969
2.00515
2.00239
1.99523
2.00104
2
2.00386
1.99051
1.99444
1.99978
2.00148
1.99604
2.00694
1.99425
2.00003
2.00528
2.00138
2.00022
2.00594
2.00424
2.00358
2.00927
2.00013
1.9983
1.99312
1.99783
1.9979
1.99523
2.00201
2.00572
2.00779
1.99874
1.99378
2.00719
1.99457
2.00138
2.00547
2.00063
2.00949
1.99972
2.00468
2
2.00151
1.99739
2.0043
1.99183
1.99711
1.99824
1.9994
2.00635
1.9935
2.0011
1.99174
1.99365
2.00283
1.9934
2.00038
2.00732
1.9972
2.00418
2.00996
2.00226
2.00525
1.99215
2.00239
2.00157
1.99061
1.99758
1.99604
2.00154
1.99925
2.00509
2.00666
1.9968
1.99378
2.00251
1.99237
1.99683
1.99771
1.99878
1.99746
1.99708
2.00157
1.9979
1.99573
1.99812
2.00688
2.00512
1.99639
2.00352
2.00075
1.98794
2.00836
2.00179
1.99796
2.00182
2.00016
1.994
1.99746
1.99633
1.99846
1.98869
2.00217
1.99805
1.99416
1.98699
1.99545
1.99667
1.9995
2.00669
2.00226
1.99944
2.00028
2.00245
2.00214
1.9973
1.99959
2.00553
1.99469
2.00644
2.01169
2.0039
2.00374
1.99966
1.98976
2.0028
1.99152
1.99259
2.0066
2.00173
1.99774
1.99419
2.00343
1.99576
2.00851
2.00622
1.99485
2.00248
2.00424
2.0049
1.99918
1.99937
1.99472
1.99984
2.0137
2.00537
1.99896
2.0038
2.00459
2.0055
1.99843
2.00016
1.9957
2.00487
1.9956
2.00236
2.00333
1.99981
2.00292
2.00217
1.99007
1.999
1.99771
1.99274
1.99695
2.0061
1.99042
1.99626
1.99837
1.98901
2.00622
2.00434
1.99887
1.99654
2.00873
2.00833
2.00399
1.99369
1.99598
2.01068
1.99786
1.99922
2.00239
2.00588
2.00031
1.99359
2.00911
2.00534
2.00176
2.00072
2.006
2.00022
2.00145
1.99124
1.99931
1.99664
2.00745
1.9929
2.00151
2.00091
1.99664
1.99981
1.99633
1.99702
1.99959
2.00625
2.00895
1.99186
1.99884
1.99774
1.99312
1.99661
2.00126
2.00236
2.00544
2.00405
2.00207
1.99868
1.99733
1.99843
1.99592
1.99944
2.00399
1.99962
2.00622
2.00075
1.99991
2.00525
2.00236
1.99372
1.99519
1.99865
2.00459
1.99482
2.0006
2.00446
1.99215
1.99494
2.00952
2.00138
1.99906
1.99274
1.99727
1.99001
1.99642
1.99585
2.00434
2.00229
2.00361
2.00578
1.99994
2.00085
1.99394
2.00336
2.00082
1.99846
2.00107
2.00189
2.005
1.99491
2
1.99092
1.99252
1.99821
2.00097
1.99664
1.99554
2.00569
2.0006
1.99918
2.00292
1.99312
1.9983
2.0005
2.00088
2.00094
2.00013
2.00104
2.00383
2.00377
1.99042
1.99812
1.9896
1.99629
1.99519
1.99369
1.99585
1.99915
1.99874
2.00157
1.99818
1.99325
2.00424
1.99664
2.00251
2.00233
1.99117
2.00619
2.00003
2.00022
2.00327
2.00091
2.00418
2.00657
2.00189
1.99268
2.00141
1.99724
1.99592
1.99576
1.9967
2.00936
1.99435
1.99523
1.99925
1.99196
1.99909
2.00396
1.99369
1.99969
2.01015
1.99513
2.00053
2.00113
2.00204
2.00343
1.99598
2.00632
2.00713
1.9924
1.99878
1.99692
1.99922
2.00691
2.00013
1.99834
1.9946
2.00192
1.99925
1.99944
2.00465
2.00041
1.99868
1.99799
1.99029
2.00138
2.00075
2.00333
2.00386
1.9929
1.99538
2.00735
1.99708
1.99155
2.00229
1.98973
1.99849
2.01005
1.99611
2.00214
1.9983
2.00292
2.00016
2.00207
2.00057
1.99815
1.99111
1.99742
2.00069
2.00327
1.99199
2.00449
1.99997
2.00207
2.00584
2.00572
1.99786
1.9994
2.00622
1.99475
1.99997
2.00484
2.0077
1.99834
1.99224
1.99918
2.01009
2.00795
2.00066
2.00635
1.99852
2.00581
2.01012
1.99774
1.99972
2.00251
1.99736
1.99906
2.00135
1.99347
1.99469
2.01009
2.00003
1.99724
1.99727
2.00349
2.00101
2.00358
2.0099
1.99708
2.005
2.00456
2.00145
2.00628
1.99268
2.00361
1.99909
2.01137
1.9994
2.00374
2.00738
1.9946
1.99874
1.99742
2.00594
1.99884
2.00735
1.99494
2.0027
1.99664
1.9934
2.00091
1.99714
2.00148
1.99648
1.99834
1.99541
1.9979
2.00119
1.99881
2.00198
2.00201
2.00025
1.99633
1.99611
1.99409
2.00082
1.99969
2.00248
2.00509
2.00738
2.00245
1.99048
2.00443
2.00163
1.99422
1.99538
2.0011
2.00474
2.00625
2.00126
1.99934
1.99793
1.99947
2.00163
2.0088
1.99742
1.99491
1.99516
1.99878
2.00553
2.00377
2.00264
1.99928
1.99746
1.99633
2.00468
1.99124
2.00399
2.00462
2.00239
2.00116
1.9956
1.99984
2.00679
1.99642
2.00107
2.00522
1.99991
2.00588
1.99918
2.00418
2.00145
1.99626
2.00182
2.00104
1.99541
2.00116
1.99318
2.00038
1.99221
2.00735
1.99576
1.98828
1.99406
2.00242
2.00097
2.00352
2.00101
2.01266
1.99881
2.0017
1.99617
1.99736
1.99567
2.00113
2.00522
2.00198
1.99818
1.99692
2.00088
1.99457
2
2.00349
2.00412
2.01015
2.00321
2.00452
1.99507
2.0054
2.00085
1.99384
2.006
2.00515
1.99975
2.0087
1.99629
2.00361
2.00189
2.00468
1.99878
2.00261
1.99567
2.00006
2.00346
2.00192
2.00145
1.99786
2.01671
1.99818
2.01527
2.0088
1.99884
1.99777
1.9957
2.00057
1.99893
2.00035
1.99727
1.99676
2.01156
2.00798
2.00261
2.00019
2.00154
2.00195
1.99466
1.99325
1.99981
2.00484
2.00374
1.99727
2.00261
1.99856
1.99551
1.99934
2.00396
2.00364
1.99359
1.99896
2.00418
1.99683
2.00468
2.00019
1.99607
2.00399
2.00471
2.0028
2.00028
1.99774
2.00255
1.99475
1.99846
2.00035
2.00377
2.00031
2.00465
1.99912
1.99224
1.99111
2.00277
1.99799
2.00201
1.99563
2.00255
1.99365
1.99997
1.99821
2.0016
1.99284
1.99746
2.00789
2.00789
2.00104
1.99271
1.99988
1.9945
1.99076
2.00669
1.99667
1.99881
1.99425
1.99494
1.99224
2.00009
1.99617
2.00201
1.9967
2.0061
2.0011
1.99827
2.00663
1.99994
1.99994
2.00355
1.99843
2.00223
2.00701
2.00167
2.00484
2.00277
2.00129
1.99959
2.00192
1.99802
1.99972
2.0006
1.99164
2.00245
2.00377
2.00195
1.99727
1.99676
2.00591
1.99799
1.99425
1.99692
2.012
1.98938
1.99234
1.98904
1.99837
2.00088
1.99667
1.9951
2.00534
1.9968
1.99563
2.00371
1.99752
1.99881
2.0109
1.99397
1.99906
1.99607
1.99601
2.00085
2.00248
2.00726
1.9994
2.00192
1.98888
1.99243
1.99384
1.99196
1.99205
1.99507
1.99554
2.00807
1.9924
2.00088
2.00123
1.99805
1.99626
2.00415
2.00562
2.00688
2.00415
1.99937
1.99262
1.99607
1.9891
2.00399
1.99601
1.99771
2.00594
2.00368
1.99736
1.99523
2.00324
1.99039
2.00924
2.00751
1.99676
2.00358
2.00474
1.99507
2.00572
2.00352
2.00569
1.99931
2.00368
1.99353
1.99667
2.00635
2.00556
2.00757
1.99017
2.00229
1.9897
1.99764
1.99567
1.99962
2.00009
2.0061
1.9908
2.00314
2.00038
1.99654
2.00474
2.00449
2.005
1.99626
2.00273
1.99746
2.00211
2.00264
1.99903
1.99171
2.0049
1.99796
1.99428
1.99359
1.99563
2.0044
2.00619
1.99639
2.00255
2.0011
1.99497
1.99551
1.99447
2.00657
1.99548
1.99931
2.00685
2.00119
2.00091
1.99648
2.00955
2.0028
2.00374
1.99463
1.99573
1.99202
1.99893
2.00396
1.99409
2.00415
2.00047
1.99347
2.00198
2.00386
2.0033
1.99852
1.98725
1.99413
1.99639
2.00851
1.99428
2.00679
2.00286
1.9983
1.99237
1.99956
1.99651
2.00635
2.00635
1.99453
1.99623
1.99183
2.005
2.00129
1.99133
1.99771
2.01122
1.99497
2.00622
2.00763
2.00157
1.99815
1.98879
1.9978
2.00217
2.00474
2.0044
2.0093
2.00452
2.00905
2.00148
1.99227
1.99774
1.99978
2.00933
2.00264
2.00185
2.00823
1.99579
1.99676
1.99959
2.00289
1.99868
2.00189
1.99265
2.00368
1.99312
2.00167
2.00245
2.0104
2.00798
1.99428
2.0017
2.00145
1.98941
1.99937
2.00343
1.99777
2.00245
1.99739
1.99689
2.00814
2.00013
2.00123
2.00229
1.99818
2.00672
2.00145
1.99488
2.00239
1.99497
2.006
2.00119
1.99953
2.00251
1.99589
1.9989
2.00418
1.9951
2.006
1.99384
2.00066
2.00314
1.99761
2.00597
2.00459
2.00324
1.99676
2.00525
2.0017
2.00487
2.00255
2.00044
2.0027
2.00217
1.99623
1.99724
2.00547
2.00355
2.00151
2.00977
1.99717
1.9972
1.99865
2.00751
1.99711
1.99742
2.00214
2.00317
2.00346
1.99843
2.00201
2.00113
2.00239
1.99849
1.99805
2.00204
2.00858
1.9912
2.00515
2.0005
2.00544
1.99023
2.00446
2.00207
2.00553
1.99667
1.99306
2.00386
1.98847
1.99915
1.99878
1.99475
1.99862
1.99849
1.99667
1.9957
1.99698
1.99607
2.00462
2.01228
2.00217
2.00006
2.00474
2.00198
1.99413
1.99752
2.00858
1.99786
2.00393
1.99428
2.00795
2.00198
1.9897
2.00242
2.00167
2.00116
2.00198
2.00745
2.00185
2.00248
1.98976
1.99944
2.00613
1.999
1.9979
1.99325
2.00719
1.99915
1.99576
1.99541
1.99686
2.00635
2.00321
1.99981
1.99494
1.99972
2.00883
2.0054
1.99614
1.99805
1.99771
1.99834
1.99598
1.99554
2.00044
2.00069
1.99391
1.99105
1.99611
1.99749
1.99563
1.99956
2.00339
2.00101
2.00292
2.00138
1.99658
1.99997
1.999
2.00562
1.99994
2.0006
1.9968
1.99805
2.00961
1.99975
2.00682
1.99956
1.99698
2.00028
1.99815
2.00408
2.00135
1.99749
2.00553
2.00003
1.99856
2.00522
1.99742
2.00044
2.00116
1.9973
1.98473
2.00537
2.0039
2.00776
2.00534
2.00182
1.99705
1.99824
2.00145
1.99526
1.99585
2.00562
1.98753
1.99903
2.00035
2.00424
2.00361
2.00066
2.01348
1.99862
1.9929
2.00512
1.99749
2.00807
2.00738
1.99689
1.99768
2.006
1.99673
2.00119
1.99551
1.99808
1.99934
1.99868
2.00201
2.00317
1.98857
1.99915
2.0049
2.0028
1.98966
2.01059
1.99805
2.00534
2.00069
2.00038
1.99133
1.99692
2.00097
1.9934
1.98973
1.99667
1.9967
2.00393
1.99856
2.00669
1.99909
1.99922
2.00079
1.99036
1.9907
2.00883
1.99645
2.00908
1.99934
1.99868
2.01034
2.00588
2.00075
1.9897
2.01228
1.99821
1.99463
1.99538
2.00468
1.994
1.9962
2.00641
2.00289
2.01338
2.0027
2.00258
2.00035
1.99868
1.99912
1.99403
2.0006
1.99834
1.99391
1.99573
2.00701
1.99953
1.99959
2.00632
2.00107
1.99491
1.99931
1.99746
2.00072
2.00418
2.00449
1.99764
2.00537
2.0033
1.99193
2.00751
1.99032
2.00132
2.00283
1.99777
1.99812
2.00921
2.00569
2.00116
2.00883
1.99686
1.99504
2.00239
1.99623
1.99903
1.99884
1.99661
2.00619
1.99994
2.00364
2.00324
2.00537
1.99884
1.99771
1.99988
1.99676
1.99658
2.00682
2.00314
1.99962
1.99736
1.9984
1.98916
1.9984
2.00182
2.0033
1.99824
1.99545
2.00386
1.99796
2.00625
2.00245
2.00035
2.00522
1.99928
1.99607
2.00462
1.9972
2.00207
1.999
2.00597
1.9994
1.9994
1.99428
2.00386
1.99764
1.99683
2.00047
2.00405
1.99661
2.00346
1.99852
1.9968
1.99592
1.99808
2.00204
2.00606
2.00211
1.99582
2.00063
2.00057
2.00211
1.99827
2.00157
2.00327
2.00528
2.00459
1.99972
2.00035
1.99981
1.9945
1.99648
1.99786
2.00151
1.9951
2.00167
2.01354
2.01354
1.99651
2.00371
2.00544
2.00449
2.00782
2.01078
1.99582
2.00553
2.00474
1.99871
1.99177
2.00261
2.00311
2.00927
2.00748
1.99695
1.9918
2.00016
2.00277
1.99516
2.00163
2.00892
1.99849
2.00217
2.00443
2.00236
1.99733
2.00075
1.9978
1.9957
1.99733
2.0022
2.00204
2.00214
2.00443
1.98894
1.99174
1.99256
2.00305
2.00427
1.99617
1.99733
2.00647
2.00173
1.99177
1.99808
2.00716
1.99183
2.00468
2.00223
1.99793
1.99768
1.99733
2.01018
2.0017
1.99975
1.99711
2.0044
2.0043
1.99912
1.99589
1.99752
2.00119
1.99133
1.99532
2.00104
1.99293
1.99491
2.00493
1.99673
2.00245
1.99306
2.00732
2.00179
2.00013
1.99604
1.99174
2.00481
2.00346
2.00145
1.9863
1.99557
1.9983
1.99202
1.98571
1.99959
1.99755
2.00386
1.99673
2.0066
1.99947
2.00163
2.00415
1.99761
1.99629
1.99808
2.00097
2.00829
2.00386
1.99519
2.00119
2.00057
2.00327
2.00361
1.99252
2.00009
2.00588
1.99397
1.99752
2.00446
1.99736
2.00154
2.00273
2.00606
2.00594
1.99962
2.00204
2.01373
1.99689
1.99746
2.00189
2.00437
1.99994
1.99441
2.00572
1.9945
1.99278
2.00638
2.00468
2.00082
2.00421
2.00474
2.00075
2.00016
1.99852
1.9957
2.00465
2.00107
1.99526
1.99601
2.00829
2.00474
2.00858
2.0054
1.99705
2.00236
2.00176
1.99981
1.99315
2.00349
1.99802
2.00286
2.00324
2.00421
2.00025
1.99654
2.00471
1.99199
1.9979
1.99086
2.00189
2.00895
2.00591
1.99849
2.00022
2.00145
1.99105
2.00132
1.99431
2.00132
1.99523
2.00022
2.00277
1.99626
1.99589
2.00597
2.00229
1.99108
1.99714
1.99039
2.00317
2.00132
1.9957
2.00418
2.0043
1.99972
1.99372
2.00185
2.00506
1.99491
2.00198
1.99658
1.99796
2.00132
2.00123
1.99909
1.98784
1.99563
1.99812
1.99821
1.99315
1.99981
1.99689
2.00622
1.99409
2.0038
2.00088
2.00116
2.00211
1.99692
2.00035
1.99673
2.00321
2.00163
1.99205
1.98916
2.00371
1.99868
2.00198
2.00207
2.00386
1.99727
1.99067
1.99136
2.00676
1.99906
2.00189
2.0049
1.99378
2.00145
2.00308
1.99149
2.00314
1.99633
2.00267
1.99177
1.9885
2.00789
2.00248
2.00845
2.00594
1.9968
1.99576
1.99098
1.99645
2.00321
1.99365
1.99727
1.99387
1.99281
2.00943
1.99796
2.00003
2.00412
1.99321
1.99488
1.99667
1.98677
1.99177
2.00421
2.00305
2.006
2.00676
1.99422
1.99695
2.00377
1.99906
1.99739
2.00283
1.99799
1.99532
2.0016
1.99818
1.99215
1.99746
2.00283
1.99683
1.99347
2.00393
2.00251
1.99925
1.99516
2.00694
1.99705
2.00465
1.99881
2.00446
2.00883
1.99114
2.00236
2.0033
1.9968
1.99934
1.9962
2.00148
2.01065
2.00189
1.99755
2.00355
1.99859
2.0022
2.00465
2.00151
1.99749
1.99557
2.00255
1.99595
1.99714
2.00355
1.98929
1.99918
2.00308
2.00138
1.99708
1.9945
2.00126
2
2.01288
1.99626
2.00198
1.99485
1.99177
1.99664
1.99837
1.99089
1.99463
1.99918
1.9951
1.99808
2.00242
2.00138
2.00368
2.00632
2.00308
2.00204
2.0049
1.98954
2.00591
2.00525
2.00129
2.00085
1.99614
1.99419
2.00487
2.00261
1.99221
1.99909
2.0005
1.99698
2.00097
1.9923
2.00035
2.00176
2.00233
2.00518
2.00242
1.98831
2.00434
2.00346
2.00025
1.99673
1.99595
2.00192
1.9929
1.99969
1.99174
2.00116
2.00531
2.00138
2.00135
1.99491
1.99824
2.0043
1.99906
1.99931
1.99893
2.00361
2.00371
2.00352
1.99331
2.00518
1.9831
1.98552
2.00063
2.00663
1.99846
1.99648
2.00302
2.00597
2.00657
2.00066
2.00057
2.00126
2.00864
1.99786
2.00211
2.00327
1.99274
1.99614
2.00314
1.99997
2.00031
2.00339
2.00163
1.99969
2.00157
2.00028
1.99611
2.0044
1.99846
1.99906
1.99771
2.00013
2.00635
1.99441
1.99915
2.00628
2.0039
1.99661
1.99708
2.00173
2.00343
1.9995
1.99425
1.99862
1.99582
2.00066
1.99303
2
1.99614
2.00126
1.99824
2.00575
2.00003
2.00182
2.00305
2.00132
1.99909
2.00211
1.99683
1.99768
2.00493
1.99981
1.99925
1.99186
1.99501
1.9973
2.00211
2.00343
2.00292
2.00632
2.00075
1.99849
1.99749
1.99095
1.99837
1.99623
1.99984
1.99174
1.99501
1.99604
2.00465
1.99786
2.00305
1.99903
2.00069
1.9994
1.99384
2.00016
1.9956
2.00961
1.98948
2.00399
2.00151
2.00195
1.99777
1.99739
2.00286
1.99755
2.00207
2.00415
2.00229
1.99966
2.00085
1.99821
1.99777
2.00179
1.9945
2.01401
1.99359
2.00069
1.99852
2.00192
2.00669
1.99884
1.99535
2.00226
2.00038
1.99981
2.00371
1.99391
2.00273
2.00707
2.00437
2.00022
1.99309
1.99984
2.0006
2.0027
2.00484
2.00481
1.9934
1.9929
1.99636
2.00182
1.99862
1.99786
2.00707
2.00201
2.0027
1.99771
1.99651
1.9934
2.00088
2.00493
2.00031
2.00336
1.99821
1.99479
2.00399
2.00025
1.98913
2.00154
1.999
2.00119
2.00427
1.99202
2.00283
1.99884
1.99758
2.00022
2.00207
1.99441
2.00295
2.00129
2.0039
1.99636
1.99761
2.00311
1.99761
2.00179
2.00672
1.99224
1.99321
2.00126
1.99739
2.00968
1.99805
1.99447
1.99774
2.00195
1.99683
2.00182
2.00613
2.00145
1.99683
2.00116
1.99878
2.00176
1.99673
2.00047
1.99523
2.00569
1.99771
2.00299
1.99969
1.99931
1.99208
1.99551
1.99912
1.99925
1.99004
2.00204
2.00176
1.99856
1.99623
2.00704
1.99177
1.99667
2
2.00157
2.00588
2.01024
2.00179
2.00003
2.00148
1.99852
1.99755
2.00418
1.9886
1.99934
1.99387
1.99136
1.99909
1.99978
1.98929
2.00676
1.99764
1.9968
1.99614
1.99117
2.0038
2.00484
1.99601
1.99453
1.98825
2.00757
1.99149
2.00471
2.00443
2.00116
1.98894
1.99469
1.99755
1.99686
1.9951
1.99375
1.99598
1.9967
2.00211
1.99815
1.99956
2.00553
2.00006
2.00069
1.99692
1.99802
2.00333
2.00041
2.00123
2.00908
1.98979
1.99906
1.99648
1.99636
1.99614
2.00135
1.99928
1.99054
1.99472
1.99947
2.00088
1.99318
2.00016
1.99463
2.00594
1.99874
1.99896
2.00204
2.00041
1.99849
2.00424
2.00009
2
2.00591
2.00069
1.99805
1.99761
1.99658
2.00299
1.99441
2.00053
2.00091
1.99727
2.00434
2.00333
2.00352
1.99972
1.99956
2.00113
1.99689
2.00927
2.0033
1.99507
2.00663
2.00647
2.00031
2.00468
2.00726
1.99274
2.00248
1.99589
1.98995
1.99551
2.0022
1.99475
1.99997
1.99331
2.00399
1.99733
1.99607
1.99884
2.00606
2.00729
1.99469
2.00075
2.00368
2.00358
1.99727
1.99243
2.00572
2.00333
1.99328
2.00672
2.00107
1.9929
1.99827
1.98929
1.99425
2.00657
1.99321
2.00688
2.0087
2.00506
2.0027
2.00628
1.99457
2.00493
2.00672
1.99925
2.00236
2.00343
1.99771
1.99793
1.98586
2.00261
2.00116
1.99262
1.99981
1.99768
2.00339
2.00028
1.99859
2.00157
1.99541
1.99865
2.0038
2.00292
2.00437
2.00289
2.00097
2.00672
2.00022
2.00079
1.99727
2.00094
1.99614
1.99585
2.00785
2.00031
2.00474
1.9989
2.00113
2.00402
1.9983
1.99856
2.00352
2.00459
1.99567
2.00141
2.00619
2.00402
2.00754
1.99293
1.99837
1.99786
2.00638
2.00459
2.00386
2.00672
2.00478
2.00198
2.00456
2.00009
1.99007
2.00264
1.99868
2.00047
2.00022
2.00371
2.00277
2.00138
1.99966
1.99746
2.00141
1.99403
1.99918
2.00977
1.99661
2.00584
2.00889
1.99485
1.99978
1.99837
2.00402
1.99777
2.00738
1.98885
2.00016
2.00129
1.99133
2.00449
2.00264
2.00308
2.00129
2.00057
2.00277
2.00283
1.99881
1.99362
1.99984
2.00496
2.00666
2.00019
2.00346
2.00757
1.99984
1.99667
1.99435
1.99893
2.00277
2.00751
2.00738
2.00295
1.99557
2
2.00273
1.99249
2.00317
2.00305
2.00057
2.0033
1.99988
1.99862
2.00119
1.99287
1.99654
1.9983
1.99862
1.99808
1.99444
2.00396
2.01074
1.99161
1.99887
1.99698
2.00544
1.9978
2.00176
2.00726
1.9918
1.98813
2.00371
2.00434
1.99482
1.99224
1.99893
1.99648
2.00889
1.99698
1.99645
2.00217
1.99893
1.99742
1.99805
2.00833
2.006
1.99526
2.00644
1.99592
2.00836
2.00534
1.99133
1.99453
1.99786
2.00496
1.99878
1.99202
2.00512
2.00204
2.00575
1.9935
1.99557
2.00399
2.00317
2.00163
1.99953
2.00741
2.00883
2.00622
1.98897
2.00299
1.99808
1.9995
1.99739
1.99956
2.00588
2.00097
1.99186
2.00358
1.99962
2.00273
2.01191
2.00361
1.99884
2.00019
2.00091
1.99686
1.99444
1.99746
1.99981
1.99777
2.00182
2.00113
1.99764
2.00053
1.99692
2.00343
1.99202
1.99513
2.00082
1.99988
2.00933
1.99557
2.00911
1.99683
2.00226
2.00321
1.99702
1.99526
2.00657
2.00207
1.99224
2.00031
2.00324
1.99953
2.00738
1.99563
2.00223
2.00346
2.00013
1.98988
2.00358
2.00635
2.00317
1.99944
2.00644
1.999
1.99554
1.99874
1.99717
2.00346
1.99871
2.00374
2.00723
2.00041
1.99849
1.99497
2.00163
1.99966
2.00864
2.0039
1.99966
1.99903
1.99422
1.9951
2.00613
1.99912
2.00588
2.00151
1.99975
1.99764
1.99984
2.00233
1.99975
1.99959
2.00119
2.00047
1.99419
2.006
1.99036
1.99485
1.9972
1.99548
1.99023
1.99812
2.00104
1.99733
2.00113
1.99868
1.99397
1.99299
2.00515
1.99818
1.99871
2.0071
2.00248
2.00261
2.00346
1.99639
2.00123
2.00522
2.00085
2.00754
2.00019
1.999
1.99708
2.00157
1.99925
2.00333
2.00182
2.00072
2.00173
1.99972
1.99874
1.99598
2.00324
1.99661
1.99975
1.99695
1.9984
2.00173
2.00267
1.99567
2.00343
2.00236
2.00189
2
2.005
2.00167
2.00079
2.00255
2.00474
1.99849
1.99978
2.00471
2.00016
1.99501
1.9967
1.99956
2.00201
1.99906
1.9994
1.98888
2.00104
1.99645
2.00104
2.00606
2.00295
1.99281
2.00682
2.00383
1.99922
2.00072
2.00009
2.00509
2.00141
1.99994
2.00248
2.00368
2.00588
1.99768
1.9972
2.00038
2.00512
2.00154
1.99428
2.00107
2.00047
1.99821
2.00321
1.99557
2.00072
1.999
1.99501
2.00163
2.00581
1.99991
2.00368
1.99925
1.99988
2.00735
1.9983
1.99805
2
1.9902
2.00478
1.99654
1.99695
1.99824
1.99893
1.99381
2.00145
2.0011
2.00151
1.99937
1.99384
1.99915
2.00273
1.99972
2.00082
2.00236
1.99686
2.00468
1.99749
2.00126
2.00135
1.99871
2.00132
2.00478
2.00305
2.0087
2.00669
2.00148
1.99611
1.99614
1.9994
2.0093
2.00006
2.00415
2.00028
2.00176
1.99394
2.00057
2.00255
2.00763
2.00094
2.00707
1.99758
2.00434
1.99947
2.00022
2.00091
2.00104
1.99193
2.00264
1.9972
1.99749
1.99359
1.99585
2.00251
2.00848
1.99268
1.99331
2.00082
1.99061
1.99362
1.99777
1.99557
1.99768
1.99516
1.99695
1.99922
1.99218
2.00173
1.99724
1.99447
2.00789
2.00528
2.0039
1.9979
2.00895
2.00321
1.99969
1.99978
2.00512
2.00421
1.99821
2.00289
1.99912
2.00625
2.00669
1.99381
2.00233
1.99658
1.99799
1.99633
1.98668
1.99124
2.00987
2.00273
2.00785
2.00408
1.99812
2.00066
1.99824
1.99171
1.99259
2.00053
2.00613
2.0109
1.99937
1.99281
2.00446
1.99837
2.00236
2.00123
1.99698
1.99466
1.99171
2.0054
1.99768
1.99296
1.9902
2.00286
1.99689
1.98992
2.00236
1.99799
1.99554
2.0022
2.00028
2.00531
2.00132
1.98426
2.00735
2.00669
1.99007
2.00512
1.99683
1.99868
2.00217
2.00421
2.00308
1.99903
1.98913
1.99676
1.99604
2.00277
1.99802
2.00113
1.99391
2.00452
2.00185
1.99755
2.00305
2.01021
1.9945
2.00547
1.99984
2.00741
2.00625
2.00041
2.00368
2.00292
1.99783
2.00506
2.00006
1.9983
1.9946
1.99334
2.00094
1.99808
2.01122
2.00025
1.99529
1.99752
2.00914
2.00534
1.9989
2.00245
1.99325
2.00437
1.9979
1.99375
1.99161
2.0104
1.99469
1.99648
1.9978
1.99485
2.00302
1.9967
1.99479
2.00141
2.00135
2.01002
2.00443
1.99563
1.9946
1.99972
2.00465
1.99573
2.01175
2.00211
2.0006
1.99296
2.00069
1.99353
2.00468
1.99259
2.00006
2.0022
2.0033
2.00176
1.98853
1.99856
1.99736
2.0027
2.00013
2.00572
2.00305
2.00418
1.99504
1.99607
2.00418
1.99488
2.00525
1.99365
1.99457
2.00075
1.98721
1.99969
2.00198
1.99962
1.99727
2.00286
2.01118
2.0028
1.99504
2.0044
1.99293
2.00804
2.0054
2.00729
2.00842
1.99884
1.99541
2.0054
2.00135
1.99513
1.99786
2.00251
1.98885
2.00336
2.00506
2.006
2.0028
2.00094
2.00255
2.01118
1.99607
2.00393
1.99463
2.01313
2.00295
2.00028
2.00405
2.00682
2.00581
1.994
1.99076
1.99303
1.99862
1.99922
1.99799
2.00009
1.99887
2.00471
1.99934
1.99673
2.00028
1.99755
2.00072
2.00886
1.99331
1.99585
2.00138
2.00145
2.00173
1.9907
2.00245
2.00204
1.99937
2.00427
2.00167
2.00531
1.99212
1.99878
2.00371
1.99849
1.99149
1.9962
2.00754
2.00412
2.00321
1.99186
2.00434
2.00173
1.99752
2.00013
1.99969
2.0005
2.00842
1.99893
2.00785
2.00855
2.00459
1.99874
1.99654
1.99695
1.99717
2
2.00038
1.99925
1.99488
1.99488
2.00358
2.00075
1.99802
1.99494
1.99127
2.00613
1.99598
2.0022
2.00066
2.00069
2.00349
2.0017
2.00135
2.00261
1.99824
1.99252
2.00245
1.99774
2.00292
2.00616
2.00295
1.99884
2.00625
2.00864
2.00581
2.00063
1.99931
1.99604
1.99874
1.99868
1.99764
1.99661
1.99431
2.01049
2.00035
1.99139
1.99975
2.00597
2.00299
2.00534
1.99698
1.99928
2.00503
1.99972
2.00361
2.01018
2.00487
1.99252
2.00314
1.99296
2.00151
1.99786
2.00943
1.99893
2.00182
2.01188
1.99871
1.99042
2.00264
1.99736
1.99416
2.0098
1.99488
1.99124
2.00264
1.99698
2.00223
2.00443
2
2.01018
1.99453
2.00107
1.99702
2.00364
1.99975
2.005
1.99862
1.9989
2.00676
2.00377
2.00214
1.99818
1.99482
2
1.99259
1.99692
2.00204
2.00757
1.9984
2.00229
2.00204
2.0005
1.99224
1.9956
2.00016
1.999
1.99843
1.99372
1.99516
2.00286
2.00654
2.00468
1.99218
1.99208
2.0028
1.99849
2.00085
1.99507
1.9973
2.00063
1.99931
2.00638
1.99808
2.00066
2.00933
2.00751
1.99925
1.99526
1.99742
1.99758
1.99246
1.99821
2.00063
1.99818
2.00578
2.00836
1.99667
2.00088
2.00088
2.00082
2.00044
1.99991
1.99928
2.00179
1.99161
1.98879
2.00474
1.99906
1.99535
2.00352
1.99997
2.00396
2.00575
2.00666
2.00135
1.99535
2.00195
1.99746
1.99724
2.00405
1.99846
1.99912
2.00851
1.99447
1.99626
1.99416
1.99036
2.00283
1.99689
2.00578
2.00211
2.00914
2.00251
2.00349
1.99676
2.00396
1.99868
1.99463
1.9946
1.99529
1.99887
1.99874
2.00763
2.00324
1.98747
2.00082
2.0088
1.98998
2.0055
1.99928
2.00123
2.00063
1.99645
1.99874
2.00079
2.00053
1.99535
1.99852
2.00386
2.00277
1.99497
2.00229
1.99369
1.99815
1.99196
2.00251
2.00628
1.9972
2.00167
2.00072
2.0005
1.99538
1.99526
1.99868
2.00154
1.99497
1.99381
2.00239
1.99626
1.99698
2.00867
1.9967
2.00424
1.99541
1.99909
2.00317
1.99859
2.00767
1.99909
1.99796
1.99793
2.00022
2.00327
2.00057
1.98772
2.00412
2.00773
2.00364
1.99403
2.00946
2.00528
2.00632
2.00446
2.00038
1.99356
2.00292
2.00817
2.00053
2.0022
1.99654
1.99447
1.99419
1.99984
2.00443
2.00129
2.00229
2.00408
2.00452
1.99796
2.00176
2.00013
2.0038
2.00829
1.99984
2.0038
1.99378
1.9945
2.00091
2.0038
2.00663
2.0005
2.0055
1.99177
2.00189
1.99683
2.00305
2.00167
2.00427
1.99837
2.00321
2.00006
2.00091
1.99686
1.99871
1.98715
1.99925
2.00148
2.00229
1.98998
2.00145
1.99824
1.99633
2.01272
2.00104
2.00063
2.00364
2.00141
1.99491
1.99648
2.00123
1.99981
2.00902
1.9989
1.99984
2.00418
1.99303
2.00364
1.99595
1.99516
1.99937
1.9869
1.9967
2.00041
1.98652
2.00493
2.00085
1.99749
1.99592
1.99717
1.99186
2.00666
1.99494
1.9967
2.00515
2.00393
1.99554
1.98747
2.01002
2.01015
1.99667
2.00189
2.00368
1.99918
2.00063
2.00009
2.01002
2.00531
2.0043
1.99227
1.99856
2.00091
2.00251
2.00654
1.99296
1.99692
2.00223
2.00233
2.00151
1.99846
1.99589
1.99972
1.99397
1.99881
2.00217
2.00965
2.00701
1.99623
2.00427
1.99673
2.00748
1.99764
2.00113
2.00308
1.99742
1.99849
1.99466
2.00522
1.99906
2.00226
2.0049
2.00349
1.99372
2.0061
2.00308
1.99683
2.01096
2.00176
1.99435
2.00204
2.00553
2.00145
1.99934
2.00792
2.00575
1.99972
1.99821
2.00531
1.99654
2.00408
1.9972
2.00591
2.00716
2.00625
2.00088
1.99595
1.99818
2.01326
1.99406
2.00921
2.0016
1.99369
2.00584
2.00088
2.00597
1.99585
1.99771
1.99994
2.00424
2.00126
2.00732
1.99834
1.99595
2.00258
2.00484
2.00694
2.00826
1.99227
1.99353
2.00798
2.00119
2.00484
1.99884
2.00798
1.99381
2.00484
1.99805
1.99221
2.00745
2.00305
1.98916
2.00355
1.99582
2.00785
1.99702
2.0071
2.0005
1.99281
1.9978
2.00185
1.99607
2.00534
1.9945
1.9983
1.99598
1.99545
1.99846
2.00506
2.00308
2.00006
1.99683
1.99953
2.00176
1.99403
2.00251
2.00993
1.994
2.00895
1.99959
2.00132
1.99856
1.99563
2.00355
1.99523
1.99802
2.00019
2.005
2.00082
2.00679
1.99645
1.99852
2.01134
1.9962
1.99733
2.00663
2.00496
2.00292
1.99321
1.99686
2.00302
1.99592
1.99642
1.99717
1.99293
2.01995
2.00792
1.99428
1.99896
2.00132
2.00977
2.00267
1.99849
1.99881
1.99475
1.99758
1.99739
2.00211
2.00408
1.99196
1.99969
2.00141
2.00035
2.00415
2.00031
2.00481
2.00613
1.99749
1.99761
1.99384
2.00371
1.99686
2.00883
2.0043
2.00666
2.00173
2.00085
2.0044
2.00349
1.99076
2.00606
1.99661
1.99928
2.00179
2.00459
1.99937
2.00267
2.00041
1.9983
1.99604
1.99494
1.99903
2.00654
1.99815
1.99843
1.9984
2.00767
1.99755
2.00399
1.99959
2.00242
2.00006
1.99205
2.00057
1.99903
1.99852
2.00066
1.99717
1.99972
2.00066
1.99727
1.99633
1.99114
1.99984
2.0005
2.00509
1.99812
2.00154
2.00239
1.9919
2.0039
2.00242
2.00163
1.99758
1.99312
1.99463
1.99422
1.99862
1.9951
2.00368
2.00726
2.0005
1.99639
2.0065
2.00509
2.00022
2.01062
2.00763
2.00245
2.00072
1.99227
2.00424
1.99764
1.98794
1.98879
1.99808
1.99925
1.99912
2.00242
1.99513
1.99416
2.00792
1.98772
2.00672
2.00028
1.99457
1.99695
2.00405
1.99428
1.99808
1.99353
2.00129
2.00468
2.00069
1.99717
2.00145
2.00478
1.99309
2.00958
2.00157
2.00251
2.00047
2.00057
2.01084
1.99768
1.99975
2.00239
1.99604
1.99529
2.00544
1.99557
2.00226
1.99491
2.00245
1.99221
2.00528
2.00509
1.99303
1.99453
2.00336
2.00383
1.99287
1.9962
2.00097
2.00242
2.00682
1.99174
1.99227
2.00484
1.99695
1.9912
2.00138
2.00311
2.00559
1.99962
2.00462
1.99852
2.00371
2.00446
2.00192
2.00377
2.0011
2.00619
2.00666
1.99966
2.00258
2.00427
1.99406
2.00006
2.00255
2.00063
2.00245
2.00167
2.00512
2.00041
1.99768
2.00452
2.00129
1.99777
1.99815
2.00512
2.00167
1.9951
2.00267
2.00889
2.0017
2.00035
1.99903
2.00135
1.99545
1.99764
1.99607
1.99953
1.99262
1.99749
2.00239
2.00424
1.99567
2.00647
2.00255
1.99409
2.00487
1.9972
2.00355
2.00704
1.99928
1.99416
1.99896
1.99645
1.99667
2.00456
2.00195
2.00289
1.99416
2.00408
2.00053
2.00069
2.00324
1.99205
1.99969
2.00371
1.9972
2.00465
1.99428
1.99538
2.0033
2.00632
1.99777
1.99887
2.00126
1.99937
2.00343
2.00079
1.99617
2.00339
1.99944
1.99868
2.00267
2.00273
1.99598
1.99573
1.99576
1.99852
2.00713
2.00741
2.00273
1.99601
2.00515
1.99808
2.0006
1.99303
1.99799
1.99557
1.99582
2.005
2.00418
2.00116
1.99843
2.00462
2.00053
1.99962
2.00264
2.00217
2.00396
1.9913
1.99585
2.00047
1.99771
1.99887
2.00003
2.00327
1.99375
1.99975
1.99739
2.00666
2.00066
1.99994
1.99161
1.99265
2.00343
2.00123
1.9967
1.99997
1.99444
1.99755
2.00763
1.99347
1.99658
2.00273
2.00691
2.00302
1.99959
2.00041
2.00047
1.99808
1.99397
1.99673
1.99463
2.00921
2.00685
2.00484
2.00097
2.00581
2.00531
1.99714
1.99714
2.01354
2.00698
1.99878
2.00572
1.99133
1.99846
1.98888
2.00113
2.01184
2.00704
2.00638
1.99482
1.99413
2.00003
1.99812
1.99846
2.00041
1.99529
1.99695
2.00217
1.99742
1.99714
1.99645
1.99369
2.00135
1.99416
2.00148
1.99142
2.00462
2.00355
2.00066
1.99629
1.98998
2.00229
1.99793
1.99447
1.99824
2.00371
1.98919
1.99384
2.00456
2.00245
2.0027
2.00682
1.99331
2.00267
1.9994
1.99717
2.00079
1.99824
1.99431
1.9994
1.99812
2.0099
2.00927
1.99108
2.00908
1.99978
1.99532
1.9995
1.99444
2.00192
2.00487
2.00826
1.999
2.00412
1.99871
1.99733
2.00179
1.99714
1.99944
2.0061
1.99802
2.00245
2.00528
2.00041
1.99444
2.00211
2.00936
2.00515
1.99856
1.99793
1.99749
2.0087
1.99755
2.00339
2.00343
2.00732
2.00339
2.00038
1.99061
1.99519
1.99994
1.99727
2.00955
2.00452
2.00025
1.99548
1.98803
1.99708
2.01034
2.00302
1.99837
2.00566
1.99309
1.99711
1.99042
2.00273
1.99551
1.99972
2.00556
2.00182
1.99746
2.00016
1.99702
1.99604
2.00308
2.00531
2.01181
2.00811
2.00547
2.00317
2.0017
1.99636
2.00317
1.99981
2.00421
1.99783
1.99466
1.99658
1.99667
2.00041
2.00547
2.00405
1.99815
1.99425
2.00811
2.00336
2.00525
1.99975
1.9989
1.99457
2.00069
2.00129
1.99604
1.99761
1.99909
1.99676
2.00207
1.99431
2.00343
1.99909
2.00776
2.00685
2.00135
1.9967
1.99262
2.00302
1.999
2.00336
1.99852
1.99978
1.99937
2.00264
1.99764
2.00804
1.99683
2.00066
2.00679
2.00456
1.99937
1.99186
1.99884
1.99475
2.00097
1.99878
2.00031
2.00804
1.99268
1.99903
1.99362
2.00195
2.0017
2.00704
2.00255
1.9984
2.00261
2.00707
1.99903
1.99742
1.99834
2.00242
2.0016
2.00258
1.99903
2.00182
2.01074
2.00069
1.99642
1.99573
1.99526
1.99482
2.00814
1.99208
2.00057
2.00264
2.00917
2.00088
1.98957
1.99676
2.00047
1.98781
1.99299
1.99281
2.0115
1.99783
1.99934
1.99717
2.00207
2.00782
1.99962
2.005
1.99727
1.99827
1.9886
1.99972
1.9989
2.00364
1.99859
1.99874
2.00468
2.00408
2.00075
2.00082
1.99834
2.00773
1.99997
1.99633
2.00038
1.99397
1.99589
1.9994
1.99054
2.00446
2.0065
1.9957
1.9972
2.00836
2.00924
2.01015
1.99541
2.006
1.99431
2.00289
2.00493
2.00635
2.00082
2.00248
1.9869
1.99538
2.00192
2.00515
1.99918
1.99381
2.00006
1.99843
1.99761
2.00386
1.99278
1.99626
2.00851
1.99874
1.99651
1.99281
1.98929
2.00273
2.00729
2.00336
2.00465
1.99067
2.00487
1.99532
1.99896
2.00009
1.99337
1.99991
1.99048
1.99183
1.99372
1.99793
2.00691
1.99504
1.99708
2.00377
1.99884
1.99626
2.00132
2.00352
1.9902
2.00735
2.00145
2.00295
2.00641
2.00226
2.00003
1.99186
1.9973
2.00795
2.00292
1.99871
1.99758
1.99375
2.0044
2.00386
2.00603
1.99676
2.00138
2.00075
1.99281
1.99761
1.99865
2.00556
2.00481
1.99208
1.99777
2.00229
1.994
2.01043
2.00229
2.00038
1.99962
1.99931
2.00826
1.99824
1.99174
1.99246
1.99463
1.99526
2.00277
2.00562
1.99645
2.00151
1.99589
2.00116
1.99874
1.99557
1.99922
1.99463
2.00063
1.99202
2.00449
1.99884
1.99972
1.9989
1.99441
1.99881
2.00179
2.00229
1.99981
1.99742
2.00547
2.01084
1.99598
1.99526
1.99438
1.99667
1.99579
1.99852
1.99127
1.99604
1.99309
2.00299
2.00201
1.99557
2.00201
2.00632
2.0076
1.98941
1.99416
1.99931
2.00239
2.00157
2.00522
1.9978
1.99054
1.99303
1.99821
1.9967
1.99705
2.00644
2.00402
2.01197
1.99306
2.0022
1.99205
2.00233
1.99136
2.00009
2.00399
2.00924
2.00324
1.99604
1.99702
1.99482
1.99934
2.00616
2.00289
2.00163
1.99519
2.00264
1.99752
1.99636
1.98919
2.00069
2.00047
1.99617
1.99749
1.99915
2.00101
2.00217
1.99874
2.00013
2.00317
1.99909
2.00079
1.99394
2.00324
1.99922
1.99353
2.00245
1.99438
2.00402
1.99312
1.99991
2.00713
2.00157
1.99843
2.00424
2.00877
2.00399
1.99714
1.9978
2.0016
2.0016
1.99102
2.00217
1.98725
1.99504
2.00352
1.99221
1.99981
1.99501
2.00258
1.99271
1.99768
2.00691
1.99862
1.9962
1.99397
2.00292
2.00412
1.99174
2.00424
2.00936
2.00456
1.99805
2.00339
1.99714
1.99969
1.99193
1.99676
1.99865
2.00386
2.00025
1.99972
2.00041
2.00496
1.9995
2.00075
1.99761
1.99874
1.99611
2.00462
1.99812
2.00182
2.00116
2.00518
2.00581
1.99931
2.00452
2.00547
1.99849
1.99438
1.99221
2.00669
2.01131
1.99786
2.00035
2.00154
2.0049
1.99431
1.99221
2.00113
2.00069
2.0006
2.00057
2.00113
1.99746
1.99218
1.99742
1.98822
1.99585
2.00418
1.99878
1.99406
2.00236
1.99978
1.99598
1.99017
2.01225
1.99856
2.00173
1.99183
2.00685
2.0038
1.9962
1.99482
1.99617
2.00079
1.99988
2.00245
1.99545
2.00129
1.99846
2.0039
2.00116
2.00528
2.00358
2.00339
2.00057
1.99812
1.99761
2.00044
2.00292
2.00154
1.9956
2.00135
1.98935
2.00157
2.0054
2.00889
2.00785
2.00277
1.99127
1.99925
2.00666
1.99717
2.00368
1.99821
2.00343
1.99494
2.00204
2.00462
1.98957
2.00478
2.00782
2.00474
1.99061
2.00025
1.99642
1.99466
1.99947
1.99988
1.99931
1.99318
2.00569
1.99256
1.99981
2.00192
1.99962
1.99337
2.00009
2.00217
1.99906
2.00229
1.99234
2.00974
1.99504
2.00305
2.01043
2.00496
2.00233
2.00462
2.0028
2.00355
2.00119
1.99746
2.00248
2.00333
2.00679
1.99865
1.99777
1.99865
1.99931
1.99925
2.0022
1.99711
1.99909
1.99818
1.999
1.99127
1.99629
1.999
1.9994
2.00377
1.99535
2.00013
1.9968
1.99944
2.00503
1.98926
2.00339
2.00069
2.00195
2.00022
1.99887
2.00138
2.00305
2.00286
2.00641
2.00154
1.98879
2.00167
2.0017
1.99783
1.99812
2.00377
2.00383
2.00465
2.00393
1.99127
1.99862
1.99834
2.00022
2.00481
1.99036
2.00277
2.00044
1.99909
2.00638
2.00217
1.99815
1.99878
1.99818
1.99435
1.99815
2.00682
2.00138
1.98882
2.00465
2.00207
2.00129
2.00148
1.99925
2.0076
2.0098
1.99981
1.99146
1.99293
1.99212
1.994
1.99994
1.99799
1.99834
1.9957
1.9972
2.00035
2.00286
1.99887
1.99868
2.00566
1.99865
1.99573
2.00644
2.00214
2.01012
2.00292
1.99658
2.00719
2.00459
1.99042
2.00292
2.00336
1.99988
1.99485
2.00028
2.00732
2.00163
2.00211
2.00053
2.00346
1.99334
1.99991
2.00672
1.99325
1.99447
2.00754
1.99472
2.00258
2.00135
2.00685
1.99262
1.99874
2.0033
2.00229
1.99893
2.0005
2.00016
1.999
1.99714
2.00798
1.99852
2.0011
2.00088
2.00283
1.99931
1.98803
1.99296
2.00465
2.00515
1.99416
1.99871
2.00503
2.00723
1.99868
2.00679
1.99991
1.99406
2.0027
2.00248
2.0039
1.99629
1.99642
2.00534
1.99661
1.9994
1.99208
2.00493
2.00179
2.00129
1.9957
2.00104
1.99513
2.00189
1.99702
2.00851
1.99771
2.00261
1.99884
2.00101
1.9989
2.00861
1.99692
1.99733
1.99761
2.00691
2.00075
2.00028
1.99906
1.99567
2.01282
1.99494
1.99168
2.00386
2.00496
1.99387
1.99516
2.0033
2.00578
1.99136
1.99215
1.99758
2.00019
1.99315
1.99164
2.00591
2.00471
2.00157
2.00355
2.00132
2.00066
2.00698
1.99733
2.00924
2.00204
1.9913
1.98885
2.00072
2.00295
1.99997
1.99582
2.00352
1.99321
1.99922
2.00245
2.00273
2.00223
2.00201
2.00402
2.00295
2.00135
2.0033
1.99617
1.99865
1.99874
1.99554
2.00233
1.99742
2.00745
2.00041
1.99224
2.00248
1.99881
1.99234
1.99909
2.00141
1.99808
2.00625
2.00528
1.99589
1.9891
1.9967
1.99834
2.00013
2.00267
2.00496
2
1.99852
1.99155
2.00974
1.9945
2.00239
2.00248
1.99868
1.99761
1.99934
1.99372
2.00958
1.99871
1.99607
2.00141
2.00443
1.99375
2.00456
1.99912
2.00223
2.00343
2.00211
2.00657
2.00735
2.00201
1.99752
2.00751
1.99727
1.99497
2.00242
2.01188
2.00767
1.99076
1.999
1.9951
1.99174
1.99611
1.99947
1.99576
2.00352
2.00176
1.99818
1.99287
1.9978
2.00091
1.99519
1.99774
1.99378
2.0061
2.00283
2.00644
1.99532
2.00327
2.00097
1.99435
1.99689
1.99199
2.00484
1.99585
2.00594
1.99629
1.99617
1.9957
2.00016
2.00349
2.00176
1.99541
1.99972
1.99259
2.00471
1.98982
1.99843
2.0033
2.00785
2.00493
1.99827
1.98847
1.999
2.00691
2.00515
2.005
2.0049
2.00603
1.99742
1.99818
2.00135
2.00185
2.00377
2.00085
1.99843
1.9984
2.00258
1.99698
1.99862
2.0044
2.00782
1.99859
1.98813
2.00189
1.99629
2.00468
1.99246
2.00214
2.00022
2.00377
1.99372
1.99727
1.99755
2.00214
1.99331
2.00104
2.00336
1.99849
2.00333
1.99705
1.99472
2.00025
1.99824
1.99934
1.99981
2.00361
1.99871
2.00478
2.00741
2.00066
2.00324
1.99884
2.00349
2.00305
1.999
1.9934
2.00163
1.99812
2.00229
2.00858
2.00302
2.00022
1.9984
1.99761
1.99969
2.00028
2.00317
2.00207
2.00525
2.00311
1.99714
2.00104
2.0017
2.00176
1.99309
2.00028
2.00679
1.9902
2.00493
2.0028
2.00434
2.00594
2.01009
2.00273
1.99365
1.99724
1.99651
2.00148
2.00145
2.00927
1.99479
2.00443
2.00198
1.9984
2.0005
2.00223
1.99545
2.00757
1.99887
2.00251
2.00452
1.99601
1.99808
2.00456
2.00456
1.99931
2.00537
1.99507
1.99372
2.00082
2.00412
2.00302
1.9957
2.00531
2.00657
1.99441
1.98633
1.99705
1.99956
1.9901
2.00999
1.99871
1.99683
2.00031
1.99821
1.99764
1.99654
2.0049
1.99984
1.9978
1.9973
2.00741
2.00145
2.00616
1.99334
2.00452
2.00251
1.99416
2.00075
2.00349
2.00352
2.00035
2.00069
2.00145
2.00581
2.00792
2.00625
2.00688
2.00201
1.99764
2.00892
1.99516
2.00151
2.00289
2.0055
2.00075
2.00591
1.99419
1.99095
2.00025
1.99802
1.99893
2.00148
1.99944
2.0054
1.99337
1.98979
2.00267
2.00676
1.99944
2.00094
1.9935
1.99988
2.00097
2.00418
1.99048
2.0033
2.00349
1.9869
2.00361
2.00182
1.99639
2.00327
2.00358
2.00456
2.0061
2.00242
1.99852
2.00286
1.9923
2.00694
2.00522
2.0011
1.99859
1.99168
2.00324
1.99881
2.01037
1.99491
2.00314
2.00921
2.00421
2.00176
2.00698
1.99435
1.98216
2.00386
1.99648
1.99862
2.00817
2.00512
1.99636
2.00647
1.99937
1.99994
1.99881
1.99193
1.99347
2.00138
1.9951
1.99821
1.99023
2.00204
2.00584
1.99435
2
1.99168
2.00371
1.99783
2.00066
2.00292
1.99648
1.99202
2.00013
1.98882
1.98926
2.00264
2.00236
2.00185
2
2
1.99607
2.00386
1.99453
1.99852
1.99485
2.00267
2.00207
2.00192
1.99623
2.00346
1.99818
1.98706
1.99661
2.00094
1.99139
1.99579
2.00104
2.00346
2.00176
2.00716
1.9989
1.99815
2.00141
2.00465
1.9984
2.0038
2.00082
1.99711
1.99601
2.00584
1.99494
2.00305
1.9912
1.99381
1.9967
2.00289
2.00842
1.99331
1.99692
2
1.99438
1.99554
1.99428
1.98976
2.00185
1.99557
2.0055
1.99893
1.99925
1.99802
1.98894
2.0006
1.99887
1.99686
2.00983
1.99557
2.00075
2.00308
2.00848
2.00591
2.00198
2.00556
2.00236
1.99834
1.9951
2.00044
1.98935
2.00003
1.99541
1.9919
1.99315
2.00679
1.99805
2.00961
2.00713
2.00185
2.00261
1.99793
1.99497
1.99287
2.00261
2.00606
2.00041
2.00569
1.99378
1.99966
2.00031
2.00767
2.00371
1.99724
1.99736
2.0006
2.00113
1.99862
2.00481
2.00129
1.99607
2.00226
2.00044
1.99359
1.99441
2.00719
1.99394
2.00374
1.99925
1.99312
1.99645
1.99887
1.99029
1.9984
1.9983
2.00207
2.00201
2.00286
1.99582
1.99915
1.99642
2.00031
1.99749
1.99589
1.99321
2.00189
2.01282
1.99918
1.99661
2.00402
1.99786
1.99353
2.00016
1.99969
2.00424
2.00145
2.00223
1.99739
2.00204
1.99639
1.99947
1.99579
2.00371
1.99777
1.99196
1.99808
1.99604
1.99695
2.0017
2.00679
1.99984
2.00481
2.00223
2.00867
1.99614
1.99896
2.00151
1.99799
1.99378
1.9994
1.99918
2.00173
1.99758
1.99934
2.00613
2.00311
2.00685
1.99796
2.00512
2.00132
1.99579
1.99736
2.00833
2.00286
2.00779
1.99268
1.99667
1.99761
2.00302
1.99818
2.00638
2.00299
1.99532
2.0022
2.00022
1.99636
2.00811
2.00198
2.00236
2.00528
2.00157
2.00408
2.00311
1.99636
2.00116
2.00311
2.00371
2.00013
2.00173
1.9946
2.00905
1.9951
1.99155
2.00321
2.0005
2.00053
1.99824
1.9946
1.99472
2.00955
2.00421
2.00088
1.99501
2.00053
1.99563
2.00305
2.00107
1.99567
1.99821
2.00569
1.99199
2.00531
2.00971
1.99519
2.01087
1.99403
2.00782
2.0033
1.99136
1.99994
2.00003
2.00116
2.00826
1.99246
1.99752
2.00242
1.9874
2.00371
1.99786
1.99956
1.99353
1.99133
1.99023
1.99962
2.00581
2.00264
2.00418
1.99227
1.9918
2.00883
2.00211
1.99912
2.00795
2.00179
1.99865
1.9968
1.99365
2.00013
1.9957
2.00597
1.99962
1.99708
2.00534
1.99834
2.00129
1.99878
1.99406
2.00352
2.0061
2.00192
2.00528
2.00229
2.00255
2.00204
2
2.00949
2.00393
2.00277
1.99793
1.99852
2.00192
1.99469
2.00685
1.99048
2.00795
2.00185
2.00226
2.00478
1.99397
1.99984
1.9923
1.99519
2.00641
2.00537
1.99972
1.99146
2.00035
2.00735
1.99293
1.99365
1.999
2.00371
2.00302
1.99966
2.00434
2.00141
1.99648
2.00239
1.99981
1.99827
2.00041
2.00987
1.9979
1.98615
1.99409
1.99786
1.9994
1.9968
1.99837
1.99862
1.99431
1.98794
2.00685
1.99837
2.00776
1.99585
2.00173
1.99925
2.00346
2.00085
1.99406
2.00223
2.00368
2.00113
2.00204
2.00217
2.00129
1.9978
1.99859
1.99472
2.00355
1.99463
1.99541
2.00465
2.00308
2.00358
1.99576
2.00255
2.00126
1.99777
2.00377
1.99978
1.99994
1.9973
1.99812
2.00484
1.99997
1.99523
2.00141
2.00031
2.00063
1.99796
1.99962
2.00723
1.99334
1.99966
2.00097
2.00459
1.99931
2.00518
1.99479
2.00632
1.99611
2.00091
1.99403
2.00503
2.00211
2.00009
2.00336
1.99328
1.9978
2.00559
1.99494
1.99274
2.00669
1.99893
2.00418
1.99661
1.99771
2.00135
2.00129
1.99218
2.00402
2.00339
2.00672
2.00487
1.99896
1.99394
2.00833
2.00971
2.00009
1.99749
1.99764
1.99469
1.99874
2.00657
1.99482
2.00006
2.00311
2.00525
2.00481
1.99859
1.99868
2.00107
2.0054
1.99984
1.99947
2.00368
2.00324
2.00418
2.00094
1.99614
1.9886
2.00785
2.00277
2.0011
2.00028
1.99692
1.99978
1.99676
2.00009
2.00233
2.00412
1.99771
2.00669
1.99881
1.99808
2.00226
2.00217
1.99799
2.0011
2.00305
1.9923
2.00085
2.00104
1.99953
2.00314
2.00091
1.99428
1.99815
1.99676
2.00072
2.005
1.9934
2.00324
1.99931
1.99114
1.99717
2.00091
2.0087
1.99422
1.99739
2.005
1.99947
1.99934
1.99972
1.9864
1.9901
1.99834
2.01103
2.00116
1.9983
2.00044
2.00044
2.00211
2.00412
2.00905
2.00016
1.9945
2.00013
2.00556
2.00041
1.99934
2.00308
1.99645
1.999
2.00113
1.99843
1.99859
1.99909
1.98643
1.99419
2.00242
2.00079
2.00339
1.99557
1.99978
2.00434
1.99959
1.99702
2.00211
2.00311
2.00496
2.00701
2.00424
1.99623
2.00333
2.00277
2.00245
2.00126
1.99422
2.0077
1.99526
2.00229
1.99381
2.00057
2.0006
2.00132
2.00751
2.00616
1.99717
2.00028
2.00025
2.00179
1.99485
1.99152
2.0038
2.00324
2.00676
2.00198
2.00053
2.00138
2.0027
1.99736
1.99387
1.99824
2.00456
1.99692
2.00069
2.00129
1.99554
2.00123
1.9962
1.99582
2.00899
1.9967
2.00487
2.00273
2.00173
1.99513
1.99846
1.99928
2.00713
1.9968
1.99343
1.99994
2.00719
2.00572
1.98857
1.99384
1.99736
1.99802
2.00057
1.9994
1.99862
1.99504
2.00936
2.0011
2.00295
1.99975
1.99874
2.00358
2.00512
1.99997
1.98948
2.00116
1.99463
1.9967
1.99168
1.99849
1.99865
1.99887
1.99947
2.00273
1.99551
2.00126
1.9907
2.00336
1.99369
1.99736
1.99947
1.99705
1.99419
2.00958
1.99777
1.9973
1.99375
1.9995
2.00044
1.99768
2.00361
2.00255
1.99711
2.00094
1.9962
1.9983
2.00126
1.99994
2.01389
2.00245
2.00506
1.99654
2.00509
1.99576
2.0049
1.99479
2.00842
1.99394
2.00126
2.0027
1.99598
1.99764
1.99611
2.00603
1.99947
2.00179
1.9972
1.99981
1.99859
1.99702
1.9973
1.99629
2.00157
2.00211
2.00343
2.00016
1.99654
2.00528
2.00405
2.00016
2.00635
1.99959
1.99306
1.99818
1.99623
2.00751
1.99447
1.99878
2.00434
1.9951
1.9913
1.99937
2.00402
1.99689
1.99991
2.00009
1.99604
2.00327
2.01272
1.99799
2.00167
2.00094
2.00079
1.9897
1.99997
1.99014
2.00349
2.00226
1.99692
2.006
2.005
1.99705
2.00022
2.00289
2.00069
2.00057
2.00396
2.00148
1.99413
2.00537
2.00123
2.00104
2.0033
1.99623
2.0028
2.00057
1.99786
2.00242
1.99529
2.00393
2.00575
2.00101
2.00157
2.00019
2.00236
2.00295
2.00481
2.00415
1.99771
2.00465
2.00163
2.00726
2.00082
2.00138
1.99736
1.9978
1.9968
2.00666
2.00317
1.99978
1.99962
2.00317
1.99978
1.99114
1.99387
2.00405
2.00063
2.00085
1.99538
1.99598
1.99972
2.00242
2.00214
1.99755
1.99937
2.00277
1.99636
2.00113
2.00185
1.99793
2.00154
2.00242
2.00107
1.99312
2.00094
2.00182
2.00848
2.00449
1.99862
2.00292
1.99479
1.99391
2.00283
2.00327
1.99538
2.00795
1.99947
1.99296
1.99158
2.00085
2.00336
2.00459
1.9967
2.0022
1.99758
1.99673
1.99325
2.00855
1.9994
1.99538
1.99783
2.00867
2.00123
2.00415
1.99064
2.00157
2.00418
2.00022
2.00101
2.00663
2.00383
2.00088
1.9956
1.99843
2.00182
1.99808
2.00317
1.99846
2.0005
1.99689
1.9934
2.00503
1.99903
2.00286
1.99887
2.01081
2.00009
1.99931
2.00383
2.00113
1.99287
2.00239
1.99504
2.00167
2.00421
1.99871
1.99576
2.01609
1.99865
2.00468
1.99438
2.00525
2.00694
2.00738
2.00198
2.0137
1.99937
2.0049
1.99881
2.00035
1.99934
2.00311
2.00594
1.99601
2.00135
1.99758
1.99278
1.99648
2.00468
1.99384
2.00691
2.00402
1.99912
2.00399
2.00364
1.99739
1.9978
1.99529
2.00588
1.99799
2.00361
2.00003
1.99234
2.00082
1.99837
1.99271
2.00248
2.00468
1.99808
1.99127
2.00101
2.0043
2.00129
1.99676
1.99529
2.00459
1.994
2.0011
1.99114
1.99887
2.00405
2.0082
2.00277
2.00622
2.00396
2.00308
2.00628
1.99805
2.00311
2.00192
2.00063
2.0006
2.00154
2.00019
2.00594
2.00091
1.99529
1.99673
2.00883
2.00292
2.00151
2.00031
2.00393
1.99871
1.9929
1.99887
1.99667
2.0006
1.99507
2.00506
2.00914
2.00182
2.00324
1.9919
2.00201
1.99846
2.0006
2.00101
2.00462
1.99947
2.00189
2.00968
1.99648
2.00082
1.99912
1.99786
1.99966
1.99692
2.00977
2.00616
2.00569
2.00141
2.00079
2.00242
1.99975
1.98951
2.00402
1.99431
1.99576
1.99918
1.99441
2.00418
2.00044
1.99724
1.99391
2.00361
2.00327
1.9967
2.00597
2.00223
1.99479
1.99834
1.99818
2.00233
2.00371
2.00053
1.99051
1.99491
1.99438
2.01024
2.00022
2.00729
2.00308
1.99717
2.00807
2.00983
1.99966
2.00204
1.98806
1.99966
1.99856
1.9901
2.00233
1.99469
2.00399
2.00493
2.0011
2.00214
2.00478
2.00006
1.99629
2.01417
1.99607
2.00566
1.99849
1.99592
2.01495
2.00657
2.0049
1.99199
1.99758
2.00336
1.99925
2.00738
2.00748
1.99837
2.0011
1.99849
2.00041
2.00374
2.00562
2.00085
1.98948
2.00456
2.00097
1.9968
2.00324
2.00625
1.99362
1.99994
2.00022
1.99922
1.99111
2.00383
2.00622
2.00069
2.00154
1.98696
2.00075
2.00233
1.99937
2.0039
2.0038
1.99736
1.9934
2.00672
2.00094
1.99538
1.99962
1.9967
2.01172
1.99755
2.00104
1.99871
1.99334
2.00628
1.99497
2.00528
2.00267
2.00566
2.00361
2.00019
2.0028
2.0043
2.00861
2.00383
1.99896
1.99764
2.00179
2.00317
1.9979
1.9995
1.99739
2.00666
1.99843
1.99494
2.00242
1.9946
2.00195
2.00569
2.00506
1.99661
2.0038
2.00223
1.99589
2.00204
1.99988
1.98866
1.99626
1.99475
1.99818
2.00572
1.99937
1.99852
1.99617
1.99821
1.99966
2.00974
2.00233
2.00603
1.99727
2.00299
2.00522
2.00141
1.99953
1.99846
2.00016
2.00261
1.99441
2.00299
1.99852
1.99793
1.99293
2.00682
1.99749
2.00141
2.00911
1.99545
1.9973
2.00132
1.99896
2.00763
1.99736
1.99752
2.00591
2.0011
2.00145
1.99742
2.00522
2.00383
1.999
2.00226
2.00211
1.99887
1.98929
2.00151
1.98954
1.99988
2.0039
1.99934
2.00053
1.99915
1.99786
1.99237
2.00031
2.00496
2.00848
1.99626
2.00283
1.99805
2.00035
1.99488
1.98923
1.99962
2.00047
1.99793
2.00198
2.00236
2.00767
2.00129
2.00057
2.00782
2.0065
1.99972
2.00525
1.99714
2.00591
2.00603
1.99535
2.00635
1.99915
1.9979
2.00148
1.98819
1.99686
1.9918
1.98913
1.99551
2.00204
2.00936
2.0005
2.00063
2.0055
2.00402
1.99463
1.99585
2.00239
2.00927
2.00773
1.99614
2.00097
2.00251
2.00327
2.00113
2.00226
2.00299
1.98552
1.99887
2.0033
1.99915
2.00355
1.9968
1.99752
2.00371
2.00468
2.00258
1.99887
1.9957
1.99193
1.99752
1.99931
2.0038
2.00305
2.00707
1.99475
1.99852
1.99535
1.99909
1.99812
2.00066
1.99978
1.99611
1.99708
2.00104
2.00204
2.00484
1.99808
1.99661
1.99504
1.99469
2.00757
2.0054
1.99139
1.99482
1.9983
2.00072
1.98973
2.00047
2.00251
1.99774
2.00273
1.99711
1.99793
2.00085
2.00575
2.0022
1.99922
2.00242
2.00116
2.00126
2.0055
2.00236
1.98831
1.99435
1.99654
2.00412
2.00273
1.99755
2.00364
1.99617
1.99909
2.00368
1.99717
1.99519
1.9912
2.00195
2.00371
2.00569
2.00289
2.0028
2.00757
2.00968
1.99991
1.99299
2.00321
2.00569
1.99639
2.00295
1.9972
1.99519
1.99315
1.9957
2.00393
1.99947
1.99956
1.99972
2.00308
1.99604
1.9995
2.00773
2.00707
2.0049
1.99453
1.99758
2.00503
1.99903
1.99997
2.00286
1.99318
2.01018
1.99469
1.99048
2.00132
1.9979
1.99611
2.00116
1.99526
2.00452
2.00167
2.00443
1.99821
2.00512
1.99881
1.99874
1.99387
2.00038
2.00267
2.00346
2.00452
1.99287
1.99617
2.00355
1.99438
2.00192
1.9945
2.00038
1.99633
1.99453
2.00129
2.00201
2.00807
1.99438
2.00327
1.99431
1.99384
1.99896
1.99944
2.00452
1.9875
2.00154
1.99567
1.99988
2.00566
1.99573
1.99686
1.99391
1.99928
1.9968
2.00264
1.99702
2.00047
1.99783
1.9978
2.00025
1.99557
2.0039
2.00842
2.00449
1.99054
2.00679
2.0076
1.99931
1.99664
1.99755
2.00459
1.9978
2.00321
1.99937
1.99808
1.99548
1.99325
1.99742
2.00107
2.00192
2.00295
2.00025
1.99972
1.99711
2.00361
1.98901
2.00873
2.00983
1.99623
2.00522
2.00006
1.99504
1.99758
2.00321
1.99472
1.99953
1.99516
1.9979
2.01043
1.99849
1.99595
2.00324
2.01238
2.0093
2.00041
2.00936
2.00273
2.00251
1.99475
2.00154
2.00204
1.9956
1.99252
1.99755
1.99519
2.00352
2.00547
2.00496
2.00336
2.00066
2.00506
2.00833
2.00597
1.99815
2.00917
2.00242
2.00226
2.00041
2.00082
2.00308
2.00101
2.00377
1.99702
1.99852
2.00738
2.0071
2.00088
1.99749
1.99736
1.99834
1.99871
2.00754
2.00305
2.00632
1.99925
2.00141
2.00003
1.99812
1.99475
1.99994
2.00688
1.99488
1.99972
2.00368
2.00308
2.00434
2.00317
2.00031
1.99714
1.99824
2.00299
1.99896
2.00251
2.00082
1.99962
2.00189
2.0016
2.00842
2.00719
1.99802
1.99755
1.99504
2.00462
2.00456
1.99676
2.00085
1.99519
2.0033
1.99541
2.00562
2.00346
2.00374
2.00135
2
2.00958
2.00522
2.00072
2.00889
1.99862
1.99852
1.99453
2.00176
2.00465
1.99761
2.0061
2.01034
1.99504
2.00261
1.99749
1.99554
1.99494
2.01031
2.0006
1.99975
1.99585
2.00299
1.99708
1.99837
2.00094
1.99708
1.99623
1.99419
2.00192
1.99554
2.00701
1.99139
2.00167
1.99029
2.00496
1.99874
2.00009
1.99749
2.00537
2.006
1.99648
1.9967
2
2.00289
1.99221
1.99689
1.99934
1.99249
2.0006
2.00267
1.99488
1.99944
1.99328
2.00022
1.99545
2.00572
2.00512
1.99812
1.99548
1.99928
1.9978
1.99654
2.00584
1.99365
1.99764
2.00195
1.99265
2.00173
1.99689
2.00097
2.00141
2.0043
2.00031
2.00911
2.00016
1.99545
2.00148
2.0006
2.00324
2.00041
2.00349
2.00145
2.00716
2.00556
2.00157
1.99862
1.99896
1.99347
1.99878
1.99947
2.00145
2.00421
2.00996
2.00449
2.0038
2.00126
2.00204
2.00726
1.99714
1.99271
2.00324
2.00468
1.98988
2.00452
2.01096
1.99978
2.00261
2.00559
1.99874
1.98643
1.99306
2.00528
2.0061
2.00289
1.99208
1.99215
2.00107
1.99466
1.99783
1.99604
2.00437
2.00522
1.99922
1.9979
2.00006
2.00223
1.99896
1.99994
2.00471
1.99579
2.00597
1.99397
1.99912
1.99799
1.98988
2.00091
1.99739
1.98988
2.00132
1.99362
2.00192
2.00446
1.99821
1.99158
2.00223
2
2.00421
2.00116
2.00057
1.99315
1.99667
1.99871
2.00041
2.00757
2.0016
2.00443
2.00836
1.99497
2.00701
2.00393
1.9994
1.9886
2.00512
2.00647
2.00217
1.99802
1.99705
1.98813
1.99774
1.98844
1.99639
1.99878
2.00544
2.00305
2.00446
2.00069
1.99576
2.0049
2.0044
2.00311
1.99997
2.00082
1.99994
2.00182
1.99117
2.00248
2.00038
2.00179
1.99391
1.99856
1.99708
2.00767
1.9978
2.00069
2.00509
1.99497
1.99585
2.00292
2.00364
2.00591
1.99824
1.9983
1.9984
1.98926
2.00069
2.00446
1.9968
1.99988
2.00358
2.00456
2.00374
2.0126
2.0017
2.00383
2.00408
1.99771
1.99529
1.98816
1.9886
2.00189
2.00091
2.00421
1.99931
1.99749
1.99394
1.99168
2.00358
2.00713
1.99918
1.99808
1.99265
1.99592
1.99859
2.00983
1.99837
1.99623
1.9978
2.00468
2.00314
2.00471
2.00503
1.99752
2.00123
1.99834
1.99507
1.99551
1.99805
1.99827
2.00402
2.00393
1.99554
2.00123
2.00094
1.99466
1.99887
1.99705
1.99862
2.00638
1.99475
2.00302
1.99127
1.99262
2.00132
2.00361
2.00578
1.99865
1.99614
2.00434
2.00496
2.00757
2.00682
1.99695
2.00151
1.99032
1.99771
1.99937
2.00569
1.99896
2.00638
1.99893
1.99548
2.00273
1.99934
2.00019
1.99755
1.99623
1.99029
2.00452
1.99259
2.00217
2.0038
1.99645
1.99868
1.99868
2.00682
2.00154
2.00917
2.00773
1.9935
2.00035
1.99708
1.99563
2.00038
1.98816
1.99918
1.99164
2.00151
2.00566
1.99749
2.00814
1.9924
2.00097
1.99815
1.98897
2.00663
1.99975
2.00921
2.00415
1.99114
1.99604
2.00016
1.99761
1.99918
2.0005
2.0039
1.99796
2.00735
2.00239
1.9979
2.00245
2.00468
1.99846
2.0039
1.99435
1.99604
1.99676
1.99887
2.00176
1.99994
1.99554
2.00613
2.00763
2.00317
2.01304
1.99633
2.00088
2.00101
1.99256
1.9935
2.0005
1.99837
1.99585
1.9979
2.00616
1.9913
1.99981
1.99777
2.00333
1.99548
2.005
1.99796
2.00176
1.99808
2.00145
2.00487
1.99724
2.00019
2.00163
1.99664
1.99431
1.99582
2.00236
2.00594
1.99739
2.00968
2.00189
2.00053
2.00091
1.99878
1.99752
2.00192
1.99821
1.9994
2.00119
2.00559
2.00396
1.99884
2.00848
2.00688
1.99601
1.99739
1.99752
2.00292
1.99849
1.99824
1.99805
2.0006
2.00308
1.99485
1.99296
2.00075
1.99479
1.99604
2.00163
2.00405
2.00939
2.00955
1.99523
2.00767
2.00434
2.0016
1.99956
1.99893
2.00685
1.99856
1.99664
1.9994
2.00013
1.99827
2.00343
2.01144
2.00443
1.99764
2.00229
1.99661
1.99988
1.99758
2.0038
1.99234
2.00264
2.00079
1.99689
1.99852
1.99529
1.98175
2.00704
1.99994
1.99328
1.99567
2.0016
2.00107
2.0038
2.00352
2.0054
2.00443
2.00302
2.00151
2.00632
2.00148
2.00132
1.99702
1.99416
1.99102
2.00672
1.99403
1.99997
2
2.00182
2.00006
1.99582
2.00185
2.00883
2.00198
1.99504
2.00468
2.00085
2.00104
2.00902
1.99651
1.99739
2.00129
1.99887
1.9962
1.99827
1.99871
2.00698
1.99447
1.99683
1.99567
2.0005
1.99287
1.99017
1.99626
2.00063
2.00864
2.00352
1.99774
2.00427
1.99824
2.00368
1.99981
1.99551
1.99529
2.00019
1.99532
1.99733
2.00343
2.00075
2.00314
2.00358
1.9945
2.00075
2.00943
1.99906
1.99312
2.00013
1.99714
1.99648
2.00211
1.99519
1.99667
1.99419
1.99397
2.00729
2.00138
1.9913
1.99925
2.01257
2.00079
2.00079
1.99812
1.99604
1.99413
2.00449
2.00628
2.00415
1.99812
1.999
1.99736
1.99931
1.99903
1.99306
2.00364
1.99281
2.00591
2.00669
1.99428
1.99453
1.9962
1.99931
2.00113
1.99651
2.00317
1.99007
