1.99617
1.97669
2.00748
1.98234
1.98234
1.98234
1.98234
1.98234
1.98234
1.98234
1.98234
1.98234
1.98234
1.98234
2.00434
1.99585
1.99083
1.97952
1.98486
1.97418
1.98863
1.99428
1.98046
1.98737
2.00151
1.99523
2.00088
1.99617
1.98203
2.01753
2.02884
2.00685
1.99585
1.99585
2.01408
2.02381
2.00025
1.98831
2.00528
2.01345
2.03795
1.99303
2.02287
2.01816
1.98297
1.98172
1.98863
1.9836
2.02884
2.00465
2.00559
2.02099
1.97858
2.00496
2.00151
1.97983
1.98549
1.98549
2.01722
2.02758
2.01125
2.01565
2.0323
2.00905
2.01942
1.98329
1.99208
2.01659
1.99837
1.9924
2.02821
1.98172
1.99491
1.99083
1.96381
2.02727
1.99051
2.00496
2.01533
1.99271
1.99083
2.01031
2.01093
2.03104
2.02319
1.99523
2.00151
1.999
2.00528
2.0125
1.99051
2.00277
2.00402
1.99962
1.98329
1.98454
1.97449
2.01784
1.99554
1.97763
1.99114
2.00245
1.99365
1.99177
2.00528
2.00025
1.99334
1.98329
2.03073
1.99994
1.99208
1.98423
2.00465
2.01502
1.98957
2.00622
1.98423
2.00119
2.02036
2.01942
1.99083
1.99962
2.00182
1.99491
1.98926
1.97732
1.98611
2.00119
1.98297
1.98297
2.00214
1.999
1.99365
1.99303
1.99303
2.01093
1.97481
2.01816
1.999
1.99177
1.99742
2.01659
1.98706
2.01816
1.99805
1.98203
2.02036
1.99742
2.02821
1.9946
2.01439
2.00905
2.00685
1.99083
2.00245
1.97072
1.99083
1.9902
2.01125
2.0125
2.00402
1.97795
1.95878
1.99868
2.02884
1.99648
1.98894
2.00245
1.99742
2.02853
2.02193
2.00339
2.01219
2.01565
1.97449
1.99491
2.00968
2.03387
1.99428
1.999
2.00528
2.02193
2.01031
2.00402
1.99365
2.00842
1.9792
1.98517
2.00182
2.01188
1.97732
1.9902
2.01439
2.00748
1.96727
2.00277
2.00842
1.97575
1.97323
1.9836
1.98109
2.01156
2.00622
2.01031
1.98988
2.00025
2.01627
1.99271
2.01596
2.00182
1.98706
2.00119
2.03073
2.00936
2.00528
2.00685
2.01439
1.98517
2.01753
2.00811
1.97732
2.01722
1.98423
2.01125
1.99146
1.9814
2.02947
1.99491
1.97858
2.0301
1.99271
2.01031
1.99742
2.04046
2.00088
1.99208
1.99962
1.97983
2.04078
1.98109
2.01062
2.01093
2.01376
1.99083
1.9968
1.99648
1.97229
1.97166
2.02224
1.99805
2.00591
1.99365
2.01376
2.00716
2.01722
1.98988
2.02476
1.99962
2.0147
1.98234
1.99208
1.99083
2.00245
2.0169
2.02319
1.97983
2.03827
2.02727
1.98737
2.01722
1.9792
2.0235
2.01596
1.99397
1.99994
1.98172
1.99837
1.98392
1.99146
1.98234
1.98549
1.97135
1.99585
1.97135
1.98549
1.99271
1.96664
2.02099
1.99962
2.01879
2.02633
1.99774
2.00465
1.9946
1.98706
1.98015
2.02915
2.00591
2.01565
2.00654
1.98203
2.03638
1.99083
1.98454
2.00025
2.00245
1.98297
2.00968
1.96664
1.99146
1.99962
2.02664
2.01942
2.00968
1.98329
2.00654
1.999
2.00151
2.00559
1.9968
2.02978
1.99554
1.99805
1.97889
1.99962
2.02224
1.99491
1.97826
2.00842
2.03261
2.02161
2.01031
1.99271
2.00936
1.99397
2.00936
1.9836
2.01125
1.99931
1.98737
1.99491
2.02633
1.9968
1.99931
2.00025
2.01816
1.99491
2.02004
1.99146
1.99585
2.00685
2.01408
2.01376
1.99805
2.00308
1.97983
2.01784
1.9946
2.0235
2.00057
1.99523
2.00748
1.98926
1.96475
1.99837
1.9968
2.01722
2.00308
2.02444
1.977
2.00748
1.99648
1.98486
1.98926
2.02538
1.99334
1.99585
2.01502
1.99271
1.97732
2.01313
1.98706
1.98549
2.00214
1.99208
1.9924
1.98926
1.97104
1.9968
2.00496
2.01219
1.98643
2.02978
2.01188
2.00151
2.00151
2.01753
1.99931
2.01125
1.97732
2.00622
2.00779
1.99962
1.99083
1.99962
2.00811
2.00402
1.97009
1.99805
1.99837
1.98769
1.98203
1.99585
2.04298
2.02507
1.97543
2.00371
1.98517
1.99868
1.999
2.01031
2.00119
1.97198
1.97261
1.98234
2.02664
2.00182
1.99208
2.02381
2.01973
1.98517
1.99868
1.99303
2.00842
2.01408
1.98611
1.99051
2.00559
1.99428
2.00119
1.97512
2.01596
1.99051
1.99114
1.99994
1.98203
1.98517
1.99648
2.00465
2.00025
1.96192
1.99397
2.00214
2.03544
1.99523
1.99585
1.98392
1.99554
1.99648
2.02193
2.02758
2.03167
1.98643
2.00811
2.00559
1.96318
2.0191
1.94684
1.98423
2.00905
1.98329
1.97104
1.98926
2.00905
1.99334
1.98549
2.0147
1.99083
2.00936
2.01533
1.98454
2.02287
2.00182
1.9924
2.00182
1.97261
2.0169
2.01188
2.00716
1.99491
2.02915
1.99617
2.00685
1.99397
2.0125
1.99837
2.00905
2.00842
2.00716
1.98454
1.96632
2.01062
1.99083
2.00465
2.00999
1.98234
1.98957
1.98706
1.96821
2.00465
2.02853
1.977
2.00025
2.00214
2.01659
1.98203
1.99271
1.99083
1.99648
2.00182
1.99208
1.99303
1.99491
1.9814
2.00434
1.99837
2.01408
2.00842
2.00654
1.99994
1.99585
2.01031
2.00842
2.00842
2.02161
2.0147
1.97481
1.9924
2.01784
1.99931
2.00999
2.02696
1.9858
2.02067
1.99931
2.00182
1.97072
1.97292
1.97638
1.98423
1.99114
2.0169
1.99585
1.99146
1.99617
2.00591
2.00402
1.9924
2.02067
1.99931
1.98611
2.02727
2.01784
2.01502
2.00936
2.00559
1.999
1.9902
2.00025
2.02915
2.00716
2.0147
2.01219
2.02319
2.00811
2.00654
1.98077
2.01313
1.98737
1.99397
2.0213
1.99868
2.01596
1.99208
2.01313
1.99208
1.97732
2.00905
2.01659
1.9902
1.98643
2.02727
2.00088
1.98674
1.9924
2.00654
1.98674
1.97763
2.00025
2.00151
2.00716
1.9814
2.01313
1.98769
1.98109
2.00842
2.01408
2.00528
1.99334
2.00339
2.00465
2.01847
2.00716
2.03889
2.00811
2.00559
2.00811
1.98297
2.00182
2.00119
2.01502
2.00999
2.01973
1.99805
2.00654
2.01031
1.98203
2.00245
2.00214
2.00119
2.00339
1.97858
1.96978
2.01031
2.00528
2.00214
2.01031
2.02036
2.0125
2.00245
2.01376
2.0125
2.00591
1.99051
2.01408
1.9968
1.99617
2.01282
2.02821
2.00873
1.99428
1.99397
2.01847
2.00936
2.00559
1.99523
2.00622
2.01722
2.00308
1.98769
1.99334
1.99428
2.00339
2.00591
1.98737
1.9858
1.97575
1.98109
2.01847
2.02601
2.0235
1.99962
2.01031
1.98392
1.999
1.99303
2.01502
2.01031
2.00905
1.99208
2.00654
1.99114
2.00025
2.00371
2.01973
1.9968
2.01816
2.02224
1.97732
1.98046
2.03073
2.01627
2.02696
2.00779
2.00685
1.99303
2.00119
1.999
1.98737
2.00339
1.98643
2.01942
1.98957
2.00528
1.99428
2.00214
1.99334
2.01376
2.00339
2.00654
1.98329
1.99208
1.98737
2.00936
2.01879
2.00905
2.00716
2.00559
2.01188
1.99617
2.02601
1.99051
1.98643
1.99711
2.01188
1.99523
2.02444
2.00214
1.98706
2.02224
2.01627
1.98266
2.00716
1.97606
1.99114
2.03073
1.99365
2.02224
1.97575
1.99365
2.01031
2.00245
2.01439
2.01439
2.01659
1.98831
1.99146
2.01596
2.00905
1.97355
1.99365
2.00496
2.00277
2.00905
2.0125
2.00559
1.9968
1.98831
2.01439
1.99585
2.01502
1.99083
2.00088
1.99208
1.97606
1.99083
1.97355
2.00214
1.98297
1.99428
2.00779
1.99931
1.99334
1.99805
2.02444
1.98957
2.00434
1.98549
1.99146
2.00465
1.99491
1.9968
2.01219
2.00811
2.0147
1.99365
1.98234
1.96035
1.97889
2.00811
1.9902
2.01282
2.01502
2.0213
1.97543
2.02947
2.0125
1.99177
2.01219
1.9836
1.97261
2.03355
1.9858
2.01408
2.02067
2.00654
2.02853
1.97763
2.01942
2.00277
2.00402
1.99365
2.00434
1.99051
2.00716
1.97638
1.98611
2.01627
1.99334
1.98926
2.01722
2.01156
1.98611
1.99648
1.9924
2.01753
2.01408
2.00811
2.02067
1.98015
2.00434
2.00402
1.98266
1.9836
2.01596
2.02287
1.9792
1.99962
1.99303
2.00716
2.01313
2.00748
1.98706
1.99585
1.98234
2.00465
1.99491
1.96318
2.01659
2.00182
1.99146
1.99837
2.00308
2.01219
1.99554
1.97638
2.02319
2.00716
1.98926
2.00057
2.00277
1.99114
2.00402
2.00842
1.97669
2.01093
1.97638
1.99554
1.99805
2.01565
1.97669
2.00119
1.9946
2.00559
2.0213
2.01565
1.99868
2.0125
2.00999
1.97355
1.98643
1.98549
2.02538
2.01282
2.01596
1.98988
1.98015
1.99742
1.98957
1.9792
2.02538
2.01156
1.98392
2.02507
2.01093
2.00622
1.9946
1.98863
1.99491
1.97449
2.02067
1.99491
2.02413
2.02319
2.01345
1.98454
2.00528
2.00622
1.99365
1.97732
2.02067
2.01722
2.01408
2.00277
1.96884
1.9902
2.00685
1.9792
2.00214
1.9836
1.98831
2.01282
1.98423
2.02633
2.00371
2.02821
1.99428
1.95501
2.00434
1.97418
2.01031
1.98392
2.00779
1.98015
2.00873
1.99365
2.00999
2.00308
2.00119
1.99774
1.977
1.99617
1.98266
1.98674
2.00214
1.99774
1.99083
1.98297
2.02853
1.9814
2.01942
2.00748
2.01659
1.98894
2.0323
2.01156
1.98046
2.00685
1.95187
1.9792
1.9924
2.02758
2.00622
1.98109
1.99271
2.0169
2.00936
2.00905
2.0279
2.01784
1.988
1.98988
1.99208
1.99177
2.00402
1.9924
1.97638
1.99428
2.00559
2.03261
1.99365
2.00277
1.97041
2.02884
2.02036
2.00308
1.97512
1.99931
2.00434
2.00842
2.0169
2.01627
1.97481
1.97512
2.00842
2.00371
2.0191
2.02004
2.03135
2.02256
1.98109
1.99774
1.99617
1.9902
2.01376
1.96915
2.01031
2.01313
1.999
2.02161
1.99208
1.98926
2.00496
2.01125
2.00151
1.9902
2.01784
1.99617
2.00748
2.00622
1.99271
1.97543
1.99083
1.98109
2.00905
1.97983
2.00057
1.99208
1.99051
2.02413
2.02193
2.01219
2.00685
1.99051
1.99523
2.01627
1.98266
2.00528
2.01156
2.02067
1.98863
1.99271
2.01376
1.9792
1.98706
1.99303
2.00842
1.99931
1.98957
2.00622
2.00936
1.99774
2.00402
2.01502
2.01282
2.00402
1.99805
1.99648
2.00654
1.97826
2.01847
2.00057
2.0125
2.02161
1.99083
2.02099
1.9946
1.98517
1.99742
1.9814
1.98769
2.03292
1.97952
1.98203
2.00465
2.00559
1.9946
1.99868
1.98109
1.99805
1.97292
1.97732
2.02601
2.01439
2.02319
1.98046
2.00905
1.96915
2.00622
1.99774
2.01376
2.0147
1.98674
2.03732
1.97795
1.99303
1.98674
2.00685
2.00119
1.98988
1.99774
2.00434
2.01659
2.02004
2.01408
2.00842
2.0279
1.99114
2.01879
1.99742
1.98517
1.99177
1.9924
1.99931
1.97669
1.95407
2.00277
1.98926
2.00528
1.99931
1.99554
1.98706
1.98517
2.00339
1.99083
2.01627
1.99711
1.98769
2.00151
2.01659
2.02664
2.01439
1.98297
1.98549
1.9902
2.02036
2.02696
2.01502
1.99617
1.98769
1.99931
2.0169
1.98957
1.9814
2.01973
1.99805
2.02381
2.02319
2.00842
2.01879
1.99083
1.99303
1.99868
2.00277
2.00936
2.01565
1.98831
1.99397
2.00182
1.977
2.01062
1.9792
1.99271
1.98266
1.999
2.00905
2.00968
1.99303
1.99114
2.00151
1.99931
1.97449
1.98957
1.98234
2.01376
2.00245
2.00339
2.01031
1.98831
1.988
2.00371
1.98517
2.00716
1.99585
2.01313
2.00559
1.999
1.99648
1.9836
1.97229
1.99774
1.98957
1.97104
2.00151
1.99491
2.02413
2.02193
2.00811
1.96946
1.99334
1.98706
1.98329
1.99554
1.97198
1.99365
1.99397
1.97261
1.97606
1.988
2.00999
2.00057
1.98863
2.00025
2.00905
1.97858
1.99365
1.97638
2.00779
1.999
2.01659
1.99962
1.9814
2.01062
2.00873
1.98454
2.00151
1.99083
2.02287
2.00088
2.00591
1.9814
2.00936
1.98423
2.01031
2.01847
2.00654
1.98329
2.02067
1.99617
2.00936
1.99962
2.00308
2.02978
2.03292
1.98737
2.00434
1.98706
1.97983
1.98046
1.99303
1.99868
2.00591
1.98454
2.02036
1.99962
2.00811
2.02821
2.01502
1.99617
1.99334
1.97606
1.97952
2.00591
2.03984
1.98454
2.02099
1.99365
2.00057
2.0169
2.00905
1.99397
2.01093
1.988
2.00182
2.01753
1.96695
2.01345
2.00528
2.03355
1.9946
2.01659
2.02507
2.00402
2.00779
1.99962
2.01282
1.98769
2.00119
2.00465
1.97606
2.03921
1.99523
1.98957
2.02161
2.02067
2.01627
2.00182
1.99994
2.00434
2.01376
2.00308
2.00339
1.99397
2.03512
2.02381
2.00811
1.99837
1.99774
2.00371
1.98926
1.99051
1.99397
1.999
1.99994
2.00057
2.02821
2.0213
2.00905
1.99428
2.00811
2.00842
2.01031
1.99962
2.00402
2.00182
1.98549
1.98454
2.00591
1.96852
2.01627
2.00528
2.01565
2.00339
1.98454
2.03292
2.00779
2.01156
2.00622
1.98109
1.99868
1.98988
1.98769
1.96475
1.98454
1.97229
1.97795
2.00873
2.01784
2.00151
1.97889
1.99051
2.00088
1.98486
1.99491
2.02727
2.00559
1.99994
1.9858
1.96821
1.98172
2.0257
1.99585
2.00779
1.99994
1.9792
2.02381
2.00025
2.00685
2.01282
2.00873
1.97952
1.97512
2.01533
2.01533
1.98957
1.9814
2.00182
1.99271
2.01188
2.00088
2.00434
2.01879
1.99805
2.01784
2.00182
1.99994
1.98957
1.96946
2.03198
1.98926
1.99208
2.00496
2.01753
1.99177
2.00716
1.98926
2.00999
2.00025
2.02036
2.00465
2.03167
2.03073
1.99146
1.9968
1.99365
2.00057
1.99051
1.97826
2.00873
1.99114
1.96318
1.99648
2.01031
2.02696
2.00057
2.03324
2.02381
2.02193
2.00968
2.02507
2.00968
1.99837
1.977
1.96852
2.00654
2.02538
1.99742
1.98392
2.00622
1.96664
2.01596
1.98988
2.00182
1.98957
2.00308
2.0125
1.98109
1.99711
2.01219
2.00339
2.01439
2.00277
1.98769
1.98863
1.99648
2.00873
2.00057
2.00151
2.00214
2.01784
2.01282
1.98423
2.01219
2.01093
1.99177
2.00936
2.01031
2.01502
2.00371
1.95847
1.99742
2.01816
2.00434
1.99365
1.99837
1.97481
1.97481
1.9858
2.01784
1.9814
2.00277
1.9968
1.98706
2.01565
1.98611
1.99114
2.02758
2.01031
1.99805
2.00811
2.00591
2.01313
2.00685
1.99617
1.9924
2.01942
2.01219
2.0191
2.01408
2.00559
1.98737
2.01093
2.0279
2.00905
2.01942
1.9946
1.98297
1.98046
2.0147
2.00873
1.98486
2.00214
2.0257
2.01031
1.97983
2.00088
2.02413
1.99931
2.00905
2.02601
1.98894
1.99617
2.01313
2.00842
1.99083
1.98234
2.00528
1.9946
2.00528
2.00968
1.999
1.99585
2.00716
1.99774
2.00308
1.99523
1.99428
2.01847
2.01376
2.00685
1.98549
2.01784
2.01188
1.99428
2.01753
1.98423
2.00622
2.00088
1.98329
2.01816
2.01282
1.97481
2.00685
1.95878
1.99585
2.01753
1.98392
2.00716
1.99617
1.98517
1.9968
1.97418
2.01533
1.9902
1.98297
1.98926
2.0147
2.00245
2.01533
2.00748
2.00371
1.98957
2.00339
2.00591
1.9902
2.00873
1.98706
1.988
2.01816
2.00434
1.98046
1.98234
2.00873
2.00245
1.99051
1.99303
1.9968
2.01879
1.97575
1.99051
1.98297
2.00591
2.02444
1.98674
1.99994
2.01722
1.99585
2.01439
2.00402
2.00245
2.01093
1.98643
2.00936
2.00025
2.01502
2.01156
1.99742
1.98863
1.99303
1.99554
2.00622
1.9836
2.00496
2.01313
2.01282
2.00339
1.99648
2.00716
2.00936
1.98831
2.00245
2.03135
2.00528
1.97543
2.00685
2.00119
2.01627
1.98077
1.99083
2.03198
2.00559
1.99868
1.99617
2.0147
1.99554
1.97763
1.98706
2.00371
1.99837
1.99648
2.00151
2.02193
2.0279
2.02193
1.98737
1.98109
2.03104
1.98957
2.00245
1.98706
1.98423
2.00308
1.97198
1.98611
2.00182
1.97481
2.01439
2.01596
1.98643
2.00151
1.98831
2.02476
1.9858
1.9902
2.02099
1.96978
1.99491
2.01847
1.98329
2.01093
2.00654
2.01659
1.99805
1.97104
1.98957
1.98046
2.00591
2.01125
2.00057
2.00685
1.999
2.00654
1.99334
1.9569
1.99994
1.988
1.99554
1.98423
1.98957
2.00434
1.99962
2.01753
1.97732
2.00905
2.00654
2.00559
2.03292
2.00559
2.01816
2.00559
1.99523
2.01376
2.00182
2.01093
2.00434
2.02287
1.98392
1.98769
2.01376
2.00591
2.01031
2.04612
1.988
2.01439
1.98486
2.00214
1.99837
2.01313
2.00968
1.99083
2.00339
1.97261
1.99805
1.99554
2.03261
1.99365
1.99303
2.03387
2.01942
1.99397
1.9858
2.00654
2.00434
2.01345
2.00748
2.02319
1.98643
2.02413
2.02099
2.01031
1.97889
1.98894
2.00402
2.00748
2.00057
2.00685
2.00685
1.9858
1.99334
2.00748
2.02884
2.02884
2.02444
1.99994
1.9924
1.99742
2.02444
2.00591
2.01816
2.0235
2.01596
1.98894
1.99931
1.99805
2.00999
2.01313
2.01156
2.00968
1.98674
2.00811
2.00936
1.98454
2.00654
2.00182
2.02821
2.00685
2.01533
1.99648
1.97543
2.00245
1.97952
2.00151
2.00277
1.98863
1.99397
1.99208
1.99051
2.00654
2.0125
1.99774
2.01125
1.99146
2.00685
1.97952
1.98706
2.01188
2.01062
1.99114
1.99491
2.01156
1.99177
1.99585
2.00245
2.01345
2.04078
1.98926
1.99805
1.98611
1.97638
2.01816
1.98674
1.98674
2.00716
2.00654
2.00905
1.99146
1.98109
2.00685
2.00842
1.99962
1.99617
2.00999
2.00371
1.99083
2.01408
2.01659
1.98392
1.99711
2.01973
1.98015
2.01408
1.988
2.00214
1.99994
2.01784
1.98234
1.99365
1.98517
1.97575
1.99931
1.98423
1.98329
2.02287
2.00873
2.01031
2.00685
2.00245
1.9792
1.9946
1.99585
1.98266
2.01282
1.9968
1.99774
1.97323
2.00873
1.97669
2.00277
1.96727
2.00685
2.03104
1.97135
2.00591
2.00151
2.00654
1.99931
2.01282
1.99931
2.00245
2.01942
2.00873
1.99554
1.96475
1.99931
1.988
1.99365
2.0125
2.01219
2.04204
1.98926
2.02381
2.00559
1.97261
2.00622
2.01753
2.00528
2.00057
2.01879
1.98894
1.99334
2.00716
2.01282
1.98109
2.00151
1.98957
2.02036
2.00465
2.03387
2.01156
2.01753
1.99523
2.01031
1.99491
1.98077
1.98706
2.00842
1.99837
2.00339
2.01376
1.99774
1.98894
1.9924
2.00685
2.00308
2.01753
1.99617
2.04518
2.01062
1.98549
1.96946
1.98831
2.02099
1.96727
1.98454
2.00465
1.98988
2.00779
1.99742
1.96381
1.99648
1.999
1.97889
2.0169
1.99303
2.02319
2.01313
2.00716
2.01942
2.01502
2.01722
2.00214
2.00873
1.98203
2.00748
2.00434
2.01031
1.98329
2.01784
2.00842
2.00685
1.96946
2.01847
2.01596
1.99177
1.99365
2.00842
2.02821
2.00842
2.00465
1.9858
2.00654
2.01847
2.00905
1.99334
1.98046
1.99868
2.01031
1.99208
1.977
1.988
2.00622
1.99774
2.00591
2.02538
1.99334
1.99585
1.99742
1.99648
2.00308
2.01502
1.97198
1.9902
2.00214
2.0147
2.01031
2.00905
2.03418
2.02601
2.01313
1.99962
1.99805
1.9792
1.99365
1.9836
2.02821
2.00119
1.98863
2.00434
2.02978
1.98517
2.01565
1.99271
2.00182
2.00622
2.00088
2.00182
2.00088
2.00434
1.98863
2.01879
2.00559
2.00716
1.99837
2.00371
1.99114
1.97606
1.9924
2.00748
1.99114
2.01031
2.00025
1.9902
2.00779
1.98643
2.00779
1.99365
1.98831
1.98988
2.00371
2.01219
2.00842
2.01565
2.01282
2.00811
2.00968
1.98297
2.02978
1.9814
1.99617
1.97889
1.977
2.03355
1.98674
1.99554
1.98863
2.01784
2.00654
2.01973
1.98454
2.01093
2.01847
1.99051
2.02915
1.99397
1.99334
2.01093
2.00936
2.00622
2.00842
1.99303
2.00936
1.99931
2.01565
2.01565
2.00842
1.97449
1.98863
1.96789
2.02538
2.01219
2.00528
2.01596
1.99083
2.01533
2.00654
2.00057
2.00119
2.02099
2.01816
2.01596
1.988
1.99334
1.99837
2.01313
2.01502
1.99303
2.00968
1.9924
2.02193
1.9946
2.01722
1.99648
1.99177
2.02507
2.01093
2.01596
2.02036
2.00308
1.9968
1.9924
2.00999
1.99271
2.00591
1.97355
2.00245
2.02224
1.98454
1.999
2.01313
1.999
2.03764
2.00057
1.999
2.01784
2.00999
1.99585
2.0125
2.00434
2.01282
1.97795
1.99177
2.00434
2.01596
2.01219
1.99397
1.96695
1.988
1.99554
2.01596
2.02067
1.97952
1.99711
2.00025
1.98077
2.00968
2.02036
1.98957
2.01627
1.99837
2.02601
1.99271
1.98988
1.99962
2.00496
2.01973
2.0147
2.0213
1.99617
2.00654
2.00716
1.98046
2.02099
1.97795
2.00716
2.01062
2.00716
2.01408
1.99208
1.9946
2.02884
2.00811
2.00214
2.00402
2.00496
1.99774
1.99805
2.01031
1.98863
1.95156
1.98926
1.95533
2.01847
2.00999
1.96852
2.00434
2.00936
2.00748
1.98297
1.99962
1.97072
1.99491
1.98643
1.99962
2.00559
2.00214
2.01816
1.98988
2.00214
2.02067
2.01093
1.99491
1.96161
1.98234
1.99774
2.00591
1.97983
2.00088
1.97826
2.01627
1.9946
1.99711
1.9924
1.99397
2.01722
1.9946
2.00277
1.98957
2.00591
1.99554
1.99208
2.00465
2.00685
2.00182
1.98297
1.98769
1.98643
1.99303
2.02067
2.02476
2.01345
2.01596
1.99711
1.99554
1.99114
1.99617
2.01156
2.0235
2.00654
1.99491
1.98737
1.99271
2.00025
1.99146
2.03418
2.01156
2.00182
1.98329
2.00057
2.00685
2.01282
1.9924
2.00057
1.99114
1.98611
2.01031
1.99428
1.99491
2.00905
2.02538
2.01565
1.99585
1.98737
2.00119
2.02067
2.03135
1.99208
1.9902
2.0147
1.99397
2.00214
2.01439
2.01408
1.98988
2.00716
1.99428
1.98988
1.97041
1.98329
1.99868
2.01062
2.01533
2.02821
1.98769
1.99146
2.02067
1.99303
2.0257
2.01031
2.00308
2.02444
1.99271
1.99585
2.02224
2.00402
2.01973
2.02413
2.02036
2.0169
2.00685
2.02161
2.02947
2.03324
2.00873
2.01565
1.99931
2.00214
2.00968
2.00716
2.01784
2.01753
1.99994
2.01093
2.00434
2.01879
2.01125
2.00182
1.96946
1.98737
2.01125
2.01439
2.00999
1.98706
1.98549
2.01345
1.9858
1.98926
2.00779
1.98863
1.99994
1.98769
2.00057
1.99931
2.00308
1.9836
1.97952
2.01031
1.99114
2.02978
2.00591
1.98109
2.01031
1.99931
2.00182
1.9858
2.01031
2.00465
1.99365
1.97952
2.00434
2.00371
1.9968
2.01219
2.00151
2.02853
2.02319
2.02853
2.00119
2.00088
1.99271
1.99146
2.01722
1.99428
1.99177
1.988
1.99931
1.97261
1.9902
1.98863
2.00151
2.00654
2.00465
2.00842
1.99648
1.99271
2.00371
2.0147
1.98769
2.02319
2.00811
2.00465
2.00936
1.97543
1.97638
2.01313
1.99774
1.9902
2.00057
1.98674
1.9613
1.99994
2.01439
1.99554
2.01282
2.01156
2.02004
1.99617
2.0125
1.98517
1.9858
2.01784
1.99365
2.01062
2.00842
2.0125
2.02444
1.99742
1.96444
2.00936
2.00968
1.99271
2.01376
1.98737
1.99554
2.0147
1.97261
2.01816
1.99774
1.99994
1.9836
2.00119
2.00277
1.98643
1.99397
2.03261
2.02381
2.00339
1.9968
1.99428
1.97481
2.00214
1.99868
2.00402
1.98863
2.01753
2.01596
2.00999
2.02696
2.01345
2.00622
1.99146
1.99742
2.01533
2.02256
2.02256
1.99962
1.99711
1.98988
1.99303
2.00528
1.98266
1.98894
1.98863
1.99837
1.99083
1.99994
2.00559
2.00025
1.99114
2.02319
1.97575
2.0191
2.00685
1.9858
2.00748
1.99051
1.98486
1.97104
2.00591
1.99805
2.0125
2.01062
1.988
2.00151
2.02256
1.97606
2.00654
2.02319
1.99742
2.01722
2.00905
2.00182
1.98549
1.98706
2.00057
1.96758
1.97638
1.98015
1.99491
1.98172
2.01533
1.99648
1.99931
1.98737
2.02915
2.0125
1.99428
2.01345
1.97826
1.99617
1.99805
1.99868
1.999
1.99554
2.00025
1.99303
1.96538
1.98706
2.02915
1.99523
2.00936
2.01313
2.03795
2.00214
1.98957
1.98769
2.00716
2.01879
2.00968
2.01627
2.00057
1.9836
2.00716
1.9814
2.01973
1.98486
2.00716
1.97386
2.02538
2.00245
1.98831
1.999
2.03041
2.03984
2.0125
2.01439
2.02036
2.00339
2.00748
2.02538
2.01093
2.00277
1.98706
2.00528
1.99334
2.00214
2.04486
2.01282
2.02947
1.99177
1.99146
2.02287
2.01313
1.999
2.00277
2.00308
1.99051
1.98957
1.98423
1.977
1.999
2.04486
2.00277
1.96695
2.00119
1.99303
2.00716
2.01533
2.00308
2.04329
2.00025
1.97732
1.98423
2.01156
2.00182
1.98517
2.0169
2.00685
2.02193
2.00308
2.00811
2.01596
1.99491
1.97575
2.01219
2.02067
1.9902
1.99083
2.00496
2.01942
2.0235
1.98329
2.01093
2.01784
1.9814
2.0125
1.98549
1.98046
2.00277
2.01282
2.02099
1.99177
1.99805
1.99397
2.02507
2.02193
2.00119
2.00528
1.96538
2.00622
1.97826
2.00245
2.01125
2.02224
1.98894
1.99271
2.02476
2.01062
2.00277
1.98517
2.01565
2.00716
2.01062
2.0169
1.99931
2.00057
1.99711
1.98266
2.03827
1.99585
2.01313
1.99617
2.01188
2.01345
1.99491
2.00559
1.98423
2.00528
1.99868
1.99742
2.00654
2.01188
1.99554
1.95815
2.01125
2.0191
1.98234
2.00811
2.01156
1.98674
1.99837
1.98234
2.00968
1.97763
1.99742
1.99177
1.97889
2.00245
2.00119
1.98015
1.99648
2.01439
1.99617
1.99177
2.01502
1.98831
2.01282
2.00811
2.00622
2.00402
2.01722
2.00496
1.9968
1.99083
1.97952
2.00465
2.00999
1.99648
1.98297
2.00685
1.99365
1.98329
2.01376
1.99334
2.00119
1.98015
1.9968
1.98549
2.01973
2.01219
1.96664
2.00339
1.97826
2.00873
2.01533
1.98423
2.00308
1.99554
1.97669
2.00936
1.99617
1.99837
2.01313
2.00339
2.01093
1.98172
2.01376
1.99397
1.99931
1.97292
2.00936
1.98109
2.00465
1.98423
1.9968
2.01313
2.01816
1.98863
1.99208
2.0125
2.00182
1.98109
2.00025
2.01062
1.99114
1.99774
1.98046
1.97512
2.00779
2.01439
1.99208
1.97386
2.01596
2.00622
1.99523
1.99742
1.97166
1.9836
1.97512
1.98894
1.99334
2.01345
1.99554
1.96475
2.00214
2.02004
1.99931
2.00339
2.02161
1.9591
1.99962
1.99962
1.97763
1.9836
2.00591
1.95815
1.98454
2.00842
2.0323
2.01816
1.97795
1.96507
1.9858
1.97952
2.00716
1.99617
1.99648
2.02224
1.98769
2.00339
2.01879
1.99365
1.99208
1.98046
1.98737
2.00654
1.98517
1.98831
2.02633
1.97481
2.00999
1.99648
1.99711
1.9924
2.00214
1.97826
2.03575
1.98957
2.02727
2.01313
2.01408
2.01156
1.98234
2.01062
2.00968
2.02004
2.0257
2.01533
1.99523
1.98611
2.00496
2.00811
1.96664
1.97952
2.01784
2.00277
1.99114
1.99554
2.00873
2.01031
1.97575
1.977
1.97826
1.99491
2.02161
2.00559
1.98234
1.96789
2.00465
1.98046
1.999
1.9858
2.03827
1.98611
1.98957
1.96538
2.00402
1.99994
1.97795
1.97889
2.00371
1.99083
2.00182
2.00339
2.02193
2.00088
2.02853
1.9946
1.99962
1.97763
1.99617
2.00245
2.00748
1.97323
2.00999
2.02067
2.00182
1.98266
1.98988
1.99994
2.00245
1.98769
2.01408
2.01784
2.00842
2.00622
1.98077
2.03701
2.00779
1.99397
1.99837
1.99114
1.99837
2.00559
1.97261
2.00371
2.01596
1.98957
1.99208
2.00779
1.988
1.98957
1.99931
2.04361
1.98392
1.98769
1.99585
1.98831
1.99742
1.97418
1.95815
1.99428
2.00591
2.00716
2.01439
2.01439
2.01784
1.99083
2.01973
1.99428
2.01345
2.02727
1.98015
1.98077
1.99051
2.0213
1.99931
1.99208
2.00622
2.00214
1.99648
2.00716
1.98706
1.99365
1.99397
2.00339
2.02476
1.99617
2.00905
1.99962
1.98392
1.9858
2.0169
1.98454
1.97952
2.01784
2.00308
2.01062
2.00748
2.00559
1.99491
2.02413
2.00528
1.99365
1.99271
2.00779
2.00088
1.96632
1.99554
2.01847
2.00716
2.00182
1.99742
2.01722
1.96695
1.98926
1.98077
1.98611
1.97763
1.99742
1.99491
2.00654
1.99365
1.98517
2.00654
2.02256
2.00716
2.01722
1.99711
2.03607
2.00811
1.99428
2.01502
2.01722
2.00685
1.988
2.0213
2.0147
1.97323
2.00591
2.03418
1.97638
2.00591
1.99271
2.0147
1.99114
2.01942
1.99554
1.99648
2.02476
2.0235
1.98297
1.99051
1.99397
2.02507
2.02319
2.03418
1.99648
1.9924
2.01816
1.99365
1.99177
1.98611
2.01282
2.02601
2.00999
1.99177
2.01722
2.02036
2.01596
2.02161
2.01942
1.99585
2.02099
1.98894
1.99805
2.00622
1.97889
1.99146
1.99774
2.01533
1.99177
1.99177
1.98517
1.9792
2.02947
1.98297
2.00465
2.00182
1.98297
2.00402
2.00842
1.99177
1.99303
2.01722
1.98266
2.00811
2.01156
1.98769
2.01879
2.00748
1.99994
2.03732
1.9924
1.999
2.02507
2.02696
1.98611
2.00842
1.96538
1.977
1.99837
2.03764
2.01659
2.02476
1.99523
2.00339
1.98203
2.00779
2.01031
1.97763
1.98109
1.99491
1.99711
1.99146
2.00245
2.01408
1.98077
1.99114
2.00968
2.01031
2.00088
2.01313
2.00779
2.01533
1.97512
1.98988
1.98706
2.02067
1.9635
1.98831
1.99648
1.98046
2.02758
1.97292
2.01093
2.02036
2.00873
1.97983
2.00434
2.00496
1.99177
1.98706
1.99114
1.99114
2.00371
2.00088
2.00842
1.99428
2.01219
1.97512
1.9792
1.99051
2.02476
1.99805
2.02413
2.03387
2.00654
2.03261
2.03795
2.01093
2.01062
2.01345
2.0213
1.97889
1.99617
1.999
2.01282
2.00214
2.00308
1.9902
1.9946
1.99334
2.00465
1.999
2.01219
1.9902
2.01188
1.98203
1.99554
2.00685
1.99962
2.00214
1.98329
1.99208
1.99523
2.01816
1.9591
1.97669
2.01376
1.9591
2.01816
2.01031
2.00999
2.01408
1.98109
1.98203
2.02256
2.00151
1.99114
1.98046
1.99365
1.9968
2.00999
2.00119
1.99774
1.977
1.98109
1.9946
2.00088
1.99805
1.99334
1.98769
2.0125
2.00654
1.98297
1.9792
1.9968
1.99805
1.99774
2.0125
1.99177
1.98423
2.00968
2.00654
2.0169
2.01722
2.01219
1.97763
1.9924
2.00779
2.01282
1.98109
2.01282
1.99365
2.03764
2.00716
1.97166
2.02256
2.01596
1.98706
1.99617
1.99994
1.98517
1.97418
1.9968
2.01942
2.00999
2.01722
2.01973
2.00151
1.98863
2.00088
2.02444
2.02507
1.99271
2.00496
2.00434
2.00402
1.98517
1.99742
2.00119
2.02067
2.00559
2.01188
2.01408
1.99868
2.01408
1.98706
2.04235
1.98957
1.99523
1.98486
1.97638
2.02664
2.00496
1.99805
1.99648
1.99774
2.03575
2.02193
2.00811
2.01659
1.98957
2.00999
1.99051
1.99711
2.00968
2.01031
2.01345
1.98706
1.99146
2.00151
2.00528
2.01596
2.01062
1.99805
1.98486
1.99271
1.98643
2.01659
2.00402
2.00434
1.99491
1.98549
2.01345
2.02821
2.02538
2.00873
2.02067
1.99805
2.05554
1.97952
1.9836
1.98863
2.02664
1.97512
2.02538
2.01313
1.9792
1.99397
2.00528
1.99523
1.98988
2.01722
1.98706
2.01942
1.977
2.00685
1.98392
2.04235
1.99523
2.00339
2.00654
2.00119
1.97606
1.99177
2.02727
1.98706
1.99585
2.01942
1.99523
1.97386
1.98863
1.99397
2.00685
2.03387
2.00088
1.99397
1.99303
1.98517
1.99334
1.98297
2.00277
2.00936
2.00591
2.01439
2.01847
1.99334
2.01847
2.0279
1.98109
2.00057
1.99837
2.02067
1.98769
2.02444
2.00716
1.98926
2.00057
1.97858
1.977
2.00151
1.97669
1.99994
1.97418
1.99114
1.99742
2.00182
2.00496
2.01313
2.01847
1.97543
2.0169
1.9924
1.977
2.01627
2.00811
2.01942
1.98297
1.97355
1.97763
2.00245
2.01093
2.00622
2.03418
1.98926
2.00528
2.0147
2.00528
2.00402
2.00905
2.00591
2.02727
1.98988
2.01659
1.999
2.00214
1.97072
1.99617
2.01565
1.99554
2.01439
2.02319
2.00842
1.99554
1.9902
1.988
2.00025
2.00654
2.01659
2.0345
2.00057
1.99491
2.01031
2.00936
2.00465
2.00465
1.9924
2.02978
2.00057
2.02476
2.01879
1.99742
2.00748
2.00119
1.99365
1.97041
1.99962
1.99365
2.00434
2.00214
2.01219
1.99365
2.00245
2.00465
1.98831
2.00654
1.98643
1.98894
2.00936
2.01313
1.98611
1.99428
1.99397
2.01093
2.00842
2.00873
2.01816
1.98863
2.01722
1.94747
2.00654
1.98423
2.00842
2.00434
2.00339
1.98674
2.00528
1.99208
2.02193
2.03324
2.01188
2.00465
2.01188
1.99397
1.98203
2.00339
1.98015
1.99805
2.02287
2.02224
2.00057
1.98454
2.0125
1.98894
1.99774
1.98203
2.01502
2.01031
1.98643
2.00402
2.00936
2.00088
1.98737
2.00622
1.98674
2.00119
2.00182
1.97261
1.99805
1.98926
2.01093
2.01031
2.00434
1.99617
1.99868
1.99585
2.00811
2.00559
1.99711
2.00182
2.01439
2.00842
2.01313
1.99868
2.05617
2.00528
1.9946
2.00873
1.99962
2.01722
1.9946
2.00245
2.01533
1.99114
1.99051
2.00214
1.98109
2.00277
2.00591
1.99491
2.00591
2.01031
2.00968
1.98077
2.0125
2.00559
1.99208
2.00088
2.01031
2.00622
2.0213
2.02853
1.97669
2.00119
1.9968
2.00654
1.99994
1.99491
2.0125
1.988
1.99491
2.00779
2.00905
2.00025
1.988
1.99334
2.00308
2.00465
2.03041
2.00308
2.01282
2.02727
1.97543
1.98077
1.98015
1.98046
2.00339
1.98234
2.00968
1.99774
2.00371
2.00025
1.9792
2.00057
1.99397
1.99774
2.01533
1.98674
1.97763
1.99962
2.02256
2.00622
1.988
1.99523
1.97292
1.99742
2.01219
2.00339
2.00025
2.00999
2.00779
1.99083
1.98769
1.98769
2.00214
2.0125
1.999
1.9924
2.0323
2.02696
1.98863
2.00779
1.99334
2.01062
2.00716
2.00968
2.01565
1.98926
2.0169
1.999
1.9968
2.00119
1.98926
2.01313
1.99962
2.00214
2.00622
2.00811
1.99334
1.99051
2.00559
1.99711
1.99177
2.00339
1.98172
2.02161
2.00057
2.00716
1.9946
2.01596
2.0147
2.01502
2.02256
2.01156
1.97763
2.0213
2.03292
1.97229
1.97858
2.00748
1.9946
2.01345
1.99585
2.00119
1.99303
1.99491
1.98297
1.99837
1.99428
2.00559
1.99177
2.01313
1.98517
2.01565
1.99711
2.01784
2.01062
1.99334
2.02444
2.01753
2.00402
1.98077
2.01376
1.96538
2.00968
1.99523
1.97104
1.98863
1.97072
2.00119
1.99334
1.97669
2.00151
1.97104
1.99617
2.00748
2.00434
1.99742
2.00999
1.98863
1.99523
2.01156
1.9814
2.00905
1.98769
1.98674
2.00245
1.99962
1.98234
2.02224
1.99931
2.01942
1.98203
2.02727
1.96695
2.01659
2.00591
2.01973
1.97889
1.99523
2.00277
1.99051
1.98863
1.98392
1.97166
2.01816
2.00748
2.00182
1.988
1.99428
1.98392
2.00622
1.99083
2.01282
2.00842
2.00119
1.97166
1.97481
2.00465
2.01188
1.98423
2.00528
2.02287
2.00277
2.01722
1.96852
2.01847
1.98831
2.00465
2.00748
1.98015
2.0147
2.00873
1.99994
1.99648
2.00308
2.01784
2.01847
1.93365
2.00559
2.02538
2.01659
2.02036
1.98957
2.01408
1.96852
1.98203
1.98454
1.99868
1.99365
2.02538
2.00434
1.99648
1.99428
1.99837
2.00371
1.99774
1.96758
1.9858
1.98831
1.97889
2.00214
2.00905
1.9946
1.98957
2.00811
1.99114
2.02664
2.00465
2.01784
1.98737
2.00308
2.00308
2.00277
2.01627
2.0279
2.02413
2.02287
2.01093
1.9902
2.01627
2.00088
1.96758
1.98926
2.00214
1.99648
2.01188
2.00528
2.03355
2.02633
2.01093
1.98486
2.00685
2.00496
1.99083
1.98831
2.00842
2.02727
1.99334
2.01219
2.01219
1.98611
2.03732
2.01753
2.01942
2.00402
2.00434
1.98077
2.0169
1.99208
1.98329
1.99837
2.00339
2.03984
2.00277
2.04361
1.99271
1.98894
2.00182
2.00905
1.97386
2.03512
2.00088
2.00559
2.01753
2.00905
2.00528
1.96727
2.00654
1.96758
1.99271
1.98643
1.98392
1.98863
1.98926
2.01565
1.99491
1.97292
1.9792
2.01973
1.98769
1.97355
2.0279
2.00811
2.00685
2.0213
2.00559
2.01784
2.0213
1.99146
2.01093
1.9858
2.00025
2.01156
1.98234
1.99711
1.98831
2.00591
1.98392
2.03355
2.00622
2.0125
2.01439
1.97355
1.98769
1.99334
1.97983
2.01031
1.98643
2.01345
2.00119
1.9902
2.00622
2.00151
1.98486
1.98957
2.00371
2.00811
1.99648
1.97418
2.01627
2.00339
2.00842
1.99491
1.98926
2.00151
1.9968
1.99837
2.02224
2.0125
2.00308
2.01659
2.01942
1.98077
1.9902
1.98297
1.99742
1.99648
2.03544
1.99397
1.98517
2.01345
2.02193
2.00559
1.99837
1.97638
2.01031
1.98234
1.99805
2.00434
1.9858
2.02664
2.01502
2.00057
2.00936
1.98611
2.01847
2.00402
2.02099
2.01062
2.00025
1.97292
2.0147
1.97135
1.98831
2.00182
2.00591
1.999
2.01439
1.97355
2.01093
1.98769
1.99208
2.02507
1.99208
1.9814
2.00339
1.99177
1.97198
2.00842
1.9858
1.98643
2.00873
1.99962
2.00025
2.0125
2.00277
2.0125
2.01219
2.00811
2.02601
1.98234
2.01847
2.0191
2.02099
2.00402
1.999
2.01533
2.00685
1.98988
1.99868
1.9792
2.00748
1.98769
1.97543
1.97669
1.97606
1.99837
1.99617
1.99428
1.99994
2.00968
1.99585
1.96664
2.00088
2.00434
2.00308
1.99994
2.00591
1.98203
1.99177
2.00779
2.01847
1.988
2.01031
1.9968
2.02947
1.98611
1.99365
2.01345
1.99931
1.99585
2.00088
2.00277
2.02161
2.00057
2.01816
2.00339
2.01502
2.00214
1.99711
1.97229
1.98894
1.98957
1.99837
1.99208
1.98988
2.00245
2.00339
2.00465
2.00057
2.02161
1.97418
1.9902
1.99491
2.00308
1.9946
1.98737
1.9836
2.01313
1.98423
1.98172
2.00308
2.01533
2.00999
1.99523
2.00685
1.999
2.00496
1.99083
2.00182
1.97512
2.0125
2.0125
2.01408
2.00528
1.98234
1.99177
2.00999
1.99742
2.00685
1.98769
2.01313
1.99617
1.99931
2.0125
2.02193
2.02067
2.0147
1.97072
1.98454
1.96601
2.01408
2.00371
1.99742
2.00716
1.99271
2.00779
1.99523
1.977
1.99177
1.99554
1.99271
1.99083
1.99177
2.01156
2.00465
1.97669
1.98894
2.00528
1.99334
1.97826
2.00559
1.97229
1.99491
2.00434
1.98831
2.01659
1.99397
1.99994
2.00528
1.98517
1.99114
2.01847
2.01659
1.9924
2.00779
2.02476
2.00873
1.9924
2.01879
2.00496
1.97669
1.99303
1.9902
2.00151
1.99491
2.00842
1.98957
2.01847
1.97889
1.9946
1.96821
2.0169
1.99868
2.00748
1.99774
2.00873
2.03732
2.01565
1.9968
1.98988
2.00119
2.00182
2.00779
2.02099
2.00057
2.00936
1.97261
1.9946
1.99303
2.02099
1.99303
2.01313
2.01313
1.99931
1.99146
2.0235
1.98926
2.01784
2.00811
2.00339
2.01847
1.99648
2.00842
1.99271
2.01062
1.96884
1.97198
1.98046
2.00811
1.99554
1.99303
1.99397
2.00025
2.00936
2.01345
1.98957
2.00622
2.01188
1.98926
2.01753
2.01156
1.98486
1.99523
2.0125
2.00591
1.97638
2.04581
1.99177
1.99334
1.96192
2.00088
1.98894
2.00277
2.00088
1.99837
1.97858
1.99617
2.00496
1.99994
2.01093
2.02193
2.01313
1.98737
1.99868
2.01219
1.99585
1.99962
1.9946
2.00057
1.98957
2.00748
1.98203
1.99428
1.99805
2.02224
1.99837
1.99648
1.99994
1.99994
1.99585
2.00402
1.99523
2.01596
2.00025
2.02821
2.00245
1.97481
2.02915
2.00622
2.00465
2.00999
1.99428
2.01282
2.00873
2.00434
2.00591
2.00559
1.99837
2.00685
2.01722
2.01942
1.988
2.00057
1.99962
2.02193
2.01156
2.0169
2.00277
2.00905
2.00245
2.01219
2.01188
2.01659
1.99397
1.98894
1.99868
1.98611
2.00214
2.02067
1.999
1.97355
1.98706
1.99585
1.99774
2.01973
1.99994
2.0147
1.97732
1.99837
1.98392
2.01847
1.98266
2.01093
2.02319
1.99177
1.99931
1.98297
2.01345
1.96727
1.99617
2.00214
2.01847
1.9924
2.01847
2.02224
1.98517
1.99617
1.99271
1.999
1.99083
2.00528
2.00716
1.98957
2.00465
2.02287
2.00622
2.04361
2.00905
2.00528
1.98831
1.96821
2.01062
1.97952
1.9946
1.9902
2.01125
2.00214
2.00308
1.99805
2.00119
1.98203
2.00528
1.99554
1.97543
1.99083
1.977
1.98769
2.00842
1.97858
2.00811
2.01062
1.99334
2.00465
1.97826
1.98894
1.9858
1.99585
2.00465
2.00214
1.9858
2.00528
2.01282
1.99271
1.99585
2.00465
2.01313
1.99617
1.99177
1.988
1.9902
2.00559
1.99083
1.98769
2.01062
2.00465
2.01282
1.98988
1.98077
2.01156
2.00999
1.98769
1.98046
2.00968
1.99711
2.04235
1.98329
1.99931
2.00088
2.00151
2.02727
2.01533
2.0169
2.00371
2.01439
1.9858
1.9792
2.00057
1.98329
1.99365
2.00842
2.00025
1.98454
2.02664
1.98894
2.01125
2.01345
1.977
2.01219
2.03104
1.98517
2.00968
1.98329
1.9968
2.01722
2.02099
1.9902
2.01376
1.98926
2.00025
1.97386
2.00496
2.02067
2.00088
2.00119
1.98611
2.00591
2.03073
1.99334
1.988
1.9924
2.00277
2.00119
2.01125
2.00811
2.01345
1.99617
1.99962
2.00088
1.99334
2.01722
1.99837
2.00811
1.99711
2.01753
2.0147
1.99617
1.97166
1.9902
2.00999
1.99805
1.98863
2.01031
1.97009
2.02067
1.98706
1.99648
2.00936
2.00025
2.00339
2.0213
2.00528
1.99051
1.97198
2.00748
2.00496
2.02067
1.98046
2.00465
1.98549
1.99742
1.99868
2.01502
2.00214
1.97983
2.0125
1.98234
2.00716
1.97543
2.03292
1.99146
2.01062
1.9946
1.96695
1.97669
1.97889
2.00119
1.99742
2.00873
2.00119
1.98831
2.00151
2.0147
2.01879
2.01062
2.01313
2.00716
1.98392
2.00873
2.03198
2.01376
1.98046
2.00999
2.00182
2.00654
1.96915
1.99051
1.99742
1.9924
2.01219
1.98517
1.97198
1.99397
2.01879
2.00622
1.97041
1.99617
1.99051
2.00371
2.01533
1.999
1.99491
2.01502
1.99491
1.99962
2.00496
2.02256
2.03544
2.01659
1.98737
2.01376
1.99083
2.00119
1.97763
2.00496
1.98611
1.99931
1.99271
1.97292
2.00277
1.95753
2.02507
2.00873
1.99648
2.01219
2.02161
1.99805
2.0235
1.97732
1.97072
2.0213
2.00811
2.00119
1.97795
2.00339
2.01345
1.98988
2.01062
1.99365
1.97449
1.99711
1.97606
1.97795
2.02319
1.96538
1.97952
1.98392
2.00182
1.98643
1.99177
1.99805
1.98454
1.99585
1.98266
2.01533
2.00873
2.02601
2.00025
1.99711
1.97669
2.00622
2.0125
1.99334
2.00591
1.98926
2.02004
2.01502
2.0279
2.01659
1.9814
2.00434
1.98549
2.03198
2.0147
2.0191
1.98234
2.01533
1.97889
1.99271
2.0147
1.99837
1.97292
1.9968
2.01093
1.99837
1.97575
1.98957
1.98392
1.9968
1.98611
2.00057
1.98454
2.00622
2.00936
2.02099
1.9968
2.02947
2.01313
1.99365
1.99805
1.99742
2.01219
2.01219
1.99805
2.00277
1.98297
1.96224
1.99365
1.99523
1.99837
1.99208
1.97543
1.9792
1.99177
1.988
2.01376
1.99083
1.98015
1.97826
2.03764
2.0191
2.00088
2.01533
1.99208
1.97795
1.99303
2.00685
2.02821
1.9946
2.00811
2.0147
2.00434
2.01219
2.00685
1.98611
2.01188
2.03198
2.00339
2.00622
2.01093
1.9613
2.01659
1.99365
2.00716
2.01408
2.00685
1.99083
1.97261
2.00339
1.99648
2.00245
1.99931
2.02067
2.02633
1.99428
2.01784
2.01219
1.98926
2.00465
2.00842
1.99334
2.00779
1.99805
2.01125
1.98831
2.00465
2.00716
2.02413
1.98737
1.98611
2.0257
2.01188
2.01753
1.98109
2.00716
1.9858
2.0213
2.01313
1.98517
1.99208
2.00025
1.97449
1.97763
1.99837
2.00025
1.97481
2.01376
1.98863
1.9968
2.00057
1.98926
1.99365
2.00559
1.99837
2.01156
1.99365
1.98894
1.99177
2.00905
2.02413
1.9792
1.988
1.99617
1.98234
1.99774
2.00936
1.99931
2.00591
1.97732
1.99491
1.98926
2.01659
2.00119
1.97795
1.99805
1.98077
2.00591
2.00905
2.01156
2.02601
1.99303
2.00968
2.02538
1.99428
1.98392
2.01879
1.98988
1.9902
2.0125
1.98015
1.98486
2.01125
1.98329
2.00716
2.00434
1.99208
2.00402
1.99648
1.98454
1.98894
2.01125
1.9968
1.99962
1.98297
1.99805
2.00779
1.98926
2.0235
2.03198
1.9924
2.00465
2.00465
1.99146
1.98203
1.99365
2.02444
2.00371
2.00779
2.01093
1.97323
2.01627
1.99177
2.02036
2.00559
2.00559
1.99334
2.00371
2.01031
1.99931
1.99931
1.99083
1.99931
2.01847
2.00748
2.00496
1.9924
2.01565
1.977
1.98737
2.02538
2.02099
2.02664
2.00716
1.98643
1.99617
1.97732
1.98769
2.00591
2.0169
2.00622
1.99837
1.98894
1.99397
1.95847
1.96695
2.01784
1.97166
1.9792
1.99868
1.99114
2.00905
2.01313
2.00842
2.00025
1.9946
2.01847
1.99742
1.98454
1.99617
2.0235
1.96821
1.99837
1.99303
1.98423
2.00842
1.99931
2.00182
1.98831
1.99742
1.99711
1.99051
2.00182
1.97858
1.98423
1.97638
2.01408
2.00339
2.00371
1.96192
1.9858
2.01093
1.98611
2.00088
1.99303
1.97795
1.99051
2.02004
1.99837
1.98611
2.00339
1.99428
2.00654
1.99334
2.00057
1.97795
2.01125
2.02444
2.00088
1.98988
1.99711
1.99428
1.9968
2.02664
1.99177
1.96224
1.99083
1.99271
2.01627
1.99271
2.01345
2.03041
1.99146
1.98203
2.02287
2.01345
2.02915
1.98863
2.00182
1.99837
1.9968
2.02256
1.9968
2.00716
2.00936
2.00057
2.03795
1.99428
1.97386
1.96632
2.02224
2.00905
2.01062
2.00465
2.00654
2.00528
1.99491
1.99648
2.00936
2.02381
1.98517
2.02193
1.98957
2.01093
2.00842
2.00151
1.99083
1.97386
2.00308
2.01816
1.99837
1.99585
1.99585
2.00151
1.99177
1.99868
1.98863
2.04172
2.01345
2.00622
1.98894
1.9968
1.9635
1.99837
1.9635
2.03073
1.99051
2.02413
1.99397
1.99146
2.00685
1.98643
1.98015
2.0191
2.01282
1.99554
2.04298
1.96884
1.99931
1.9792
1.98643
2.02884
1.97669
2.00559
1.99397
1.977
1.99648
1.99805
2.00245
1.98109
1.9924
2.00591
1.98172
1.97763
2.01313
1.98611
1.98611
1.99554
1.99146
2.01596
1.99303
1.98706
1.99114
1.96035
2.00811
2.03701
2.01439
2.00182
1.99648
1.9924
2.00716
2.00968
2.0147
2.01408
2.01125
2.02099
1.99742
2.00277
1.99303
2.00277
1.99742
1.99868
1.99962
2.00936
1.99303
2.03324
2.00716
2.00559
2.00088
2.00151
2.00088
1.98894
2.01093
1.98015
2.00968
1.99303
2.00842
2.00779
1.98454
2.00873
2.00465
1.98863
2.0147
1.97386
1.97229
2.02538
2.04738
2.00214
1.99962
1.98329
2.00654
1.98329
1.97355
2.00182
2.01627
2.00402
1.99334
2.00308
1.98297
1.999
1.99303
2.00371
2.01345
2.00151
1.99177
2.00057
2.02224
1.9924
1.99271
1.97449
1.99931
1.9968
1.99585
1.99397
1.98266
2.00999
2.00371
2.01596
2.00496
2.01533
2.00465
1.96444
1.98517
2.01345
2.00811
2.00779
1.99994
2.01784
1.999
1.98706
2.00402
2.00088
2.02727
2.01847
1.98486
2.01156
2.00182
2.02853
2.00905
1.99334
2.01093
2.0235
1.9968
2.01879
1.97983
2.01282
2.00716
1.97763
1.98926
1.99962
1.99114
1.99805
2.00088
1.99711
1.99868
1.98423
2.00528
2.00905
2.01282
2.01219
2.0235
2.00434
1.99114
2.00119
1.97952
1.97795
1.98329
1.98234
2.00905
2.00214
1.99931
2.00119
2.02633
2.01282
2.01125
2.01973
2.01345
1.98926
2.00057
1.99208
1.9924
1.9814
1.99994
2.00182
1.99051
2.01219
2.01533
2.02287
1.99271
1.99271
2.00119
2.01093
2.0279
1.99146
1.99208
1.99931
2.00214
2.01376
2.0147
1.99428
1.99208
2.00465
2.00685
1.98831
1.99397
2.01313
2.03135
1.98329
2.00654
2.00214
1.98674
1.98643
1.99585
1.98769
2.01093
1.9836
2.00716
1.99365
1.98957
2.00591
1.99617
2.00748
1.99146
1.99805
2.02413
1.99083
1.97418
1.9902
1.99177
2.0235
2.01502
2.01345
2.01565
1.99648
2.00591
1.98674
1.99397
2.00685
2.01188
2.00308
2.0125
2.0235
1.99523
1.99962
1.99177
1.9924
2.00748
1.99208
1.97386
2.01125
1.99491
1.99711
1.99994
2.00182
1.98611
2.0279
1.96789
1.99083
1.99523
2.01847
2.02538
2.01659
2.00371
1.9902
1.98392
2.01659
1.9902
2.00968
2.0147
1.97261
2.01408
1.98517
1.99994
2.01282
1.94873
2.01565
1.98769
2.01313
2.01879
1.98863
1.98926
2.00811
2.04581
1.977
1.98926
1.99774
2.00716
1.9968
2.01816
2.01282
1.98957
1.99334
2.00842
1.99334
2.00151
1.999
1.99491
1.96946
1.99554
1.99428
2.00779
2.04172
1.99742
1.98831
1.99146
1.98077
1.99334
2.02538
2.00905
2.00277
2.01093
1.97952
1.98831
1.99805
2.00088
1.99931
1.99774
2.00779
2.01031
2.01282
2.0257
1.99711
1.9946
1.96444
1.99428
2.01031
2.02696
1.977
1.98894
2.01722
1.97292
2.01784
2.00057
2.00025
2.03512
2.00968
1.99271
2.01784
2.00025
2.00968
2.00842
2.00308
1.99083
1.99711
1.99837
1.99365
1.98706
1.99554
1.99931
2.01062
2.00528
2.0235
1.97418
1.99397
1.98549
2.00057
2.00842
1.9946
2.02727
2.01408
2.00088
2.00182
2.01282
2.00119
2.01062
2.01062
1.9946
1.99491
2.0301
1.98706
1.9836
1.99208
2.01722
1.96287
1.98769
1.99585
2.01376
2.00214
2.00528
1.99428
1.9968
2.01408
2.01345
1.98423
2.00591
1.98831
2.00779
2.01565
1.99334
2.02381
1.99051
2.00402
2.01408
1.98234
2.02004
1.96664
1.99585
2.00339
2.00025
2.01219
1.98392
1.98674
1.9902
2.01093
1.98737
1.98234
2.00434
2.01093
1.9946
2.02319
2.00277
1.99177
2.00057
1.98894
2.00873
1.9968
2.00402
2.00559
2.01816
2.00811
2.00434
2.01188
2.00842
1.98392
1.97889
1.99365
1.98234
2.00905
2.01816
1.99617
2.01408
1.98015
2.00622
1.99523
1.98706
1.99491
2.01942
1.98769
2.02193
1.98517
2.00151
1.97543
2.0257
2.00779
1.977
2.02287
2.0213
1.96821
2.01722
2.00559
2.00559
2.00999
1.98611
1.97732
1.98769
1.98077
2.00182
1.97763
2.00308
1.97669
1.96789
2.02538
2.00716
1.98957
2.01093
1.97763
1.99931
1.999
2.02413
2.00842
1.98926
1.99177
1.98769
1.99083
1.98863
1.988
2.00873
2.00842
2.03952
2.00999
1.98486
1.99428
2.02538
1.99585
2.00873
2.02319
1.99177
2.01942
2.04392
2.01156
1.97449
2.00748
1.98549
2.00622
1.99208
2.02319
1.988
1.98769
2.01345
2.01942
2.02099
2.00339
1.9902
2.01031
1.98988
2.00716
1.98329
2.01188
2.00402
1.977
2.02444
1.9924
1.97795
2.01816
2.01093
1.99868
2.02004
2.01973
2.01439
1.98737
1.99837
1.98329
2.01125
2.00654
2.00057
2.00025
1.99774
1.99177
2.00465
2.00685
2.00465
2.00339
1.98894
1.999
2.00559
2.00936
1.98486
1.98297
2.00622
1.99994
1.9902
2.00779
1.97481
1.99303
2.00873
1.97983
1.98674
2.00779
1.99523
2.00182
2.00465
2.00842
2.00779
1.99837
2.00622
2.00496
1.98203
2.00873
1.988
2.01502
2.00465
2.01627
1.9968
1.98423
1.98392
2.00968
2.00025
2.00151
1.99051
2.00182
2.01219
1.98737
1.99146
2.00528
1.9968
2.01125
1.98988
2.01879
2.00528
2.00151
2.00245
2.00277
2.00277
1.98549
2.00528
2.00968
2.0257
1.98769
1.99208
1.98863
1.99491
2.00591
2.00654
1.98926
2.0147
2.02853
2.00528
2.00496
1.99146
1.98046
1.99146
2.01282
2.01879
2.00591
2.00025
1.98234
2.00151
2.02004
2.00245
2.03167
1.98894
1.97763
2.02444
2.02664
1.9946
2.01816
2.00214
2.00214
1.98831
1.99491
1.99774
1.977
2.01847
1.99711
2.00277
1.97606
1.99931
1.97292
1.99774
1.99177
1.97669
1.988
2.00434
1.97418
2.0191
1.99805
1.99428
2.01313
1.97355
2.01125
2.01125
1.97952
2.00685
2.00402
1.99365
2.00151
1.96978
1.97858
1.99523
2.01313
1.98831
1.99051
1.9902
2.01627
2.00245
2.00968
1.98988
2.00465
2.00528
2.00182
1.99931
2.01125
2.01565
1.99994
2.00245
1.9924
1.99051
1.97638
1.99585
2.00057
1.99146
2.03135
1.9968
2.01188
1.99334
1.99617
2.01219
2.02727
2.01188
2.01627
2.02224
2.00591
2.02915
1.97386
2.03041
2.03041
2.01376
1.99742
2.01942
2.01533
1.99177
2.00716
1.96727
1.96067
1.9946
1.98266
2.00779
1.97072
2.01533
1.98549
2.00811
2.02476
2.01816
1.98077
2.03324
2.00968
1.99083
1.9946
1.98203
1.98674
1.97575
1.99648
1.99994
1.99523
2.00245
1.98517
2.00873
2.02601
2.00151
1.97763
1.99051
1.98329
2.02381
2.00842
1.97732
1.9858
1.99931
2.00339
2.00559
2.01156
1.98549
1.98203
2.03135
2.00936
1.99523
1.98706
1.99083
2.02004
1.99334
1.98234
2.00025
2.00748
2.00779
1.96538
2.01031
1.96884
2.01031
1.98737
1.97638
1.99962
2.03858
2.00905
1.98831
2.01156
1.98769
1.96789
2.01345
2.00968
1.98863
1.99303
2.0169
1.98423
2.00716
1.99742
1.99962
1.98266
1.97229
1.98423
1.99397
1.98863
1.9946
2.00119
1.97889
2.00748
2.01627
1.98894
2.01188
1.99585
1.98454
1.99365
2.01879
2.00214
2.00528
1.99774
2.0213
1.99397
1.99931
1.99994
1.99334
1.97449
1.99554
2.02664
2.00088
1.99397
1.99994
2.00025
1.96978
2.01125
1.99648
1.99962
2.00088
2.00936
2.01062
2.01376
1.99648
1.97763
1.98517
1.99648
1.97763
1.97072
2.02727
1.98423
2.00465
1.9924
2.00465
1.98549
2.00088
2.00716
2.00873
1.99837
2.01973
1.98988
1.97858
2.00182
2.01502
2.01188
2.00182
1.97072
2.02664
2.03858
2.0191
2.02413
1.99648
2.00371
2.01439
1.98109
1.97889
2.00371
2.00842
1.9924
2.0345
2.00057
1.99962
2.00591
2.01156
2.03073
1.99962
2.02067
2.00182
1.99491
1.98643
2.0191
1.97104
2.01879
1.98392
1.99083
2.01125
1.98172
1.99962
2.0147
2.02444
2.01093
2.03292
2.00936
2.02915
2.01533
2.00968
1.98957
1.99083
1.99334
2.02821
2.0169
1.9924
2.00873
2.01282
2.00748
1.99711
2.00654
1.99334
2.00245
2.00622
1.99177
2.00591
1.99962
1.99962
1.99837
1.99365
2.00402
2.00308
1.9836
2.01188
2.00245
2.00214
2.00402
2.02036
1.99585
2.00716
2.01973
1.98109
1.98957
1.96695
1.99994
2.00716
1.96255
1.98486
2.01125
2.00277
1.99523
1.9902
2.02664
1.99146
1.99303
1.98674
2.02224
1.98486
2.02758
1.98517
2.0257
2.00277
2.0147
1.98988
2.00496
1.99742
2.00088
1.99962
1.98643
2.00748
1.99711
1.99994
2.00873
2.00559
2.00402
2.00622
2.0235
2.00748
1.97041
1.99962
1.99931
1.98643
1.97575
1.98831
2.00559
1.99554
1.97386
2.01596
2.01062
2.00182
2.00182
2.00591
1.99742
1.98517
2.00748
1.98737
2.01784
2.00308
1.99805
1.988
2.01627
2.00968
2.02413
2.01156
2.00308
1.9836
2.00685
1.99523
2.00277
2.03104
2.0147
2.00402
2.00465
2.00811
1.988
2.00622
2.01376
1.99617
2.01125
2.00245
1.99271
1.99146
1.98109
1.99994
1.9792
2.01031
1.97229
2.02256
2.03387
2.00371
1.97418
1.98643
2.03795
2.01879
2.00371
1.99868
2.00088
2.00968
1.97732
1.96727
1.9924
1.99146
1.99585
2.00277
1.98769
2.00308
2.02099
1.98611
2.00434
1.98769
2.00119
2.00716
1.9968
1.98863
1.98769
2.00025
1.98423
2.00968
1.9968
1.99177
1.97355
1.99523
1.98454
2.00182
2.03387
1.97732
2.00465
1.97669
1.98769
1.99397
2.00119
1.98957
2.00151
1.99617
2.01313
2.00654
1.97669
1.97606
1.97795
2.01313
2.04109
1.99334
1.99837
1.9968
1.99837
2.01722
1.96444
2.01219
1.98423
2.01282
1.99711
2.00968
2.02224
2.00622
1.99491
1.97889
1.98737
1.99491
1.99837
2.0147
1.99962
1.999
2.01879
2.00245
2.00245
2.00968
2.01093
1.9968
2.00151
2.00779
2.00339
1.97669
2.0125
2.00528
2.01816
2.00182
2.01659
2.00025
2.00905
1.99146
2.00151
1.99742
1.99397
1.98454
1.97763
1.98926
1.99114
2.00496
2.03292
1.98611
2.01188
2.0125
2.01376
2.00245
2.01313
1.98926
2.02853
1.99334
1.9968
1.97763
2.00465
1.9902
1.99303
2.01659
1.9924
2.00873
2.00622
2.01156
2.00654
2.00779
2.01408
1.98926
2.03324
1.99208
1.988
1.98737
1.99271
1.98863
1.97166
2.00622
2.00025
1.98706
1.98831
1.98392
2.00339
2.00465
2.00873
2.01847
1.9946
2.0125
1.99962
2.00496
1.98172
2.00842
1.99962
1.96821
2.01722
1.96978
2.00339
1.99711
1.98329
1.99868
2.00654
2.02601
1.98454
2.03355
1.988
2.02476
2.02161
2.0191
2.01345
2.00873
2.00371
1.99554
2.01408
1.99554
2.00277
2.00277
2.02161
2.01282
1.9902
1.99365
2.00779
2.00999
1.99962
1.98674
1.99648
2.01565
2.00119
2.00999
1.96915
2.01156
2.00465
2.00465
1.988
1.96664
2.02915
2.00057
1.99146
1.99617
1.98894
2.02601
1.99397
1.98957
1.9902
1.98674
2.01345
2.02633
1.99617
1.96632
1.99585
1.98674
2.01188
2.0125
1.99805
1.9814
1.99303
1.99554
2.01502
2.00999
2.03512
1.97826
1.99868
1.99303
2.00716
1.99837
1.97323
1.98957
2.00339
1.99931
2.00654
2.01596
1.98046
2.00936
2.02601
2.00465
2.01408
2.01502
1.98392
2.02538
2.00025
2.00151
1.99994
1.99428
1.98674
1.98454
2.03135
2.01502
1.999
1.97638
1.97041
1.99177
1.99083
1.98077
1.98957
1.98988
1.99648
1.98926
2.00559
1.99083
2.00622
2.01816
2.01565
1.99051
1.99114
1.97198
2.00465
1.99271
1.9814
2.00622
2.01942
1.99711
1.98046
1.98926
1.99711
2.01282
2.01313
2.00277
1.97072
1.98611
1.97229
2.01031
2.0125
1.97009
2.01345
1.98674
1.99994
2.00182
2.01439
2.01816
2.00779
2.01753
1.999
1.97795
2.01784
1.9836
2.01188
1.99774
2.00496
2.01188
2.00496
2.01596
2.02538
2.0125
1.99051
2.00119
2.01313
2.01345
1.99397
2.00528
1.9924
2.0323
2.01502
2.00434
2.00088
2.03764
2.01313
2.00905
2.03135
2.00151
1.9924
2.00371
2.00968
1.99523
1.99931
1.9946
2.0191
1.99334
2.03512
2.00245
1.99711
2.00465
2.00779
1.99711
2.01439
2.00434
1.98297
2.00088
1.96664
2.01408
1.99523
1.99303
1.99491
1.99962
2.02161
1.98329
1.99365
2.01596
1.99617
2.03041
2.02947
2.01125
2.00622
1.99962
2.01031
1.99994
1.98203
1.99931
1.9902
2.00465
1.98234
1.9968
1.98392
2.01408
2.00811
1.9858
1.98234
2.00748
2.00434
1.98517
1.99805
2.04392
1.9902
2.00842
2.01313
1.97449
2.03261
2.00119
1.99931
2.01125
2.00182
2.00779
2.00685
1.98643
1.97983
2.00716
1.98234
1.99554
2.00842
1.97858
2.01156
2.01031
1.99931
2.03418
2.0213
1.99397
1.9946
2.00496
1.99271
1.99051
1.99146
1.99303
2.01031
2.00119
2.00591
1.98423
2.01282
1.98454
1.98266
1.99805
2.00873
1.99711
1.99208
2.01816
2.00622
1.9946
2.01313
1.97795
2.02067
1.98454
1.99365
1.99334
1.98737
1.99931
1.99083
2.00654
2.00905
2.00308
1.97104
1.97418
1.988
1.97481
2.02884
2.00496
1.98926
2.00151
1.97229
2.02601
1.97009
1.97826
1.99711
1.9902
2.00119
2.00119
2.00779
1.99303
2.00214
1.98517
2.00308
2.00873
2.01031
2.02067
2.00057
2.03355
2.00748
2.02633
1.98611
1.98549
2.01125
2.02413
1.9968
2.00088
1.98674
1.99114
1.99083
1.97763
2.03418
2.00873
1.99962
2.00685
1.99554
2.00591
1.97763
1.99805
1.98988
2.00842
1.97606
1.99208
2.00936
1.9613
1.96287
1.9968
1.97512
2.00214
1.98957
2.01816
1.99994
2.00119
2.01879
1.9968
1.98392
1.99742
1.98454
2.00371
1.98926
2.02319
1.99931
2.01973
1.99303
1.988
1.9858
2.00999
2.00936
2.01345
2.00496
2.01188
2.00811
1.98926
1.99962
2.01439
2.01156
2.0279
1.98769
1.99868
2.01313
1.99083
2.00528
1.99523
2.01219
2.02256
1.98109
1.99208
2.00245
2.00622
1.95721
1.98109
2.00088
2.00088
1.98015
2.00654
1.99523
1.98297
2.02256
2.01879
2.01753
1.98015
2.02821
2.04141
1.99962
1.97135
1.98109
2.00214
1.99742
1.99805
1.99428
1.98454
2.0147
2.01659
2.01093
2.02287
2.01156
2.00873
2.00214
2.00654
1.96852
2.00496
1.98926
2.01659
2.01313
1.98423
1.98486
2.00968
1.97512
1.9924
1.98517
2.01533
2.00245
1.99523
2.00716
2.01533
1.99271
2.02444
2.0125
2.01879
2.03732
2.00434
1.98392
2.00308
2.00119
2.00654
2.00685
1.98988
2.00811
1.99397
1.9902
2.00339
1.99334
2.00434
1.98863
1.98454
1.98863
2.0279
1.99931
1.98203
2.0125
1.9946
1.97261
2.00402
2.00371
1.98549
1.98674
2.00685
1.98926
2.00654
1.98454
1.99303
2.00025
1.96035
1.97858
1.99648
1.9814
2.01596
2.0191
1.98894
1.9946
2.01125
1.99711
1.98957
1.99114
2.01816
1.98926
2.00119
1.98549
2.00716
1.99554
2.00559
1.96412
1.99334
1.98392
2.00371
2.00182
1.98926
1.99146
2.01031
2.04329
2.00591
1.99177
2.00057
2.01188
2.01502
1.99051
2.00151
1.99271
2.02727
2.00842
2.02036
1.99523
2.00182
1.98769
1.99742
2.00591
1.9569
1.97732
1.99837
2.00591
2.01219
1.9836
1.99742
1.99774
1.9635
2.00873
1.99428
2.01282
1.98423
1.99208
2.00496
1.98015
2.02444
1.98737
1.97323
1.99303
1.9946
1.99491
1.99585
2.03073
1.98517
1.99711
1.98957
2.00496
1.99146
2.00779
1.99208
2.00622
1.9814
1.97889
2.03889
2.01031
1.99177
1.99523
2.01439
2.00999
2.00057
2.01219
2.01188
1.99428
1.98737
2.02224
2.00402
2.02287
1.98234
2.01439
2.01659
1.97104
1.99365
1.98831
2.02538
1.99837
1.99931
2.00591
1.98266
2.04738
1.9968
2.01973
2.00842
1.999
1.98894
2.00465
1.99742
2.01847
2.00057
1.98926
1.99114
2.00057
1.96789
1.988
1.98109
1.97543
1.98611
1.97858
1.98517
1.97229
2.00842
2.03575
2.00685
2.01125
2.00371
2.00119
1.99303
2.02036
2.00779
2.00936
2.03073
2.00685
2.03073
2.00999
2.00402
1.98517
1.99365
1.98863
1.98015
2.00308
1.99397
2.00434
1.99994
2.01596
1.99742
2.02633
2.00716
2.01722
1.99805
1.98674
2.01125
1.98234
2.00151
2.00025
2.0213
2.02696
1.99334
2.00088
1.99554
2.02727
1.99585
2.02633
2.0125
2.01973
1.98611
1.99334
1.99114
2.00119
2.00654
1.98769
2.00434
1.97732
1.99711
2.00716
2.01502
2.01502
1.99491
2.02381
1.97889
1.98046
2.00811
1.99397
1.97166
2.02821
1.9814
2.03104
1.99303
1.98894
2.00402
2.01816
1.99334
2.00182
2.00151
2.03418
2.01753
2.00057
1.97198
2.01533
2.0147
1.99554
1.99931
1.98015
1.95376
2.01879
2.00654
2.00716
2.00654
2.00465
1.99931
2.00339
1.99554
1.9924
2.01345
1.98706
1.99365
1.9968
1.99083
1.99868
2.02444
1.98454
2.01062
1.98109
1.9946
2.00277
1.98266
2.01282
1.98611
2.02099
1.99083
2.01093
1.98863
2.02224
1.9858
1.99114
2.01847
2.00339
2.00716
2.00308
2.00591
1.98831
1.98517
2.00496
2.01439
2.02004
2.03135
1.9946
1.9858
2.00025
2.01062
2.02193
1.98266
1.99585
1.98297
1.99648
2.02884
2.00716
1.99303
1.9968
1.99585
2.00371
2.00025
2.00371
1.99585
1.99585
1.99397
1.99491
1.9968
1.99554
1.99837
1.9924
2.02601
2.0169
2.01847
1.9792
2.00811
2.00716
1.98706
1.97889
2.01313
1.98046
2.01188
2.01439
2.0169
2.00402
1.96632
2.00936
1.9836
1.99303
1.97606
1.98926
1.99208
1.9968
2.00182
2.02538
1.97481
1.99271
2.00119
1.99523
2.02758
1.97135
1.99491
1.98988
2.00905
2.01062
1.99962
2.01753
1.98423
2.01627
2.02067
2.00308
2.01282
2.00779
2.00936
2.01282
1.97732
2.00654
1.98077
1.97575
1.99334
2.00308
1.99491
2.00842
1.98077
2.01125
1.97795
1.99334
1.99365
2.02601
2.0235
2.00025
2.01345
2.02319
1.9836
1.99146
2.01659
2.00496
1.97889
1.99114
2.00151
1.99994
2.00182
2.0147
2.01502
1.99334
2.01219
1.95438
1.98517
1.98894
2.00654
2.01533
1.99523
2.00905
1.99962
2.00057
2.01156
2.00465
1.97858
2.00591
1.98737
1.99334
1.99994
2.0169
2.01565
2.01973
1.97952
2.01722
1.99083
1.99083
2.02727
2.00088
2.00119
1.99837
1.99868
2.02633
2.02601
2.02287
1.99742
1.9968
2.00496
2.01282
1.98988
1.99742
1.99334
1.99711
2.00465
2.01282
2.01942
2.00591
2.00591
2.02287
1.96695
2.00308
2.00622
1.99051
1.99711
1.99303
2.0235
2.00685
1.98643
1.98769
1.99585
1.96224
2.00465
1.96475
2.01188
2.02696
1.99365
1.99585
2.01565
1.9924
1.96507
1.99742
1.9968
1.97512
1.98454
2.00434
1.98172
1.97763
2.00936
2.00214
2.01219
1.98957
1.9792
2.00214
2.01156
1.99303
2.00591
1.99585
1.99805
2.00559
2.01188
1.99585
2.01722
1.98957
1.99585
1.98015
2.00716
2.02036
1.98297
1.98486
2.0169
1.988
2.01188
2.00968
1.9968
1.99114
1.97575
2.01502
2.00811
2.00905
2.00371
1.99585
1.999
2.0169
2.00182
1.9968
2.03041
1.98988
1.98737
2.00339
2.01062
1.99208
2.00402
1.96915
1.99114
2.00622
2.00559
1.9902
2.00936
1.98988
2.00339
2.01345
1.9946
1.99648
2.01627
2.01282
1.98988
1.999
1.9924
2.01188
1.97638
2.01973
2.00748
2.00465
1.99365
1.9968
1.98109
2.01565
2.00811
1.99994
2.0191
1.96789
2.00371
2.00685
2.00277
2.00308
1.9968
1.99208
2.02947
1.96664
2.02413
2.01533
2.01125
2.00182
2.00779
1.99962
2.00685
2.01282
2.04078
1.99617
2.01282
2.00842
2.00654
2.02067
2.00057
1.99774
1.9836
1.9946
2.00873
2.00811
1.99931
2.00936
2.00748
1.98863
1.98329
2.00842
2.01408
1.99491
1.99208
2.01533
2.01313
2.01062
2.00811
1.9902
2.02067
1.99617
2.00716
1.99742
1.98988
1.99303
2.01093
1.99962
2.00622
1.99397
2.00308
2.01282
1.98894
1.999
2.00496
2.00277
1.96475
1.98423
1.99208
1.999
1.96318
2.00402
2.00873
2.01942
2.01596
1.99805
1.99994
2.02287
1.98894
1.98109
2.02601
2.00873
1.97606
2.02538
2.0213
2.00151
1.98706
1.98611
2.01093
1.98643
1.9968
1.9968
1.99585
2.00622
1.99805
2.01439
1.9836
1.98831
2.0125
1.9924
2.00905
2.00465
2.00905
1.9814
2.00528
1.99711
1.9902
1.99334
1.99742
1.98831
1.99617
1.988
2.00434
1.97072
2.00214
1.98611
1.9902
1.99962
2.00434
2.02476
1.98706
2.00465
1.99397
2.01031
2.00811
2.02099
2.01219
1.9968
2.01345
1.98392
2.00968
2.00277
1.98988
2.02004
1.98988
1.98831
1.98077
2.00873
2.00025
2.01125
2.02947
2.01093
1.99554
1.98549
2.00968
2.00119
2.00119
2.01156
2.02381
1.99271
2.00402
2.02036
2.03481
2.00496
1.99271
2.02476
1.99617
1.98517
1.99523
1.97009
2.01031
1.97606
1.96569
1.99774
2.00465
1.97669
2.00873
1.98831
1.988
2.01722
2.00873
1.99585
1.99397
2.00811
2.00371
2.00528
2.03355
2.00842
2.01879
1.99837
1.99805
1.99334
1.98926
2.01376
2.00591
2.00779
2.02036
2.00622
2.02601
2.01659
1.99334
1.98926
1.9836
2.02664
2.00025
1.99114
2.00873
2.00716
1.98706
1.9858
1.99711
2.03292
2.0147
2.0257
2.00214
1.96664
2.00088
2.00339
1.99648
2.00716
1.99208
2.00339
1.97952
2.00025
2.01753
2.00277
1.98737
1.97763
1.98203
2.00622
2.01753
1.96601
2.01565
1.99711
2.01973
1.99931
1.98831
1.99617
1.98454
2.01188
1.988
2.00873
1.97606
1.99617
2.00214
1.99334
1.99208
1.96507
2.00685
1.99711
1.99491
1.97449
1.988
2.00119
1.97669
2.01533
1.97983
1.99083
2.00308
2.01031
1.99711
2.01847
2.01722
1.99742
1.98015
2.04455
2.00936
2.03104
2.02161
1.98297
1.98423
1.99585
2.00528
2.00654
1.99208
2.0125
2.00308
1.99742
1.98863
2.00182
1.99491
2.01093
2.01533
2.00214
1.9902
1.98957
1.99711
2.00465
1.9924
2.00057
2.00779
2.03669
2.03261
2.01973
1.99491
2.00214
2.00748
1.99648
1.98706
1.98769
2.0125
1.97763
2.02884
2.00685
2.00339
2.00999
1.99837
2.00434
2.01596
2.01282
1.99711
1.98769
2.00873
1.9591
1.98706
1.99428
1.99146
2.00151
2.0169
2.03073
2.00308
1.99397
1.98737
1.9946
2.03073
1.96632
1.98549
2.01596
1.99585
2.00968
1.98486
1.99208
1.99962
2.01753
1.99617
1.98988
1.99051
1.97889
1.98549
2.00057
2.01376
1.99051
2.01031
1.98769
1.98486
1.9924
1.99994
2.01062
1.99177
2.00748
1.99271
2.02727
2.00779
1.98297
2.01533
1.99837
1.97889
2.00151
1.98549
1.99805
2.00716
2.00999
2.01062
1.99805
1.98046
1.98769
2.00936
2.00685
1.99397
2.00151
2.00057
1.9814
1.98423
1.99114
2.00968
2.01031
2.00591
2.03387
2.00685
2.00088
2.01093
2.00622
1.98706
1.97575
1.99051
1.99491
2.01062
1.99303
2.00057
1.98392
1.9902
1.99208
2.00905
2.0147
1.99177
2.00308
2.01816
1.98706
2.01408
1.98517
2.02287
2.00214
2.01345
1.9968
2.00591
1.97229
2.00622
2.01502
1.9968
2.00402
2.00214
2.00025
1.99931
1.97889
1.99931
1.9968
1.99428
1.99554
2.00496
2.00088
2.00591
1.99742
2.01125
1.99397
1.99742
2.0279
1.9836
1.99397
1.99114
2.01156
2.0169
2.01596
1.9946
1.99994
2.00057
1.98486
2.00277
2.01093
1.99585
2.00119
1.98737
1.99146
1.96067
1.977
1.98706
1.98706
1.99711
1.99837
1.99303
2.00182
2.02947
1.98674
1.97072
1.97669
1.98611
2.00402
1.99774
1.97355
2.00496
2.02381
1.96475
1.97072
2.00339
1.9902
1.98769
2.03387
2.00308
1.99397
1.98894
2.02161
1.97135
1.99523
1.98234
2.01062
1.98894
1.98926
1.9924
2.04549
1.98643
2.00119
1.999
2.00496
1.98486
1.97229
1.99083
2.02381
2.00622
2.01062
2.00685
1.98486
2.0213
1.97983
2.00559
2.00214
2.0125
1.99868
1.99146
2.01408
2.01156
2.02381
1.99837
2.02036
2.00559
2.00999
1.96946
2.01627
1.99208
2.02444
2.00402
2.0147
2.00277
2.00402
1.99931
2.01376
1.99585
2.02193
1.99585
2.04392
2.00968
1.9924
2.02853
1.99051
2.01847
1.9968
1.98297
2.00277
2.00842
2.03575
2.01188
1.97669
1.97072
1.97763
2.01627
1.97795
2.02067
1.99711
1.9968
1.96789
1.99303
2.01313
1.99962
2.00214
1.99523
2.00842
2.03041
1.99837
2.0147
1.99146
1.99083
1.99868
2.00591
2.01722
2.00496
1.98454
1.99994
2.01502
2.00057
2.00025
1.98674
1.9968
1.98329
1.99334
1.99868
2.01093
2.04423
2.02319
2.01282
2.02507
1.99177
1.99208
2.00905
1.99617
1.98988
2.01659
1.98643
2.00245
1.97952
2.03135
2.02099
1.98392
1.98172
1.98454
1.99962
2.00842
1.99617
2.0147
2.00088
1.98329
2.02319
1.98894
1.97009
1.97826
1.99742
2.02476
2.00936
2.01156
1.96381
2.01408
1.97229
1.9924
1.99585
2.01376
2.00905
1.99114
2.02476
1.99428
1.98423
2.03418
2.00591
1.97858
1.99742
2.00528
2.00654
1.9902
1.99491
2.00968
1.99805
1.97826
2.01502
1.98234
1.99774
2.01125
2.01345
1.98454
1.98894
2.01439
2.00905
2.01282
1.99271
1.99837
1.977
1.99868
1.98894
1.99083
2.00654
2.00182
2.01533
1.98392
1.98863
1.96695
2.00088
2.0169
2.01659
2.00779
1.98454
2.02036
1.99523
2.03324
1.98297
2.00308
2.01125
1.95973
2.01313
2.00402
1.999
1.97512
2.00873
2.02193
1.96727
1.96067
2.00936
1.98046
2.01376
1.9858
1.97292
2.0213
2.00277
1.99742
2.00434
1.99523
2.0301
2.00685
1.99177
1.99837
1.98549
2.02476
2.01533
1.99397
2.00779
1.99931
1.99177
2.02853
1.98266
2.01439
2.02067
2.01847
2.00465
2.00779
1.99931
1.97638
2.02507
2.02067
1.9858
1.99837
1.99931
1.97826
1.99303
2.01942
1.98957
2.01282
2.0213
1.99962
2.00685
1.999
2.02319
2.00779
1.98926
1.99177
1.99428
1.99397
2.00559
2.02947
1.99114
1.97606
2.01093
2.00905
2.00371
2.01062
1.98957
1.99994
2.00119
1.9902
1.98894
1.98423
1.97449
1.988
1.98894
1.99962
1.95847
2.00811
2.00811
2.02664
1.9858
2.00654
2.01753
1.9836
2.04046
2.00968
2.00528
2.01784
2.00339
2.01282
2.02036
1.98454
2.00779
1.99271
2.01188
1.99083
1.98611
1.98297
1.99617
1.99805
2.00842
1.98706
1.97795
1.98549
1.9814
1.97983
2.01502
2.00591
2.01942
1.99648
2.03764
2.00685
2.00214
1.98769
1.99837
2.00402
1.96538
1.97638
2.01031
2.00277
2.01659
2.01376
1.96758
2.01313
2.00559
2.01439
1.98266
1.96884
1.99648
1.98203
1.99177
1.9858
2.02947
1.99648
2.01125
1.99397
2.00873
2.00402
2.01125
1.98674
1.98957
1.98517
2.00496
1.99994
2.00905
2.00842
2.01722
1.98674
2.01533
2.00685
2.01565
2.00999
2.00434
1.97386
2.00496
2.00151
1.96978
2.01282
1.97292
2.02161
2.02507
2.00591
1.99617
2.01125
1.99648
1.98297
2.00277
1.99177
2.02256
2.00873
2.00842
2.01659
2.01627
1.99208
2.00591
1.98234
1.99334
2.01062
2.00339
1.988
1.9792
2.00842
1.988
2.00654
1.99083
1.99711
1.98957
2.01345
2.00245
1.9569
1.99523
1.9968
1.9858
2.00591
2.03041
2.00622
1.96569
2.00214
1.98957
2.00496
2.01784
1.99868
1.99303
2.00559
1.98046
2.03261
1.98926
1.9902
2.02319
2.02067
2.01973
2.00339
1.97952
1.99711
1.99397
2.00088
1.98172
2.01816
2.0301
2.00779
2.02193
1.9836
2.0213
2.02319
2.00339
1.99303
2.01408
1.99774
1.98046
1.99931
2.00685
1.97732
2.00339
2.00842
1.98863
1.98674
2.01219
2.00308
1.999
1.95564
1.98015
1.99491
2.00905
2.00402
2.00905
2.00591
1.97858
2.01345
1.97041
1.99208
1.9946
1.98109
2.00182
1.98926
1.988
2.01784
2.01219
2.00277
2.0279
1.99397
2.04141
1.99177
1.9924
2.00151
2.00088
2.0213
1.99146
1.99051
1.98957
1.98015
2.00936
1.99208
2.01816
1.98172
1.99208
1.98486
1.999
2.00968
1.99428
2.0125
1.99585
1.99617
2.02915
1.99585
1.98926
1.99837
1.99868
2.02696
1.97261
1.97606
1.97512
2.00088
2.01156
1.99083
1.98266
1.98611
1.98737
1.98737
2.00968
2.00465
1.97732
2.01282
2.02067
2.01659
1.99962
2.01282
2.00308
2.00716
2.00151
2.00968
1.9946
1.99083
1.98549
2.00748
2.01062
1.97355
2.02067
1.99585
1.98611
2.01282
1.97166
2.00214
1.99365
2.00182
1.99491
2.00496
2.02444
2.00025
2.00339
2.00811
2.00151
1.98266
2.00434
2.01565
2.00968
1.98266
2.02004
2.00245
2.02161
1.99711
1.9792
1.99114
2.00214
2.00591
2.03292
2.01973
2.00182
1.97952
2.00654
1.99208
2.00905
1.99428
2.02287
1.99428
2.00182
2.00685
2.01753
1.98015
1.99051
2.00968
1.99208
1.97826
2.01062
2.01596
2.01376
1.99931
2.01847
1.96758
2.01816
1.9836
2.02067
1.98046
1.96758
2.03732
1.97261
1.98957
1.99051
1.96789
2.01062
1.98926
1.99742
1.9968
2.00559
2.00591
1.99837
2.01879
2.00057
2.01313
2.00308
1.97104
2.02664
2.02915
1.99114
2.00119
2.0235
2.00496
1.97543
2.01408
2.00025
1.97669
1.98894
1.99962
2.01156
1.98831
2.04361
1.96507
1.98297
1.99397
2.00811
2.02507
2.03104
1.999
1.99868
2.00057
1.97606
2.01502
2.00873
2.00277
2.03984
2.00842
1.99805
2.00685
1.99365
1.99271
1.96695
1.9858
1.97763
2.02601
2.00999
1.9946
1.98674
1.98392
2.00779
2.0279
1.99648
1.98549
2.00308
1.98266
2.00779
1.98392
2.00654
2.01942
1.98957
2.00182
1.99711
1.99711
1.97669
1.98109
1.99428
1.99931
1.98392
1.98611
1.99617
1.97606
1.95941
2.0235
2.00496
2.0235
2.01125
2.00905
1.98737
2.02287
2.01533
2.00905
1.9858
2.01125
1.99554
2.02633
2.00559
2.01408
2.01282
1.99648
2.00088
2.01565
2.00591
1.9968
2.00057
1.98046
2.01125
2.02004
1.99585
1.98266
1.99397
2.00434
1.98988
2.00622
1.98769
1.98643
1.98831
1.97669
2.01125
2.02947
2.00999
2.01565
1.99648
1.98831
2.01282
1.98203
2.01188
2.01408
2.00685
1.99617
1.99334
2.01502
2.01942
2.01062
2.02256
1.97669
1.99805
1.98234
1.97732
2.0191
2.00622
2.00999
1.99994
2.00119
1.99051
2.00905
2.01502
1.999
1.99931
1.98674
2.03418
2.02193
2.02476
2.0213
2.00999
1.99648
1.9814
2.00748
1.98769
1.99397
1.98957
1.98988
1.99146
1.99397
2.01282
1.99365
1.97512
2.01879
1.99303
1.9968
2.03638
1.97606
2.03638
2.03889
1.96946
1.97449
2.00214
1.9924
2.00465
2.00339
1.96758
2.00811
1.98643
2.00402
1.99271
1.98957
1.98988
2.01345
2.02161
2.00057
2.01565
1.99334
2.00308
1.9968
2.01722
1.98863
2.00025
2.02099
2.00936
2.01565
1.97606
1.98894
2.0147
1.99146
2.00088
1.99051
2.01627
1.9858
2.00245
1.98737
2.00873
2.01156
1.9836
2.00182
1.98549
2.02381
1.99208
1.98172
2.01062
2.00936
1.98517
2.01345
1.97732
1.98172
2.00905
2.01282
2.03261
1.98392
2.00968
2.00371
1.98423
1.99962
1.99774
1.99805
2.01627
1.98643
1.98454
2.02601
1.99428
2.00716
1.96915
1.999
2.00182
2.00339
1.97449
1.98203
1.98517
2.00905
2.02004
2.00339
2.02287
1.99334
2.00936
2.00496
1.98486
2.01439
2.00842
2.00245
2.02036
2.00842
1.98674
2.00371
1.98297
2.01722
1.999
2.00528
2.00591
2.02633
1.99742
2.00654
1.97889
2.01062
2.00716
1.98297
2.00622
1.99994
2.02287
2.01031
2.00182
2.01188
2.01219
2.01973
2.01031
1.99742
1.97512
1.99742
1.99554
1.99617
1.99962
1.98894
2.01973
1.99208
2.00936
2.00025
2.01502
2.00622
2.00811
2.01156
1.97952
1.99617
2.00182
2.02444
1.97135
2.02067
1.99805
1.9968
1.97795
2.01031
2.01219
2.01282
1.99648
1.98957
1.99523
2.00434
2.01408
1.98769
2.02507
2.01031
1.99617
2.01282
1.9946
2.00622
1.98517
1.97135
2.00182
2.00371
2.04926
2.00214
1.999
1.99051
1.98769
2.01502
2.01219
2.00622
1.98517
2.00779
1.99994
1.98046
1.98329
2.00811
1.99554
1.98486
1.98329
2.00308
2.00245
1.99962
2.01156
2.02224
2.01408
1.98737
1.98392
1.97104
1.99742
1.99083
2.02633
2.01659
2.0213
2.0147
2.01093
2.0125
1.988
1.98674
2.00119
2.00685
1.98926
2.00811
2.00716
2.00528
2.00308
2.00025
2.00088
1.97166
2.00182
2.01031
2.02633
1.9814
2.0169
1.98172
1.99083
2.00465
2.00748
1.99523
2.00873
1.99114
1.9946
2.02507
2.00591
1.99617
1.98957
2.0235
1.99805
1.9924
2.00528
2.00088
1.99585
2.02727
1.99994
1.9836
1.99648
2.00245
1.98454
1.98392
1.9968
1.9814
1.99931
1.988
2.00591
2.02319
1.99742
1.96821
2.00151
1.97952
2.02067
2.00119
1.99428
2.00622
2.00214
1.99742
2.01439
1.98863
1.99868
2.00685
2.0213
1.99742
1.96978
1.99083
2.00182
2.02067
1.999
2.00842
2.02067
2.01282
1.96601
1.99428
1.9836
2.00245
2.01973
1.99428
2.00057
2.00025
1.99585
2.00245
1.99334
2.00402
1.98737
2.00748
2.00842
1.98517
1.99962
2.01502
2.00591
2.02067
2.01093
2.00057
2.02224
1.99837
1.98737
2.02036
1.99805
2.01879
2.00905
1.99962
1.99146
2.00119
2.02696
1.97481
1.97669
1.98297
1.99994
2.00528
2.00245
1.99554
1.98392
2.01847
1.99428
2.01062
2.01942
2.00779
2.02099
2.00277
2.00779
1.999
2.00716
1.97418
1.99554
1.9968
1.98266
2.01062
2.02067
2.01784
1.96852
1.99303
2.00654
1.99617
2.02915
2.01659
1.99962
1.98549
1.99365
1.99868
1.99051
2.01502
1.97261
2.01533
2.01942
1.96067
1.97858
2.02476
2.01062
1.99742
2.03481
2.00496
2.02444
2.01722
1.99962
1.99365
2.00339
2.00214
1.97135
2.01847
2.0213
1.96412
1.99711
1.99271
2.01188
1.99397
1.96161
2.00559
1.99585
1.98737
1.98863
1.99177
1.99208
2.00654
1.98203
2.01627
1.99051
2.01282
1.98769
2.00842
2.00591
2.00339
2.02256
1.98957
2.00842
1.99962
1.99491
2.01847
1.99114
1.99994
1.99617
1.99146
2.01062
1.98988
2.00245
1.99554
2.0147
1.96946
2.01313
2.00308
2.01125
2.0169
2.01596
2.01376
2.00182
1.99271
1.99491
2.00654
2.01345
1.97386
2.00434
2.01816
2.01219
2.01376
2.02821
2.00779
1.98046
2.00968
2.00214
2.02036
2.02853
2.02947
2.01062
1.97795
1.98611
1.98549
1.99648
1.99554
1.98109
1.98549
2.01627
2.00559
2.00277
2.00402
1.98957
1.99554
2.01627
1.96507
1.99585
1.98894
2.01031
1.97449
2.02507
2.03104
2.00528
2.00182
2.01659
2.00371
1.99962
2.00434
2.01847
1.98329
2.00748
2.01816
1.98392
2.01125
1.9968
2.00119
2.03481
2.01031
2.01345
1.99648
1.98894
1.98643
2.02036
2.00779
1.99114
1.99208
2.02099
2.01627
2.00654
1.99711
2.01376
2.00496
1.99711
2.00842
1.99491
2.01502
2.0345
1.9924
2.01031
2.00654
2.00811
1.98109
1.99868
1.97826
2.00277
2.00591
1.99837
2.00151
1.98454
1.97543
2.00371
1.99365
2.03512
2.01816
2.00025
1.97229
2.00182
1.99051
2.00716
1.98926
1.99931
1.98674
2.01062
2.01282
1.98737
1.99742
2.00277
2.01408
2.01125
2.01816
1.9968
2.00905
1.97983
2.02381
2.01219
1.99334
1.99585
2.02696
2.01533
1.96852
1.98863
2.00434
1.97606
1.99962
1.999
2.00685
2.00968
2.01439
1.99334
2.01722
2.00402
1.98423
2.00057
1.99994
1.98988
2.01408
1.97763
2.00245
2.00779
2.00402
2.01156
1.98172
2.02319
1.9902
1.9946
2.0235
2.01188
1.99397
2.03104
1.97543
2.00402
2.01313
1.98454
2.00811
1.99146
1.99271
1.98234
2.00057
2.0279
1.98674
1.99491
2.0191
2.02004
1.9924
1.99868
2.02853
2.00622
1.99711
2.01408
2.0257
2.00339
2.00465
1.99208
1.9792
2.02413
1.98769
2.00151
1.99585
1.99742
2.01282
1.98611
1.99931
1.99397
2.0147
1.98643
2.01031
1.98329
1.9814
1.99774
2.00308
2.00842
1.99083
1.98737
1.96067
1.99931
2.00025
1.99177
1.98674
1.97386
2.00999
1.98392
2.00182
2.00025
1.96381
1.98957
1.98486
1.99146
1.988
2.00214
2.01722
1.98329
1.99523
1.97449
1.97826
1.9924
2.02884
2.00277
2.03952
2.00245
2.01502
2.01313
1.98517
2.01345
2.02193
1.99711
2.01345
1.99365
2.00905
1.99617
1.96601
1.99648
1.988
2.01439
1.97826
1.98863
1.99146
1.99837
2.02507
1.9968
2.01502
2.02633
2.02758
1.98957
2.00088
1.9858
2.02287
2.01816
2.0147
1.98926
1.99491
2.00245
2.01219
2.01345
2.01784
2.02978
1.98549
2.00622
2.00434
2.05083
2.00873
1.96758
2.01188
1.98392
1.99962
1.98015
1.99051
1.9924
2.01627
1.99177
2.00465
2.01188
2.01093
1.98486
2.00716
2.01188
2.00057
1.99962
2.00528
1.99837
2.01062
1.9792
2.01596
1.9858
2.00528
1.97983
2.00842
1.98203
1.98737
1.98109
2.02381
1.9792
1.99585
1.99648
2.0147
2.00402
1.98737
2.00308
1.98015
1.99334
1.97135
1.98706
1.98926
1.97355
2.00151
1.999
1.99208
2.00057
1.9968
1.9924
1.9902
1.9902
1.99428
2.01627
2.00873
2.00496
2.02224
2.02444
2.01376
1.98737
1.9858
2.00842
1.98611
1.99711
2.01031
2.0191
1.99523
1.99271
1.99114
2.0147
2.00748
1.9858
1.98769
2.01533
2.02287
1.97323
2.00277
1.98674
1.9836
2.01125
1.99334
1.9946
2.01345
2.02067
2.00528
2.00057
2.04078
2.01345
2.01062
1.99523
1.98234
2.00999
2.00873
1.99837
1.9946
1.99208
2.0235
2.04549
2.00182
1.97983
2.00905
1.99428
2.00088
2.0191
1.98549
2.00779
1.97669
2.01376
2.00465
1.99962
2.01627
2.01722
2.0191
2.00371
2.00277
1.9858
2.00779
1.99114
2.02099
1.98831
1.99271
1.96475
1.98266
1.99428
2.0169
1.97983
2.01439
1.98769
2.00151
2.0125
1.98517
1.99805
2.00339
2.0235
1.99208
2.00088
2.01942
1.99523
2.01156
2.00528
2.0147
2.01125
2.01219
1.99617
1.977
2.01282
1.99271
1.97983
1.99271
1.99711
1.98454
1.99303
1.98486
2.01816
1.99523
1.99962
2.00434
1.99868
1.98988
2.00654
2.00716
1.99303
1.99711
1.97041
2.01376
1.99428
1.99837
2.00465
1.98203
2.00779
2.00214
1.99491
2.01282
1.9946
1.99805
2.01156
1.97449
1.99805
1.98266
2.00622
1.98831
2.01093
2.01502
1.98894
1.99365
1.97575
1.98769
2.00999
1.97041
2.01502
1.98329
2.02161
2.01313
2.01502
1.98517
1.9902
2.00999
1.98486
2.01219
2.02224
1.96727
1.999
1.98454
2.00371
1.97449
2.00088
1.99868
1.99208
2.03701
1.99303
2.02915
2.01439
2.00496
2.00654
2.01565
2.01219
2.01847
1.999
1.999
2.03889
1.99994
2.02287
1.98297
2.00685
1.98926
1.98737
1.99805
1.99585
1.96789
2.03858
2.01502
1.99837
1.98737
1.97858
1.99083
2.00119
1.98486
1.97229
2.00748
1.98234
2.00622
2.0191
1.97952
2.00402
1.98046
2.03073
2.02224
2.00245
2.01376
1.98674
2.01093
2.00119
1.999
2.0213
2.03481
2.02633
2.00434
2.00496
1.98266
2.00622
1.99617
1.98046
2.03198
2.02507
2.01313
2.01879
2.00339
2.00716
1.99303
2.01376
1.95941
2.00716
2.01847
2.01125
1.99617
1.97826
2.01219
1.99931
2.02601
2.01596
1.99962
1.99711
1.98234
2.00811
2.00339
1.9858
2.0169
2.00214
2.02193
1.98172
2.03135
1.99114
1.9902
2.00151
1.97575
2.00936
2.00716
2.00057
2.01188
2.00685
1.99334
1.99554
1.99805
1.99805
1.99711
1.99523
1.99303
1.99962
2.00873
1.97198
1.97763
2.01125
1.988
2.00308
2.00999
1.98894
1.98517
1.97795
2.00528
2.00905
1.98926
2.00685
2.00465
1.9924
1.98674
2.01313
1.97009
1.99334
2.01596
2.00465
1.99805
2.00402
2.01408
2.00214
1.98549
2.01659
1.97983
1.98894
2.00402
2.01439
2.00528
1.98863
1.9946
2.01439
2.0191
1.98957
2.00968
2.02067
1.97606
1.99994
1.99083
1.97166
2.01565
2.01156
2.00088
1.99711
2.00591
1.99774
1.9858
2.01313
2.00936
2.0213
1.97575
1.9968
1.99585
2.00873
1.99585
1.9814
2.01219
2.02193
1.99491
2.00936
1.98894
2.00339
1.97983
1.99805
1.98486
1.99585
1.9924
1.99837
2.01156
1.9968
1.98737
1.97575
1.99648
2.01502
2.01565
2.00371
2.00057
2.01816
1.9902
1.9968
2.01439
2.00905
2.00559
2.0191
2.00999
1.99271
1.96601
2.0147
1.98266
1.98234
2.00968
1.99617
2.0147
1.9836
1.97732
2.00496
2.01062
2.01188
1.99428
1.99805
1.9946
1.99805
2.00591
2.00088
2.00088
2.01565
1.99051
1.99146
1.99428
2.00654
2.01502
2.01313
2.00465
1.98957
2.00622
2.00025
1.988
1.98392
1.999
1.98611
1.9924
1.988
2.00308
1.99208
1.98957
1.98894
1.99303
1.98926
2.00088
1.99868
2.00779
2.00151
1.99303
1.99491
1.99837
1.99271
1.98706
1.9792
2.00968
2.02507
2.00654
2.00873
1.98988
1.98203
1.97983
1.99523
1.98611
1.99554
1.96695
2.02727
1.99774
1.99617
2.00496
2.00434
2.00214
2.02978
2.0345
1.99837
2.00151
1.99742
1.99805
1.99271
1.999
2.00496
2.01313
2.00402
1.99271
2.00779
2.02036
2.00182
1.97952
1.99491
1.99868
2.01219
1.99774
1.98769
1.96601
1.99051
2.01973
2.01784
1.97575
2.01439
2.01722
2.00936
2.01408
1.98957
2.00999
2.00182
1.999
2.0213
1.99931
2.02099
1.99585
2.01659
2.01188
1.97889
2.00999
2.00465
2.01031
1.99334
1.98234
1.99931
2.01784
2.02224
1.98894
2.01753
1.98423
2.03984
2.01408
1.99774
1.96727
2.00654
1.99648
2.00465
2.01188
2.00402
1.99303
2.02633
1.98454
2.01188
1.99146
1.99491
1.9968
1.99114
2.00716
1.99837
2.01565
2.00434
2.00622
1.99962
2.00277
1.99365
1.99051
1.9814
1.99648
1.99334
1.99428
2.01376
1.98297
1.97889
1.99271
2.00936
2.0147
2.00402
1.99837
2.02161
1.99083
2.01188
1.99491
1.98957
1.9902
2.02099
1.97889
2.02413
1.99994
2.01784
1.99114
1.9792
2.00371
1.98737
1.9902
2.01879
1.99962
2.01219
1.98894
2.02381
2.01219
1.99051
1.99711
1.98863
1.9814
2.0235
2.00339
2.00182
1.98517
2.00748
2.00716
2.00716
1.99648
1.96695
2.00685
2.01219
2.02161
1.99397
1.96475
1.98109
2.00245
1.98988
2.00308
1.98769
2.01125
2.01156
2.00842
2.01093
1.98957
2.01031
1.977
1.97638
1.97952
2.02067
2.02319
1.98266
2.00119
1.98517
1.99711
1.99397
2.00308
1.97732
1.98674
1.99208
1.98203
1.99868
2.00151
1.98423
1.98769
1.99397
2.01219
2.01627
2.01031
1.98109
1.99837
1.99334
2.00151
2.01125
2.00999
2.00245
1.99051
2.00968
2.02538
1.99585
1.99083
2.00339
1.96475
2.00277
2.00025
2.00905
2.00591
2.00119
1.98077
2.00057
1.98077
1.98957
1.99868
2.00591
1.98863
1.96789
2.01659
1.99397
2.01942
2.01942
2.01942
2.01942
1.9858
2.00811
1.97606
1.99051
2.01596
2.00308
1.99742
1.99303
1.97669
2.04863
2.03073
1.99303
1.99428
1.98266
1.98769
2.01282
2.01879
1.99146
1.98674
1.99648
1.99742
2.00339
1.99617
2.01753
1.99051
2.0125
2.01031
2.02004
1.99334
1.98737
1.99428
2.00968
1.98611
1.99931
2.01031
1.99491
1.99931
1.97889
2.00088
1.98549
2.01502
2.0147
2.00936
2.00905
2.01062
2.02319
1.98172
1.9946
2.01784
2.00591
1.99334
2.00654
1.99805
2.00088
1.99271
1.99397
2.00936
1.98706
1.97292
2.01282
2.01062
2.00716
2.01282
2.01565
1.97889
2.00465
2.00968
2.01031
2.00402
2.00936
2.0213
2.01659
1.97292
2.01188
2.01565
1.97292
2.00905
1.98046
1.99774
2.00402
2.02444
2.00559
2.03104
1.99365
1.97512
2.03324
1.99523
1.97072
2.01282
1.98172
2.00339
2.02287
1.99962
2.01942
1.99931
1.999
1.98077
1.9946
2.00025
1.98203
1.98863
1.98957
2.00559
2.02004
2.00591
2.00088
1.96758
1.98611
1.98957
1.99742
1.99805
2.0213
2.0125
2.01188
1.99742
2.01031
1.99962
2.01533
1.97638
2.01627
2.00277
2.00182
1.98674
1.99491
2.00779
1.97323
1.98831
2.00968
1.99051
1.99585
2.0213
2.02538
2.00559
1.99365
2.00905
2.01093
2.00434
1.99303
2.01188
1.9836
2.00402
2.00339
1.97543
1.97889
1.99931
1.9924
1.99554
1.99805
1.99805
2.00371
1.999
2.00119
1.9858
1.95847
2.01408
1.96978
2.00968
2.01156
1.98769
2.00968
1.97041
1.99868
1.9902
2.01533
1.99742
2.02256
2.01282
1.99334
2.0169
1.99397
1.98957
2.01031
1.99523
1.98831
2.00559
1.97858
1.99491
1.98926
1.99868
2.01439
1.98643
1.97606
1.99962
1.98392
1.98926
1.99208
2.00214
1.98894
2.01282
2.00151
1.977
2.01565
1.9946
1.98392
1.97732
1.97669
1.99617
1.988
2.00402
1.97323
1.97449
1.97481
1.99931
1.99177
1.97952
1.99648
2.00779
1.98863
1.99303
2.00716
2.00057
2.01093
2.00057
2.02727
1.98172
1.99711
2.00339
2.01156
2.00968
2.00339
2.01753
2.00088
2.02193
2.00182
2.00402
1.98015
1.99083
1.99083
1.98674
2.01156
1.98329
1.9924
2.0235
2.00716
2.02036
2.01345
1.99146
1.99428
2.01156
1.99805
2.01439
1.97323
1.97104
1.99428
2.00716
2.01345
2.00025
2.00119
1.99585
2.00622
2.01156
1.99365
2.01533
2.02507
2.00025
1.97104
2.00716
1.9836
1.98737
1.98109
1.99428
1.99083
1.9968
2.02538
1.9924
2.01062
1.99585
2.00936
2.00905
1.988
1.99208
1.98109
2.03135
1.99931
2.02381
1.98674
2.00685
2.02224
1.98486
1.99805
1.99617
2.00182
2.00277
2.00685
1.99177
1.99585
2.03355
2.01313
2.01125
1.97638
1.97449
2.00434
2.00151
2.00371
2.01847
1.99303
1.98172
1.99303
2.00591
2.02287
2.01847
2.01376
1.98706
1.99334
2.03701
2.00496
1.98203
2.00182
2.01722
2.03167
2.0147
1.99051
2.00591
1.98737
1.99083
1.98737
2.01502
2.02413
2.01062
2.00025
1.99648
1.98643
1.99805
2.01031
2.00842
1.98894
2.00716
1.9968
1.99523
1.99554
2.02036
1.96601
2.02099
2.00528
2.00434
1.99931
1.9836
1.98611
1.99962
1.99428
1.99208
2.00465
2.00559
2.00025
1.988
2.01565
1.98423
2.00496
1.99208
1.99711
2.00182
2.01062
1.96915
1.98926
2.02381
1.99711
2.01879
2.03512
1.98234
1.99523
1.98988
2.01282
1.99303
2.00591
2.0169
1.99994
1.97858
2.00119
1.99711
2.01125
2.00277
2.00528
2.00748
2.00999
2.01439
2.02381
2.00245
1.98863
2.01722
2.01345
1.98831
2.00716
2.00685
2.00182
1.99742
2.00748
2.01219
1.999
2.02287
2.00277
1.99146
2.00779
1.9858
1.9836
1.98737
1.97889
1.9946
1.99051
1.97763
1.99805
1.98863
2.00057
1.99397
2.00025
1.9946
2.01439
1.99868
1.98454
2.00905
1.99334
1.98517
2.00057
2.00245
1.9946
2.00465
2.00811
1.98549
2.00528
2.0213
1.99711
2.01345
2.00779
2.00811
1.99648
2.00151
1.99805
2.00371
1.99334
1.99365
1.98203
1.99962
1.99554
2.03198
1.98015
1.98392
1.97983
1.97543
1.98957
1.97952
1.99648
2.00057
1.97763
1.99554
2.00936
1.99491
2.00905
1.94936
2.00905
1.99994
1.98894
1.9836
2.01031
1.98674
2.0147
2.00685
1.9946
2.00339
2.00339
1.98674
1.98926
2.00402
2.00371
1.99711
2.01627
2.00119
1.99523
1.97638
1.98894
1.99397
2.00371
1.99083
2.00811
1.9968
2.0323
1.98549
1.9836
1.98863
2.00622
1.96789
1.97763
2.00245
1.98737
2.01659
1.99428
1.98486
2.02476
2.03607
2.00999
2.01156
2.00025
2.02319
1.99868
1.96224
1.9946
2.01345
1.98706
2.01345
2.00339
2.0191
1.999
2.00811
2.02067
1.99208
2.00151
1.99523
1.98423
1.99365
2.00905
2.00434
2.00214
1.98077
1.98926
1.99428
2.01722
2.00685
2.02256
1.98863
2.01062
1.99523
1.99805
1.96915
1.99114
1.99051
2.01062
2.01156
1.98486
1.99271
1.9968
1.99365
2.00716
1.99554
2.01502
1.96789
1.99962
2.00559
1.98486
2.00716
2.01439
2.00371
2.00999
1.98423
1.97261
1.9635
1.97732
1.99868
1.98831
2.00402
2.02758
1.99962
2.00371
2.01062
2.00119
2.01376
2.0125
2.01942
2.01439
1.98392
2.00057
1.9613
1.96067
2.03387
2.02193
2.01062
2.01062
2.02287
2.00277
2.00465
2.00716
2.00968
1.99837
1.98957
2.00214
2.00119
1.98015
2.00088
1.97323
2.00716
2.00214
2.01942
2.00402
1.99271
1.98894
2.00277
2.01125
2.04172
1.97418
2.01282
2.01125
1.99962
1.98297
1.98297
2.02601
1.99177
1.98988
2.01062
2.00654
2.00371
2.0169
1.97763
1.9635
2.00025
2.00057
1.98863
1.99774
2.00465
1.99083
2.00434
2.00434
2.00214
2.01062
1.97481
1.99303
2.00434
1.99805
2.00842
1.99554
1.98077
2.02224
1.98988
2.0235
1.99365
1.97669
1.99994
2.01408
1.97449
2.00779
1.9924
1.99837
2.00308
2.00434
1.98046
1.9902
1.96632
1.99177
2.00779
1.98706
1.99742
2.01816
1.99491
1.98926
1.97983
2.00842
2.00182
2.01408
1.99805
1.98674
1.97386
2.00339
