2.00469
1.99408
1.99731
2.00225
2.01306
2.00985
2.00379
2.00375
2.01591
1.98862
2.00481
2.00137
2.01463
2.00807
2.01077
1.97741
2.0015
2.00628
2.00055
1.9892
2.00204
2.00532
1.99295
1.99855
2.00266
1.99634
2.00056
2.00472
2.00738
2.01029
2.00152
1.99011
2.00883
2.0095
2.00965
1.99666
1.99322
2.01458
2.0127
1.99175
2.00399
1.9928
2.00164
2.00215
2.00357
1.9938
1.99549
1.99896
2.01132
2.00898
2.00901
1.98232
1.99058
2.01758
1.99944
2.00457
2.00035
2.02028
1.99976
1.99308
2.01477
2.01577
2.01048
2.01922
1.9955
2.00733
2.00792
1.99452
2.00327
1.99329
1.98727
1.99994
2.01908
2.00572
2.01067
1.99233
1.98912
1.99979
2.01543
1.98959
1.98709
1.98661
2.02239
1.99798
1.99589
1.99076
2.02421
1.99264
1.99481
2.01577
2.01206
2.00011
2.00728
1.99028
1.99588
1.99641
2.00873
2.00134
1.99429
1.98801
1.9881
1.99757
1.99071
2.00026
1.99096
1.99272
2.00928
1.99565
2.00761
1.99174
2.00982
1.99366
1.99554
1.9958
2.00291
2.00071
1.99821
1.99084
2.0051
1.99182
2.00132
1.99538
1.9911
1.99112
2.00483
2.01222
2.00222
1.99118
2.02574
1.99325
1.99422
2.00453
1.99607
2.00221
1.98263
1.99718
2.01746
2.00805
2.00388
2.00057
1.99654
1.9888
2.00006
2.01657
1.99784
2.00589
2.00712
2.00258
1.992
2.01397
2.00928
1.99411
1.99901
2.01121
2.00318
1.98757
1.99516
1.99612
1.98031
1.98835
2.00114
2.003
2.00303
1.98879
1.99321
2.00489
2.01992
1.99217
1.98858
1.99828
2.00702
2.00023
1.99013
1.98167
2.0091
2.00353
1.99677
1.99699
2.00578
1.99063
2.00297
1.99769
2.0008
1.99857
1.99311
1.99944
2.00587
1.99613
2.01158
2.00702
2.00981
2.01676
2.01314
1.99676
1.99795
2.00426
1.99962
2.00688
2.0042
1.96967
1.98507
2.00147
1.99331
2.00079
2.00636
2.0063
2.01058
1.99626
1.99866
2.01466
1.99263
1.99492
2.00396
1.99645
1.98843
2.00938
1.9864
2.00968
1.99692
1.99895
2.00395
1.98752
2.00244
2.00917
2.00595
1.97896
2
1.996
2.00494
2.0057
1.99753
2.00849
1.99464
2.01317
2.007
2.01512
2.00472
2.0028
2.00521
1.98111
2.00411
1.99448
1.99082
2.01671
1.99861
1.99355
1.99565
1.99725
2.00159
2.0167
2.00514
1.99223
2.00099
1.99471
1.99892
2.00179
1.99847
1.99961
2.00491
1.99354
2.00645
2.01043
2.01269
1.99122
1.98699
1.99738
2.00931
1.99575
1.98447
2.01158
1.98239
1.98566
1.99457
2.00547
2.00541
2.01355
1.99353
2.00439
1.99879
2.00609
1.99669
2.00525
2.00488
1.99822
2.02535
1.99229
2.00477
2.00459
1.98195
2.00033
1.99634
2.01066
2.00683
2.00763
2.00794
1.99194
2.00564
2.00231
2.00265
2.00111
2.00789
1.99581
2.00773
2.00186
2.00493
1.99839
1.98362
1.99831
2.00775
1.99206
1.99741
1.99718
2.00878
2.00957
2.01161
2.00214
2.00265
2.00822
2.01506
2.01098
1.9965
2.00992
2.00532
1.9974
2.00156
1.98831
1.99527
2.00907
1.99226
2.00738
1.99478
1.99262
1.99777
1.98656
1.99172
2.00374
1.98719
1.99507
1.99193
1.99851
2.00258
1.9828
1.98701
1.99458
1.99739
2.00039
2.00164
1.99719
2.01
1.9975
1.99927
1.98646
1.99936
1.98969
2.00375
1.99004
2.00286
1.99866
2.01844
1.9814
2.00355
2.00278
1.99336
2.0095
2.0123
2.00598
1.99095
1.9934
2.01503
1.98786
2.01098
1.98878
1.99773
2.01297
2.00301
1.99525
2.00495
1.99986
1.9988
1.97738
2.00036
1.98596
1.98705
2.00616
2.00548
2.0064
1.99873
2.00332
1.98396
2.00608
2.01168
1.99347
2.00954
1.99073
1.99488
2.00433
2.0009
2.0016
2.00875
2.00073
2.02249
2.00836
1.98675
1.99248
2.01479
1.98747
1.99899
1.97996
1.99215
1.98972
1.99273
2.00449
2.00521
2.01574
2.00804
1.99858
2.0059
2.00897
1.99947
2.01366
2.0162
2.0179
1.99349
1.99373
1.9938
2.01185
2.00623
1.99676
2.00652
1.98834
2.005
1.98727
1.98927
2.00197
2.00007
2.02516
1.99707
2.00752
2.00372
2.01509
1.99304
1.99175
2.01673
2.01784
2.01293
2.00103
2.00527
1.99679
1.98371
2.00512
1.99849
1.99989
2.00511
1.99141
2.01499
2.00633
2.02169
1.97862
1.99183
2.00916
1.99559
1.99777
2.0028
1.99785
1.98655
1.99203
1.99184
2.00622
2.00302
1.98371
1.99645
1.99956
1.98532
2.00861
1.9934
2.0024
2.00009
2.00922
1.99455
2.00942
1.98792
1.9978
1.9931
1.98491
1.99985
1.99363
1.98778
2.00969
2.00845
1.99858
2.00447
1.99668
2.00296
2.01591
1.99353
2.01718
2.0044
2.00383
1.99315
1.98743
1.98816
2.00863
1.99746
2.00794
1.98076
1.9927
2.00265
1.99888
1.99659
1.99253
1.99261
2.00311
2.0093
1.9893
2.00212
1.99522
1.97753
2.0003
1.99332
2.00441
2.00842
2.0049
1.98757
1.99317
1.97961
1.98849
1.99466
2.00005
2.007
2.00961
1.99499
2.01457
1.99848
2.02134
2.02417
2.01575
2.00522
1.99564
2.00288
2.00289
2.00946
2.00132
1.99778
1.99382
1.9897
2.00144
2.00507
2.00377
1.98261
2.00179
1.97589
2.00721
1.98542
1.97939
2.01732
1.98966
1.99827
2.00503
1.99656
2.00676
1.99001
1.98707
2.00251
2.00328
2.00362
1.9946
1.99641
2.00544
1.98963
1.98905
2.00142
1.99231
1.99828
1.9893
2.02273
1.9985
2.00791
2.00078
1.99988
2.00202
1.98326
2.01831
1.99832
1.99817
1.99554
1.99288
1.98945
1.99234
1.9756
2.01069
1.99212
1.99203
2.0136
2.00637
1.99251
1.99954
1.99511
2.00967
1.9926
1.99558
2.00202
1.99961
2.00581
1.99293
2.00659
1.99063
2.00042
1.99363
1.98859
2.00615
1.99278
1.99191
2.00191
2.00128
1.98993
2.00906
2.00081
1.99609
2.01318
2.00343
2.00631
1.99131
2.00272
1.98702
1.99895
1.98913
2.02097
2.00157
2.00184
2.00275
1.98075
1.99048
1.99654
2.00277
1.99756
2.01496
1.9962
1.9907
1.99399
1.99902
1.99381
2.00734
1.9948
2.0074
1.97872
1.98607
2.00146
1.99593
2.01173
2.00755
1.99243
2.00701
1.97731
1.99739
2.00582
1.98063
2.00133
1.98299
1.99528
2.00447
2.00683
2.00075
2.00645
1.999
2.01842
1.98975
2.00226
2.00329
2.01285
2.00349
1.99625
2.00296
2.00798
1.9894
2.00262
1.97939
2.00334
1.99408
2.00854
2.01036
2.00207
1.99327
2.00361
1.99072
2.00993
1.99231
2.01072
1.99703
2.00037
1.99553
1.9949
1.99791
1.98803
1.99904
2.00984
2.00173
2.00445
1.99639
1.99581
2.00822
2.01096
1.99262
1.99268
2.00182
2.00859
2.01165
1.99547
1.98431
2.01024
1.99543
2.00182
2.01198
1.99259
1.99572
2.00661
2.01137
2.00551
2.00842
2.00325
2.00259
1.9828
2.00035
2.00389
1.99883
1.99894
2.00821
2.00129
2.00665
1.99638
1.99473
1.99645
1.98551
1.99381
1.99368
1.99234
2.00026
1.99817
1.98626
1.97371
1.99442
2.01674
2.00169
2.00566
2.00008
2.01421
2.00418
1.99152
2.00105
2.01447
2.00524
1.99197
1.99946
2.0013
2.00414
1.9995
2.00517
2.01498
2.00816
2.00754
2.00034
2.00659
1.99868
2.00151
1.99626
2.00328
1.99037
2.01294
1.99604
2.00305
1.99476
2.00637
1.99253
2.00253
1.98663
2.00807
2.01444
1.99247
2.0035
2.00356
2.00422
1.99807
1.99668
2.01049
1.99748
1.98695
2.00937
2.01467
2.01482
1.98328
1.98675
1.99781
2.00824
2.00209
2.02045
1.98319
2.00407
2.01303
1.98903
2.01735
2.01603
1.99794
1.99868
2.01245
2.01302
2.00814
2.00427
1.98704
2.00065
2.00447
2.0087
1.99649
2.04462
1.99699
1.98872
2.00001
2.01208
1.9889
2.02502
1.99897
1.98147
2.0108
1.98921
2.0043
2.0095
1.98951
1.99003
2.01638
2.00754
2.0097
2.0097
1.99118
1.99286
1.999
2.00295
1.98859
2.00134
1.99043
1.99363
1.99223
2.00508
2.0043
1.99207
1.99962
2.0101
2.00888
2.00661
2.00091
2.01069
1.98802
1.98914
1.9964
1.99913
2.00363
1.99763
1.99606
2.00136
1.99722
2.00282
2.0217
1.99366
1.98748
1.99171
2.00936
1.99883
1.99203
2.00572
1.99558
1.99533
2.00936
2.00091
1.99169
1.99669
1.99072
1.99991
2.0102
1.99679
1.99772
2.00891
2.00034
2.00166
2.00183
2.01009
1.998
2.02564
1.99475
1.99811
2.00593
1.99019
1.98336
1.99648
2.00402
2.01283
2.00001
2.00754
1.99976
2.00325
1.98814
1.99945
1.99981
2.0026
2.02157
1.99174
2.01983
1.99481
1.98328
2.00097
1.99571
2.00275
2.01396
2.0018
2.02204
2.01999
2.0054
2.02369
2.00184
1.99889
1.99043
1.98476
2.00129
1.99698
2.00164
2.00137
2.00256
1.99204
1.99005
2.00147
1.97917
2.02402
1.99339
2.0114
2.00392
1.99114
2.01159
1.99378
1.99165
2.0136
1.99906
1.99135
1.99091
1.99675
2.01029
1.98494
2.00867
2.00049
2.00396
1.99621
2.00167
1.99395
2.00177
2.00675
2.0085
2.01882
1.99358
1.99349
1.99676
1.99369
2.00411
2.00323
2.00254
2.00782
1.99862
2.00727
2.00524
2.00513
1.99423
1.99764
1.99672
1.99452
1.98628
2.00839
1.97731
2.00893
1.99396
2.01254
2.01235
1.99334
2.00087
1.99794
2.005
1.9863
2.0333
2.0058
2.00384
1.99104
2.00728
2.00243
1.98949
1.99436
2.00171
2.01223
1.9947
2.00811
1.99848
2.0069
1.9963
1.9876
2.00083
1.99971
2.02599
1.99283
2.01155
1.98827
2.00895
1.99887
1.9943
1.99549
1.9962
1.99839
2.01399
2.02183
2.00114
2.00844
2.00307
2.00708
2.00939
2.00667
1.9898
2.00379
1.99342
1.99486
2.00812
1.99693
1.9933
2.00815
1.99629
1.98573
1.98212
2.00192
2.00376
2.00267
2.01034
1.99537
1.99653
2.00723
1.99512
2.00682
1.9915
1.99923
1.98822
2.00973
2.00041
2.01532
2.01487
2.00518
2.00308
2.01048
1.98623
1.99136
2.00175
2.00905
1.97812
1.99368
2.00876
1.99562
1.99251
2.00507
2.00758
1.99229
1.99168
2.00267
2.00093
1.97379
1.99148
1.97555
2.01002
1.98915
2.00683
2.00268
1.98734
2.01353
1.98614
1.98273
1.98535
2.00304
1.98573
1.99571
1.99269
1.98231
2.00963
2.00645
2.01261
2.00072
2.01996
1.98896
2.00402
2.00605
1.97722
1.98808
1.99167
2.01283
2.0113
2.01288
2.00897
2.00389
1.9994
2.01606
2.01444
1.99948
1.99438
2.01086
2.00556
2.01122
1.99417
1.99583
2.01066
1.99736
2.00855
2.00102
1.98644
2.01243
2.00401
2.00819
1.98078
1.99344
1.99515
2.00745
2.00848
2.00682
2.00591
1.97613
2.00325
1.98024
1.99211
1.98823
2.0044
2.00445
1.99788
1.98874
2.00609
1.99588
1.99956
1.98995
2.01288
2.00261
1.99629
1.98816
1.99586
1.98776
2.01228
1.99944
1.99804
2.00658
2.00053
1.99595
1.99801
2.0079
1.98515
2.00272
1.99784
2.0033
2.00003
1.98964
1.99504
1.98228
1.99724
2.00567
2.00784
2.00141
2.01559
1.99701
1.99272
1.99549
1.98528
1.99675
2.0055
1.98742
2.00769
2.01638
1.99777
1.99459
2.02603
2.01154
2.01886
2.01059
1.98031
1.99507
1.99845
1.99262
2.01045
2.01226
2.00251
1.98923
1.99219
2.00386
2.00136
2.01622
1.99507
2.02136
2.00543
1.9981
1.99058
2.001
2.00501
1.99103
2.00156
1.99238
1.98714
1.99179
1.99541
2.00617
1.97677
2.00343
1.98851
2.00313
1.9815
1.99379
2.00382
2.00238
2.00492
2.01118
2.00732
1.99975
1.98866
2.00039
2.00115
1.99102
1.99572
1.9844
2.00769
1.99658
1.99474
2.00328
2.0121
2.00639
2.01478
1.98946
2.02098
1.99254
1.99565
2.00708
2.00526
2.00641
2.00226
1.99624
1.99219
2.00919
2.00093
1.99419
1.98803
1.99343
2.00525
2.01202
2.00034
2.01175
1.99031
2.01164
2.0059
2.00312
2.01005
2.00059
1.98507
2.00893
1.99365
2.00117
2.00565
2.00864
1.99792
2.01264
2.00252
1.97964
2.00299
2.00349
2.00089
1.98833
1.99664
2.00004
1.98963
1.99015
1.9968
2.00977
2.0042
2.01073
1.99955
2.00256
1.98551
2.00479
2.01164
2.01427
1.99874
1.9924
2.01271
1.99146
1.99764
1.99905
1.99664
2.00573
1.98519
1.9931
1.99765
2.01851
1.99383
2.01003
2.00663
2.00016
2.0049
1.99883
1.98807
1.9959
2.00028
1.99209
2.00728
2.00052
1.99464
2.00071
2.00766
1.99086
1.97844
2.01076
1.99423
2.00161
1.99994
1.99235
2.02078
2.00496
2.01331
1.9973
2.0051
2.01014
1.98666
2.01338
2.00154
2.00319
2.00419
2.00243
2.00357
2.00112
2.02358
2.00504
1.99079
1.99207
1.99888
1.98963
2.00364
2.00287
1.9985
1.99918
2.00964
2.00593
2.00035
2.0047
2.00147
1.98262
1.99964
2.00555
1.99845
2.01822
2.00758
1.99691
2.0088
2.00288
1.98711
1.99553
1.99389
2.00044
2.00328
2.01228
1.99309
2.00504
1.99263
1.99464
1.99695
2.01816
1.9932
1.99485
1.98671
1.97604
1.97819
1.99639
2.00721
1.99216
1.99497
1.99327
2.01561
1.98259
2.01354
2.00488
1.99816
1.99766
1.98739
1.99217
2.00474
1.99281
2.0152
1.98536
1.99427
1.99674
1.99195
1.99674
1.99179
1.99606
2.00817
1.98918
2.01174
2.00975
1.99816
2.00815
1.99501
2.01161
2.0167
1.99439
1.99407
2.0019
1.99632
1.98914
1.99929
1.99765
1.99241
1.98615
1.98455
1.99745
2.01241
2.00107
2.001
1.99503
2.01285
1.9917
2.02099
1.99642
2.00223
2.00301
2.00389
2.00545
1.99684
1.99061
2.01067
1.97397
2.00366
2.00858
2.01415
2.00893
2.00289
2.01121
2.00116
1.99156
2.02026
2.00703
1.99688
1.9979
1.99232
2.0039
1.99761
1.99729
1.99091
1.98972
1.99969
2.00401
1.99741
1.99254
2.00347
2.00493
2.01237
2.00777
1.98906
2.00434
2.00503
2.01447
1.99836
2.00574
1.98489
1.99454
1.99784
2.00288
2.00382
2.02323
2.00266
2.01107
2.01385
2.02665
1.99358
1.98235
2.00351
2.00877
1.97243
1.99274
2.00103
1.98153
2.00066
1.99215
2.00938
2.01597
2.0289
1.99297
2.00235
2.00176
2.00357
2.00703
1.97956
2.00606
2.00382
1.99608
2.00876
2.01361
2.02425
1.98982
1.98865
2.00983
2.01176
2.00294
1.99918
1.98919
1.99409
2.01531
2.00006
1.98614
2.00366
2.00885
2.00247
2.00661
2.00928
1.986
2.01592
1.9992
1.99246
1.98807
2.00642
2.00636
2.00119
2.00308
1.99377
1.98813
1.99696
1.99237
1.9893
1.99831
2.00794
2.01007
1.99798
1.99265
1.99703
1.99786
2.0095
2.01717
2.02188
2.00611
2.00629
2.01518
1.99539
1.99621
2.00814
2.00215
2.00905
1.99871
2.00351
1.99253
1.99928
1.99119
2.00342
2.00946
1.99913
2.01069
1.99603
2.00952
2.01551
2.00346
1.99739
2.01209
2.00424
1.9885
1.9843
2.00678
1.9929
2.00255
1.99822
1.99113
1.99713
2.0013
2.01661
1.99924
2.00718
1.9895
2.01324
1.98878
2.0098
2.00646
2.00712
1.98593
1.9775
1.98934
2.0029
2.00003
1.98814
1.98452
2.00588
2.0026
1.98769
1.99579
2.00036
2.01809
2.0118
2.00326
1.97937
2.01719
2.00534
2.00827
2.00063
1.99806
2.00046
1.99439
2.01149
1.99725
1.99685
1.99826
2.01683
1.98573
1.99432
1.99832
2.00796
1.98272
1.99485
1.99392
2.00013
1.99172
2.01524
2.00683
1.99835
1.99915
2.02397
1.99018
2.00396
1.98246
1.99615
2.01064
1.99964
2.01062
1.98963
1.9968
1.99198
1.99912
2.00317
1.99496
2.00079
1.99899
1.99937
2.00346
1.97545
2.00831
2.00868
2.0177
2.00291
2.00557
2.00672
2.01015
2.00391
2.01003
1.99901
1.99562
2.01748
1.99838
1.98422
2.00575
1.98621
1.99899
1.99697
2.0035
2.01197
2.00858
1.98983
1.99087
2.00323
2.0151
2.00725
1.99515
1.99442
1.9981
2.00604
1.99051
2.00905
2.00326
2.0091
1.98695
1.99956
2.00009
1.99801
1.99139
1.98203
1.98621
1.98968
2.00459
1.99352
2.01624
1.99192
1.99776
2.00607
2.00989
2.00731
1.99709
2.00598
2.0055
1.99048
1.99938
1.98336
1.98012
1.99173
2.00261
2.00077
2.01333
2.01228
2.00291
2.01657
1.98848
1.99965
2.01615
2.00298
2.00483
1.99269
2.00862
1.99511
1.98976
1.99653
1.99233
2.00053
1.98595
1.99005
2.00939
2.00079
1.99321
1.99572
2.00416
1.99427
2.00989
1.99851
1.98699
2.01658
1.9922
2.00855
1.99688
2.00176
1.97748
2.00603
1.99943
1.9867
2.00391
2.00848
2.00375
1.99776
2.00399
2.00578
1.99647
1.99902
2.00824
1.98901
2
1.9932
2.00671
1.98938
1.9727
1.98685
2.00696
1.99782
2.00071
1.99372
1.99399
1.99973
1.99091
1.99495
1.99406
1.99662
1.98731
1.99731
1.98844
2.01201
1.98974
2.007
1.995
2.00451
2.00911
1.99027
1.99829
2.01027
1.98907
2.01976
1.98634
1.98557
1.98736
2.02101
1.99487
1.99768
1.99839
1.9982
2.01011
1.99694
1.99048
2.01176
2.00375
1.99184
1.99521
1.99063
1.97955
1.98816
2.0101
1.99259
2.00876
1.99277
2.00494
2.00227
2.01688
1.99207
2.00284
1.98984
2.00958
2.00188
2.00159
1.99796
1.99933
2.00837
2.00761
2.00499
2.00598
1.99475
2.00898
1.98114
2.0006
2.00341
1.99621
1.99243
1.99907
1.99364
1.99577
1.99878
1.99823
2.01602
1.99998
1.99802
2.00686
1.98853
2.01277
2.00144
1.99564
2.00661
1.99816
2.01299
1.99638
2.01235
1.99344
2.00729
2.00698
1.98951
2.00713
1.98893
1.98084
1.99016
2.01912
2.00735
2.00077
2.00972
1.98709
2.00406
2.00196
1.98719
2.0142
1.99771
2.01077
1.99865
1.99985
1.98724
2.00025
1.99673
1.99439
2.00653
1.99796
1.99212
1.99161
2.00585
1.99724
1.99837
1.99274
2.00157
1.99903
1.9928
1.99551
1.98854
1.99834
2.00506
1.9962
2.01146
2.00874
2.0078
1.9851
1.98513
1.99197
2.00482
2.0009
1.98959
2.02543
2.01152
2.0022
1.99219
2.00998
1.99158
1.99251
2.00348
2.00337
1.99632
2.00215
2.00415
1.9908
2.01038
1.98855
1.99966
1.98979
2.0176
1.9843
1.99006
1.99728
2.00077
1.99417
2.00442
1.99721
1.99814
2.00465
2.00983
2.00625
1.99539
1.99265
2.00989
2.01026
1.98328
2.0036
2.02125
2.00286
2.00822
1.99829
1.99764
2.00059
1.99497
2.00018
1.9928
1.99947
1.99693
2.00033
1.9915
2.00835
2.0061
2.00671
1.99016
1.99924
1.99702
2.00731
2.00902
1.99151
2.00116
1.97799
2.01006
2.01981
2.00085
2.00703
1.9939
2.00826
1.99943
1.99875
2.00245
2.00126
2.01377
2.00916
2.00194
1.99868
2.02164
1.98215
1.99998
2.01135
1.99656
1.98563
2.00629
2.01978
2.00668
2.00471
1.9878
1.99682
2.01825
1.99209
2.00039
1.99696
2.00845
1.99554
1.98777
1.99307
1.99659
2.00464
1.9971
1.99898
2.01173
2.00494
2.00198
2.01128
1.98989
2.00107
2.01969
1.99332
2.00024
1.9993
1.99952
1.98476
2.01358
2.00556
2.0087
2.01212
2.00682
2.00667
2.01165
2.01184
1.99761
2.01481
2.00824
2.01026
1.98423
2.0072
1.98581
2.00513
1.99061
2.01605
1.99994
1.9954
2.00854
1.99022
2.00137
2.00712
2.00538
1.99579
2.00083
2.00647
2.00009
1.9843
1.99647
1.99257
1.98344
1.99138
2.01876
1.98753
2.00265
2.01668
2.00757
1.99642
2.00258
1.994
1.98402
1.99973
1.99508
1.99762
2.01283
2.00347
1.98547
1.99843
2.01188
2.01262
2.00344
2.01968
2.00498
1.988
1.99209
2.005
1.99283
2.01192
1.99193
2.00111
2.01918
1.97895
2.01264
2.00667
2.01479
2.00716
2.00487
1.99474
2.00415
2.00505
1.98826
2.00351
2.00016
1.99958
2.00004
1.99584
1.98827
1.9762
1.99868
2.00779
1.99299
1.99129
1.99801
1.99905
2.00344
2.01159
1.97659
1.98726
2.00013
2.00876
1.99981
1.99807
2.00702
1.98509
1.97811
1.99534
2.00631
2.00334
1.99888
2.01136
2.00861
2.00772
1.99521
1.9852
2.0105
2.003
1.98996
2.00374
2.00797
2.00261
1.99315
1.99437
2.0322
1.99656
2.00527
2.00503
2.00757
2.00165
2.00811
1.99397
2.015
1.99289
1.99792
1.99695
2.00166
1.99251
1.99045
2.00266
1.98967
1.99303
1.99526
2.00031
2.0049
1.98176
1.99954
1.99882
2.01739
1.99815
2.00141
2.00653
1.99935
2.00772
2.00079
1.98351
2.00886
2.0023
2.00095
2.00833
1.99616
2.00494
2.02426
2.00087
1.99581
1.99639
1.99196
1.99507
1.99198
2.00632
1.98298
1.98828
1.99193
1.99207
1.99316
2.01056
1.9968
2.0023
2.00415
2.00145
1.99694
2.00594
2.00662
1.99494
1.98519
1.98893
2.00902
1.98764
1.99453
1.99312
2.01711
2.0022
1.99943
1.99659
2.01473
2.00834
2.00538
2.00474
2.00715
2.00756
2.0033
1.99075
2.00051
1.99964
1.99532
2.00505
1.99508
2.00864
1.98396
1.99729
2.00616
2.02629
2.00494
1.99226
1.9968
1.98845
1.99704
1.99813
2.02228
2.01371
2.01436
2.00045
2.02055
1.99224
1.99837
1.98636
1.98784
1.98876
1.99402
2.00842
2.01169
2.01256
2.00024
2.00991
2.00374
1.99732
2.00173
1.98469
1.99049
2.00411
1.99433
1.9946
1.98694
1.98878
1.98706
2.00672
2.01568
2.00371
2.01599
2.00644
2.01115
2.01488
2.00393
2.00293
1.98807
2.00432
1.99814
2.00107
2.01925
2.00707
1.991
1.99009
2.02015
1.98623
1.9941
1.98668
1.9891
2.00241
1.99782
1.99057
2.01022
1.99535
1.98937
1.99705
2.0142
2.0083
1.98612
2.00814
2.00585
1.98535
2.0091
1.98095
2.00724
1.98736
2.00922
2.0006
1.99439
2.00118
1.99071
1.99976
1.99044
2.0014
2.00173
1.99948
1.98746
1.98627
2.00859
2.00138
2.00576
1.98198
2.02308
1.99756
2.01498
2.00185
1.99423
1.99714
2.01326
1.99398
2.00572
2.00872
2.01031
2.00505
2.00025
2.01506
1.99703
2.00423
1.99825
2.00527
2.00919
2.01588
2.00161
2.00343
2.00126
2.01704
2.00512
2.00341
2.01865
2.00246
1.99689
2.01243
2.00902
1.99504
2.01827
2.00119
2.01016
1.99978
2.00445
1.99321
2.02425
1.99957
2.01225
1.9934
1.98736
1.98955
2.01112
2.03146
2.00303
2.01137
2.00004
2.00845
1.99576
1.99643
1.97746
2.00804
1.98785
2.00988
2.0011
1.99984
2.00637
2.00423
2.00318
1.99687
1.97609
1.99699
2.00585
1.98647
2.00749
1.99459
2.01506
1.99871
2.02004
1.99821
2.00277
1.99793
2.00239
2.0136
2.00142
1.99815
1.99432
1.99957
1.99077
1.99832
1.993
2.0053
1.99353
2.00335
1.99851
2.0061
1.99451
1.97494
1.99175
2.01706
2.01759
2.00867
1.99537
1.99426
2.00299
1.99326
2.01297
2.00097
1.99914
1.99856
2.00874
1.99673
2.00408
1.9948
1.98721
2.01074
1.99252
1.99475
1.98432
1.99995
1.97797
1.99879
2.00005
1.99795
1.98484
1.98945
1.9935
1.98136
1.99986
2.00167
2.01653
2.01261
2.01155
1.99492
2.01525
2.00851
2.01211
1.99822
2.00326
2.00496
1.98987
1.99107
1.99595
1.99909
1.99785
2.00144
1.99488
2.01111
1.99609
2.0114
2.00956
1.99996
1.99026
1.97562
2.00351
2.00495
1.99134
2.00103
1.98758
2.00003
1.99841
2.00699
1.99498
1.99708
1.98035
1.99989
1.9844
1.99762
1.99954
2.0132
2.01401
2.01162
1.98705
2.00887
1.99771
1.99186
2.00105
1.99753
2.00222
2.002
2.01594
2.02566
2.00374
2.00533
2.00686
2.00471
1.99783
2.00394
2.01463
2.00231
1.99359
1.99491
1.99831
1.98856
1.99529
1.98229
1.99843
2.00884
2.00408
1.99425
2.01671
1.98718
1.99502
1.98545
2.00894
2.01213
2.02094
1.99412
1.99292
2.00738
1.9997
2.0106
2.01944
1.98718
2.00599
1.99831
1.9973
1.99325
2.02626
1.98862
2.01687
2.00226
2.01199
2.00767
1.99193
2.00237
1.9987
1.97439
2.01233
2.01191
2.00065
2.00051
1.99504
2.01268
2.01168
2.01198
2.00544
1.99028
2.01211
2.01098
2.00129
2.01513
2.01726
1.9963
2.00776
1.99613
1.99313
1.99729
2.00136
1.99462
2.00631
2.00116
2.00066
2.00753
1.99879
2.00391
2.00428
1.99748
1.99663
1.98191
1.99767
1.98768
1.98552
2.00083
2.00442
1.99815
2.01757
1.98356
1.98324
1.99976
2.00169
1.97629
2.00551
2.00148
2.00493
2.00105
1.99501
1.98992
1.99529
2
1.99455
1.99627
1.99694
1.98603
1.98715
1.99072
2.00319
2.01104
2.0048
2.00455
2.00284
1.99912
1.99663
1.99832
1.98562
1.99909
1.99862
2.00514
1.99869
1.99532
2.01781
1.98637
2.00172
2.02399
1.99269
1.98626
1.98932
2.00328
2.00229
2.01416
2.01224
2.00162
2.00227
1.99147
2.0023
2.01095
1.99796
2.01105
2.00672
1.99074
1.99437
1.98756
1.99694
2.0032
1.98054
2.00251
1.99931
2.01804
2.00074
1.99666
2.01264
2.00441
2.00486
1.98086
1.9676
1.99071
2.00098
1.9909
1.99508
2.00562
2.01221
2.00303
2.00009
1.99391
2.01326
2.01241
2.00292
2.01247
2.00288
2.0021
2.00561
1.99854
1.99948
2.02481
2.00234
2.00417
2.00458
2.00222
2.01211
2.00086
2.01243
1.98745
2.00822
2.00079
2.00672
2.00314
1.9911
1.99438
2.01341
2.00232
2.00053
1.99198
1.98487
2.01725
1.99788
1.99957
2.00806
1.99454
1.98402
2.01452
1.99413
2.00753
1.98386
1.98041
2.02166
1.99338
2.00378
1.99758
1.98373
2.00412
1.98418
1.99229
1.99439
2.01411
1.9945
2.0072
1.9938
2.00562
2.00068
2.01467
2.01299
2.01091
1.98483
1.99065
2.00287
1.9923
1.99741
1.99811
2.00321
1.98982
1.99886
1.98499
2.00849
1.99392
2.0068
1.99105
1.98366
2.0002
1.99393
1.98923
2.00439
2.00655
2.00803
1.9942
1.99159
2.00751
1.99519
1.99512
1.99145
1.99804
1.99516
1.99509
1.99437
1.98798
2.00856
2.0125
2.00256
2.00299
2.00968
2.01261
2.00744
1.99726
1.99564
2.0077
2.00738
1.99764
1.99882
1.99834
2.00915
2.01277
2.01428
1.99598
1.99428
2.01929
1.99196
2.01001
2.00476
2.00343
1.99418
1.98458
1.99131
2.00466
2.00646
2.0139
1.99749
2.00254
2.02398
1.9885
2.00818
2.00652
1.9981
2.00892
1.98646
2.01447
2.01084
2.00146
1.98922
2.00418
1.99202
2.00771
1.97945
1.99326
1.99998
2.01414
2.00874
1.99128
2.01523
1.99319
1.99931
2.01209
1.99824
2.00727
1.99755
2.01107
1.99333
2.00642
1.98212
1.9946
2.00473
2.00362
1.99975
1.98959
2.01555
1.98629
2.02402
1.98273
1.9934
2.01298
1.9904
1.98727
2.01585
2.00323
2.0017
1.99988
1.99894
2.01735
1.99152
2.00353
2.01932
2.00107
1.99077
1.98618
1.99275
2.00963
2.00334
1.99858
1.99711
2.00248
1.99755
2.00709
2.00729
2.00004
1.97764
1.99605
1.99795
2.00088
2.00353
2.00135
1.99237
1.99456
1.99284
2.01548
2.00129
2.00359
2.00841
1.98574
1.98198
1.96475
1.99066
1.9831
1.99169
1.97968
2.00218
2.00134
1.99572
1.97882
2.00555
1.99462
1.99184
1.99349
2.0004
2.00046
2.01289
1.99961
2.00021
2.00265
1.99919
1.98913
2.00017
2.00019
2.01794
1.98066
1.99902
1.98723
2.00772
2.00655
1.99429
1.99512
1.98495
2.00127
2.00482
1.98723
1.99904
2.00363
2.00311
2.01075
2.00467
1.98992
2.00428
1.9937
1.97479
1.99101
2.00535
2.0037
2.00708
2.00187
1.99891
1.99671
2.01406
1.98929
1.98759
2.00701
2.00006
2.01471
1.9853
2.02218
1.99055
2.00719
1.99191
2.00729
1.99238
2.01584
1.99249
1.9813
1.98732
1.9829
2.0052
1.97867
2.0117
2.00974
2.02338
1.98888
2.00522
1.992
1.99605
2.01737
1.98211
2.00739
1.99765
1.99143
1.9884
2.00614
1.99928
2.00961
2.00328
2.0051
2.00164
1.99399
1.99519
2.00778
1.98287
1.98453
1.99443
1.99351
1.99319
2.00093
2.00453
1.99295
2.01567
1.99426
1.99307
1.99664
1.98117
2.01403
2.01035
1.99687
2.0164
2.00146
1.9908
2.01902
2.00668
2.00196
2.00398
1.98778
1.99722
1.99224
2.00653
1.99151
1.98841
2.00246
1.9863
1.97317
2.00096
1.98785
2.00347
2.00882
2.0117
2.01137
1.99829
2.00122
2.00956
1.99813
1.99049
1.98641
1.99976
1.99261
2.00648
2.01988
1.99317
1.9924
2.01605
1.99835
1.99616
1.98528
2.00688
2.01295
2.00236
1.98158
2.01367
2.02137
2.0115
1.98502
2.00497
1.99415
2.00794
1.99228
1.98836
2.00926
2.00133
2.01078
1.98108
1.99572
1.99441
1.99764
1.98532
1.99425
2.00634
2.00998
2.00871
2.00599
2.00937
1.99149
1.98383
1.9907
1.99631
2.0018
1.99291
1.99727
2.00625
1.9999
2.00062
1.99366
2.01143
2.00746
2.0052
1.98452
1.98428
2.00055
1.99582
1.9933
1.98405
2.01239
2.00392
1.99912
1.97736
2.00508
1.99499
2.01953
2.00672
1.99605
2.00764
1.99106
1.98701
2.00665
2.00602
1.9986
1.99732
1.98981
2.02239
2.01979
1.99912
1.99394
2.00647
2.01215
1.97877
1.99192
1.99403
2.00662
1.99197
1.99186
2.00635
2.00339
1.99439
1.98888
1.99858
1.9978
1.99335
2.00661
2.00291
1.98416
1.9901
2.00612
2.01524
1.99201
1.99319
1.99403
1.9926
2.00045
1.99205
2.01138
2.00467
1.99436
2.01361
1.99016
2.00706
1.99309
1.99846
2.02388
1.98873
1.99256
1.99446
2.00584
2.01153
2.01664
1.99583
2.00006
1.99273
2.00331
2.00181
2.00124
2.00405
1.97737
2.00586
2.00638
2.01676
2.00563
1.99119
2.00467
1.99745
2.01199
1.99216
1.98726
1.98992
1.97927
1.99987
2.00552
2.00996
2.00335
2.03051
2.01146
2.01023
1.99128
2.00393
2.00515
1.99518
2.00809
2.0041
1.99383
1.99915
1.99665
2.00368
1.98791
1.99444
1.99412
2.00297
2.00144
1.99779
1.99635
1.99568
2.00322
2.00822
2.00061
2.00188
2.01155
1.99358
1.99942
1.99726
1.99587
2.00119
2.0006
2.00071
1.99798
2.00584
2.01937
2.00726
2.00748
1.9927
1.99897
1.99959
1.99516
2.00527
1.99995
2.00783
2.0114
1.99892
1.99115
2.00528
2.00869
1.99423
2.00693
2.001
1.99269
2.00699
1.99042
2.0077
2.00715
1.99524
2.01034
2.00843
1.98096
1.99998
1.99884
2.00152
1.97695
2.01512
2.00812
2.0131
1.99915
2.00394
2.00789
2.00073
1.99548
2.00447
1.99814
1.99119
1.99626
1.99616
1.98203
1.98869
1.98452
1.99407
1.9934
1.99931
2.00635
1.99948
1.99202
2.00878
1.98589
2.0078
2.00367
1.98435
2.00752
2.00459
1.99032
2.01226
2.0019
2.00965
1.99527
1.99112
1.99559
2.00649
1.99402
2.00277
1.99026
1.99333
2.00119
2.01051
1.99648
1.98582
1.99284
2.02461
1.99258
2.00103
2.02447
1.99459
1.98368
2.00401
2.00243
1.99924
2.00161
1.99548
2.00929
2.00227
2.00251
1.99367
1.98714
2.00125
2.00404
2.00451
1.99731
2.01504
2.01305
2.00878
1.99819
2.00062
2.01193
2.0037
2.00455
2.00085
2.00299
1.99287
1.999
2.00834
2.00249
1.98888
2.00388
1.99287
1.99165
2.01521
1.99832
2.00296
1.99931
1.99137
2.0137
1.98465
2.00171
1.99736
1.99889
1.98059
2.01406
1.99521
2.0075
1.98804
1.99782
2.02237
2.01964
1.99434
2.0131
2.00345
1.99269
2.01034
1.99158
1.99722
2.0107
1.98788
1.99969
2.01976
1.99488
1.99
1.99878
1.98993
1.97975
2.00528
2.00313
1.99354
2.00119
1.99387
2.02032
1.99722
2.00722
1.99448
2.00016
2.00191
1.99085
1.99586
1.99588
2.00241
2.00969
2.01111
2.0036
1.98801
2.01542
2.00102
1.98551
1.99365
2.001
2.0177
2.00327
2.01899
1.99772
1.9928
2.00009
2.00304
2.00149
1.96618
2.01046
2.0189
2.00368
2.00999
2.0021
2.00115
1.97767
1.99238
2.0071
1.99386
2.00448
2.00956
2.00678
1.99619
1.9853
2.01252
1.98778
2.00594
2.00355
1.99606
2.00488
2.01206
2.00171
2.00698
2.00483
1.99778
2.00832
2.00536
1.99323
2.02249
2.00183
1.98772
2.00225
1.99791
1.99401
1.99643
1.98506
2.01436
1.97716
2.01716
2.00037
1.98219
1.99062
1.9939
2.00168
2.00959
1.99396
2.01573
1.99315
2.00203
1.99014
1.998
2.01573
1.99733
2.00573
2.0111
2.01057
2.01073
1.99508
1.98412
1.99659
1.98896
1.99566
1.99952
1.99652
2.0091
1.97828
1.98665
1.98857
1.9866
2.01007
1.98816
1.98273
1.98787
1.99438
2.00138
2.00533
2.00098
2.02264
1.99276
2.01808
2.0024
1.99706
1.99457
1.99395
2.0077
1.99373
1.9995
2.01744
2.00284
1.97145
1.99081
2.01108
2.00298
2.00326
1.99224
2.01098
2.00786
2.01045
1.99966
1.99686
2.00013
1.99628
2.01561
2.00111
1.98858
2.00217
2.01483
1.99103
1.9948
2.00589
1.98809
1.98672
2.00394
1.99711
2.01318
1.99881
2.00089
1.98828
1.97617
2.02735
1.99153
1.99592
2.0083
1.99489
1.99775
2.02329
1.99192
2.01184
1.99201
1.99038
2.01676
2.00313
2.0099
1.98521
1.99622
1.99955
2.01583
2.01478
1.98528
1.98786
1.99525
2.00303
2.00394
2.0112
2.01157
1.99398
1.99678
1.99355
1.9983
1.99061
2.00305
2.00432
1.99074
1.99096
2.02424
1.99933
2.01647
2.00131
1.99836
1.99774
2.00808
1.99428
1.99775
2.0019
1.99053
1.99435
2.01419
1.99744
1.99194
1.99481
2.00704
2.00342
2.00873
2.00867
1.98563
2.017
2.00071
1.99991
1.99382
2.0218
2.01273
2.00836
2.0136
1.99163
2.00989
1.99905
1.99762
1.98782
1.99929
1.97907
2.00669
1.99099
2.01653
2.01131
1.99437
1.9977
1.99842
2.00219
2.00381
1.99745
1.9773
2.01101
2.00328
2.01247
2.0101
2.00575
2.00393
2.00236
1.9925
1.99203
1.98828
1.99536
2.01808
1.99792
1.99735
1.99248
1.99512
1.9935
2.00648
2.01198
1.99884
2.008
2.0032
1.99914
1.98597
2.00118
1.99421
1.99974
2.01251
1.98771
1.99816
2.0146
1.99084
2.01277
1.99885
1.97575
1.99996
1.99912
2.01938
1.99693
1.98501
2.00671
1.9998
1.99428
2.00311
1.99064
2.00539
2.01332
1.9916
2.00042
2.00415
1.99782
1.99348
1.98774
1.99509
2.01431
2.01381
1.99174
1.9902
1.99667
1.99934
1.99681
2.00066
1.99965
1.99266
1.99559
1.98513
1.97859
2.00573
1.99994
1.99791
2.01541
1.981
2.00797
2.00692
1.98976
1.99736
1.99398
2.008
1.99648
1.98776
2.00728
2.00157
1.99293
2.00895
1.98845
2.0018
1.99663
1.98763
1.99357
1.99726
2.00002
2.00417
2.00431
2.01926
1.99196
1.98905
1.9965
1.98798
1.99724
2.02091
2.00855
1.99382
1.99126
1.98603
2.00834
1.99289
1.99896
2.00959
1.99803
1.99532
2.00794
2.00202
2.00029
2.00953
2.00609
2.01215
1.99354
1.99437
1.99331
1.99092
1.99874
2.01703
2.00893
1.98958
1.99568
1.99274
2.00327
1.99185
1.99475
1.99732
1.98812
2.00452
1.99656
2.00004
2.01582
2.02203
2.0039
1.99581
1.99659
2.00843
1.99841
1.99695
1.99361
2.00497
1.99667
2.00034
1.99049
2.01668
2.00318
1.99662
2.00398
2.00265
1.99384
2.00333
1.98056
2.00411
1.9917
2.01144
1.99982
2.02
1.97972
1.9981
2.01674
2.02582
2.00328
2.01914
2.01205
2.01966
2.0004
2.0088
1.99731
1.99702
2.01283
2.00264
2.00648
1.99728
2.01182
2.00049
1.99901
2.00197
1.99632
2.00369
2.00642
2.0054
1.9991
2.0088
2.013
1.99725
2.00713
1.9901
2.02382
2.01947
2.00304
1.99835
1.98436
2.00049
1.99185
2.01391
2.00586
1.99773
1.99954
1.99903
2.02734
2.0029
1.99958
1.99113
2.02472
1.98201
1.99422
1.98762
2.01099
2.002
2.00175
2.01519
2.01253
2.00784
1.989
2.01212
2.00567
2.00552
1.99673
2.00386
2.00583
2.01792
2.00046
1.9816
1.98212
1.98976
2.00577
1.99484
2.00717
2.0061
2.00581
2.00689
1.99763
2.01361
2.00589
2.0087
1.9949
2.00955
1.98777
2.0029
1.99745
2.01133
2.01033
2.0069
1.99421
1.97878
2.01022
2.00152
1.99607
1.99596
1.99599
2.01246
1.98109
1.99875
2.02035
1.98423
2.00252
2.01976
2.0018
1.99425
2.00986
2.0072
1.99634
2.0003
1.97746
1.9927
2.01575
1.99775
1.9842
2.00403
2.00769
2.01288
2.00577
1.98664
1.98552
2.00366
1.99473
2.00986
2.01812
1.99614
1.9962
1.99373
2.01739
1.9961
1.97857
1.99491
1.99809
2.00439
2.01314
1.99025
2.01329
2.0075
2.00129
1.98443
2.01101
2.00404
1.98924
1.99884
2.0022
2.00028
2.01295
2.00174
2.00214
1.98456
1.99317
2.01496
2.01096
2.00216
1.98845
1.99829
1.99591
2.01216
2.01548
1.9975
2.00849
2.0074
2.00637
1.99172
2.00387
1.99685
1.99745
2.00127
1.99896
2.00032
1.99661
2.00518
1.99158
1.99695
1.99918
2.00766
1.98981
2.00773
2.0027
1.9986
2.0104
1.99772
1.98789
1.99313
2.00323
2.01756
2.00834
1.99846
1.99176
2.01074
1.9978
2.01631
2.00073
1.99252
2.00499
2.00188
1.99659
1.99818
2.00683
1.99192
2.00896
2.0021
2.01408
2.00188
1.9902
2.0054
2.00135
2.01122
2.02439
2.00611
2.00008
2.01871
1.99947
1.99966
1.9883
1.99031
1.9942
1.99542
2.01159
1.98478
1.9959
2.00164
2.00909
1.99674
2.00184
2.00111
1.9989
2.00266
2.01044
1.99846
1.97097
1.99124
1.99588
2.01061
1.99822
1.99407
1.99578
1.9963
2.02761
2.00241
2.00293
2.00353
2.00544
1.99691
2.00318
1.99122
1.99155
1.98601
2.00921
1.994
1.98751
1.99708
2.00101
1.99831
2.00178
2.01464
2.00476
1.99519
2.00259
1.99941
2.01263
2.01531
1.99415
2.00299
1.99607
2.00535
2.0003
2.0093
1.98428
1.99557
2.01185
1.9937
2.00214
1.99879
1.99774
2.00926
2.00925
1.99252
1.98291
1.98908
2.01566
1.98823
1.99081
1.98037
2.01413
1.99748
1.98775
2.01581
1.99248
1.99754
1.99128
2.00186
2.00718
2.00551
1.98504
1.99838
1.99931
2.00785
1.99047
2.00548
2.01007
2.01128
1.9889
1.98617
1.998
1.9972
2.00265
1.98267
2.00164
1.97527
2.02128
2.00833
2.01173
1.98645
1.98692
1.99634
2.00157
1.98872
2.00491
2.01947
2.01168
2.00819
2.01133
2.00356
1.99036
2.00761
2.01919
2.01015
2.00144
2.00345
2.00486
1.99873
2.00905
2.01082
1.98606
1.99282
2.00512
1.98766
1.99206
2.01618
2.00481
1.99064
2.01577
1.99643
2.01531
2.0022
1.99952
1.99146
1.99253
2.01764
1.99598
2.00882
2.00241
1.98964
2.00327
2.00087
1.98837
1.98697
2.00778
2.0077
1.99105
1.98847
2.002
1.98115
2.0008
1.9964
2.00341
2.01003
2.01066
2.00353
1.99452
2.01797
1.99998
2.00832
1.98481
1.99744
1.99836
1.99687
1.99794
1.98672
1.99659
2.01208
1.99564
2.0141
2.0062
2.0025
2.00103
1.99374
2.00916
2.00287
2.01469
1.99404
1.99735
2.00414
2.00745
1.99786
2.00098
2.01162
1.99349
1.99687
2.01355
1.98569
2.00004
1.99376
2.00203
1.99784
2.006
1.99346
1.98436
2.00672
2.00309
2.00687
2.01171
1.98942
1.99195
1.99268
2.00248
2.01001
2.00135
2.01483
2.00559
2.00266
2.01171
2.00727
2.00302
1.99955
1.99453
2.00708
1.98987
1.99795
1.98527
2.00705
2.00673
1.98132
2.0123
2.00454
1.98619
2.01767
1.99015
1.98729
2.00648
1.99707
2.00492
1.98842
2.00161
1.98609
2.01903
2.0016
1.99641
2.00318
1.99345
2.00341
1.98857
1.99877
2.00622
2.003
2.00128
1.99721
1.99671
2.00608
1.99259
2.00018
2.01352
2.0025
1.99877
1.9928
2.00575
2.00415
1.98851
2.00315
2.0176
1.97993
2.00498
2.0037
2.00591
2.00416
1.99753
2.00259
2.01379
2.00721
1.98485
1.99103
2.01251
1.98455
2.00277
1.99415
1.99498
1.99917
1.99239
2.00457
1.98728
1.99809
1.97732
1.99253
1.99627
1.99633
2.0047
1.9996
2.00629
1.99781
1.99266
2.01407
1.99638
2.00674
2.00566
1.9977
1.99621
1.99168
1.98979
1.99073
1.98696
2.00004
1.9928
2.00169
1.99517
1.99059
2.00265
1.99686
1.98775
1.99016
1.99996
2.00825
1.99796
2.00103
2.00545
1.9929
2.00257
1.99668
2.0084
2.0127
1.99045
2.00821
2.00499
2.00242
1.99748
2.00335
2.01084
1.9937
2.01306
2.00213
1.99342
2.00656
2.0052
2.00708
1.97747
2.01364
2.00833
2.0088
1.99749
2.00601
1.99539
1.99777
2.01414
2.00948
1.99906
2.01513
2.00756
1.98013
2.00026
1.99632
2.00823
2.01973
1.99415
1.99432
1.99545
2.0095
2.00566
2.00073
2.00358
1.98484
1.99524
1.98449
1.99936
1.9906
1.98993
2.00805
1.99033
2.01593
2.00979
1.99985
1.9956
1.98208
1.99893
1.98744
2.00048
1.99546
2.0099
1.98897
1.98627
2.01259
1.98723
1.99864
1.99557
2.00278
1.98683
2.00599
2.00388
2.00537
1.99342
1.99997
2.00012
2.00058
2.00524
1.99738
2.01261
1.99985
2.0126
2.01167
2.01462
1.98318
1.98255
1.99751
2.00466
1.99931
2.00034
1.99265
2.00329
2.00343
1.99682
2.00058
1.98205
2.00476
1.9903
2.01202
1.97338
1.99323
2.0072
2.00275
2.00829
1.99992
1.97822
2.00907
1.99326
2.00805
2.00376
1.98819
2.00121
2.00426
1.99208
1.99929
1.99821
1.99625
1.99823
1.99468
2.00413
2.013
2.00917
1.98845
1.99609
1.99713
2.01644
1.98505
1.98947
1.98603
1.98978
2.00014
1.99132
1.98691
2.00131
1.98496
1.99196
2.0144
1.98654
1.98694
2.00428
1.99468
2.00269
2.01133
1.99863
2.00683
1.98526
1.99115
2.01132
2.00044
2.01943
1.98254
2.01418
2.00471
1.9916
1.99226
2.00529
1.99709
2.00696
1.98284
2.00569
1.99049
2.01127
1.99589
1.99595
1.98829
2.00025
2.00663
2.00886
2.00233
2.00303
1.99652
2.00301
2.00359
2.01251
1.99502
1.9975
2.00223
1.99724
2.00436
1.99566
2.01099
1.99617
2.00044
2.03025
1.99098
2.00399
1.99458
2.00203
2.01736
1.98333
2.0054
2.00215
2.00746
1.99797
2.00599
2.00237
1.99905
2.00373
2.0161
2.00921
2.00315
1.98513
2.00775
1.97426
1.98896
1.99837
1.99323
1.99335
2.00042
1.98925
2.00641
1.99914
2.00029
1.98733
1.99476
1.99484
1.98423
2.02007
2.00062
2.00494
2.01433
1.99367
2.00869
1.99374
1.98782
2.01367
2.00316
1.99452
2.00952
1.99763
1.99525
2.00468
2.00764
1.99776
1.9958
1.99258
2.00437
2.01566
2.00073
1.99334
1.99211
1.9995
1.9882
2.02354
2.01377
2.00877
2.00948
2.0103
1.99688
1.98234
1.99022
1.99918
1.98688
2.00196
1.99254
1.995
1.99155
2.01629
1.97611
1.99444
1.99327
2.00169
2.02242
2.00612
1.98161
1.9795
2.00673
2.00179
2.00481
1.98684
2.00558
2.00357
1.98859
2.00257
2.0013
1.99958
2.00519
2.00563
2.00238
2.00352
1.98932
2.00324
2.00425
1.99855
2.00085
2.00931
2.00679
2.01209
1.99235
1.98468
2.01897
1.99581
1.99972
2.02264
2.0211
1.98447
2.00021
1.99042
1.99129
1.99897
2.00059
1.98574
2.00854
2.00608
1.98315
2.01352
1.99834
2.009
1.97296
2.00138
1.98754
1.99074
1.99492
2.00044
2.00342
2.00715
1.99721
1.99793
2.00557
1.98539
1.99076
2.01646
1.99051
1.99245
2.01742
1.99536
1.98797
2.0199
2.00784
2.01037
1.98955
1.98426
1.98585
1.98572
2.01173
1.99096
1.99701
1.99961
2.01267
2.01124
2.02361
1.99493
2.01045
1.99795
1.99583
1.97662
1.99885
2.02476
2.00267
1.99046
2.00899
2.01227
1.99188
2.0058
2.00664
2.00859
2.00819
1.97055
2.00607
2.00328
2.00866
1.98732
2.00567
1.9937
2.01317
1.99785
2.00095
1.99832
1.99517
2.00936
2.0102
2.00185
2.01546
2.00793
1.99745
1.99156
1.99496
1.99941
1.98227
1.99687
2.01834
1.98818
1.98867
2.00802
2.01758
1.99949
1.99574
1.99876
1.99851
1.98721
2.00477
1.99852
1.98982
2.01477
2.01626
2.00773
1.98514
2.00051
1.99178
2.00657
2.00362
1.99299
1.98556
2.00103
1.99517
2.00846
1.99723
2.02732
1.99314
1.99341
1.99974
2.00492
1.99235
1.98117
2.00796
1.99972
2.00351
1.99983
1.98321
2.0024
2.00392
2.00095
1.99808
2.00548
1.98367
1.99683
2.00327
2.00443
2.00077
1.98852
2.00599
1.99231
1.98969
1.99831
2.00671
2.00547
2.00121
1.99693
2.01096
2.00591
1.99369
2.01339
1.99453
1.99888
2.0111
1.98398
1.99046
2.01385
2.00209
2.00627
2.01659
2.00395
1.99841
1.99811
2.00969
1.99819
2.01119
2.00644
1.99229
1.99874
1.98494
2.00945
2.01233
1.98026
1.99329
1.98964
1.99635
2.00421
1.99443
2.00633
1.98332
2.00873
1.99376
2.00633
2.00611
1.99755
2.01919
1.99666
2.00989
1.99669
1.98942
1.98854
2.00946
1.99988
2.00756
1.99338
1.99233
2.00172
1.98786
2.01271
2.00281
1.99669
2.00862
2.00779
2.00577
2.00611
1.99765
1.99769
2.01546
2.00086
1.9782
2.00791
2.02982
1.99292
1.99902
1.99982
2.0039
2.00125
1.99474
1.99941
2.00126
1.99628
2.0033
2.00173
1.99187
2.02077
2.01129
1.99425
1.98676
2.00401
1.99452
1.99035
1.99238
2.00641
2.008
1.99538
2.0053
1.98027
2.00199
1.99383
2.00049
1.99252
1.99997
1.98793
2.00636
2.01436
2.00214
2.00304
1.99975
2.00901
1.9885
2.00784
2.01
1.99363
2.00588
2.00834
1.99353
2.00931
2.01923
2.01131
2.00226
1.99088
1.99293
1.9931
1.9895
2.00286
2.01926
2.01844
2.01406
1.99686
2.01237
1.99656
1.99197
2.00985
2.01805
1.99029
1.98617
2.0198
1.99242
2.00257
1.9938
1.99319
1.99294
2.00465
2.00786
1.99964
2.00293
2.0067
1.99834
2.00396
2.00502
2.00701
1.99842
1.99557
2.00004
1.9767
1.99092
1.98016
1.98599
2.01045
2.01552
1.99806
2.00232
2.00038
2.01801
2.00737
2.01083
2.00153
2.03114
2.00708
2.01043
2.00039
2.01261
1.99226
1.99808
1.99251
2.01263
1.99716
1.99106
1.98109
2.00471
1.97483
2.00639
2.00583
2.01026
1.99556
2.01589
2.00913
1.99633
2.01888
1.99724
1.99587
2.00325
1.99272
2.00858
1.98775
2.00289
2.01434
1.99171
2.00007
2.00677
1.97734
1.99707
2.01747
1.9888
1.99259
2.00592
2.00532
1.98432
1.98607
1.99781
1.99196
1.99048
2.01472
1.9969
1.99645
1.99873
1.98567
1.99724
1.99889
2.00273
1.97719
1.98617
2.01123
1.98319
2.00974
1.99724
1.99576
2.00048
1.99586
2.00906
1.99786
1.98491
2.00443
1.98634
2.00107
1.9858
2.00702
1.98378
2.01643
2.00527
1.98994
2.00021
1.99985
1.98949
2.00917
2.00587
1.99721
1.99839
1.99595
1.98599
1.99584
1.978
1.99027
1.9937
1.99185
1.98427
1.99938
1.99572
2.00288
2.00168
1.98639
2.00023
2.02265
2.00246
1.99444
2.01507
2.00291
1.99378
2.01462
1.99297
1.99944
1.99511
2.00199
2.01532
1.99498
1.98754
2.02717
1.98659
1.99996
2.00074
1.9888
2.01806
2.00206
2.00897
2.00366
1.99571
1.98776
1.99888
2.0001
1.99117
1.99214
1.98737
1.9919
1.98833
2.01604
2.01117
2.00337
2.00773
1.97503
1.99629
2.00482
1.99824
2.00541
1.99138
2.00719
1.99537
2.01427
2.00257
2.02003
1.97465
1.99139
1.99895
2.01219
2.00987
2.02739
1.99378
2.00772
1.99657
2.00206
1.97831
1.99493
2.01839
1.99004
2.00527
2.00741
2.00746
1.98799
2.00602
1.99042
1.99977
2.00196
2.00669
1.9989
2.0005
2.00898
2.00167
1.99555
1.98659
1.99595
1.98204
1.99862
2.008
2.007
1.99766
1.99589
2.00157
2.00718
1.99947
2.00546
2.00573
2.01101
1.99668
1.99625
1.99897
2.00252
1.99566
2.00005
2.00324
2.00247
1.98253
2.00098
2.01445
1.99044
2.01424
2.01128
1.99898
1.99504
2.01489
2.01423
2.00103
2.01467
1.98907
2.00655
2.00526
2.01267
2.00011
2.01307
1.98809
2.00773
2.00093
1.9811
1.99028
2.00524
2.0022
2.00576
2.00971
2.00727
2.00543
2.01674
2.00636
1.974
2.00705
1.98647
1.99781
1.99477
1.99804
2.00096
1.98188
1.98894
2.00403
1.99888
1.99849
1.99676
1.99419
1.99073
1.99315
1.99903
1.98661
1.98067
1.98768
2.00988
1.99139
1.98656
2.00317
2.00017
2.00202
1.99074
2.00111
2.00524
1.99724
1.99564
1.99073
1.99618
2.01571
2.01204
1.99782
2.00295
1.99403
2.00687
2.00268
2.02616
2.01232
2.01775
2.00658
2.00147
1.98533
1.9976
1.98828
2.0117
1.97361
2.01893
1.97798
1.98921
1.99934
2.00542
2.00467
2.0053
2.00687
2.00764
2.00936
1.99042
1.99865
2.0019
2.00358
1.98471
2.01266
1.99525
2.002
1.99267
1.99834
2.00346
2.01073
2.02183
2.00089
1.98825
1.98183
1.9997
2.02726
1.9983
2.01514
1.9997
1.99587
1.99459
2.00589
1.98679
1.9964
2.00267
1.99701
1.99664
1.98797
1.99127
2.01652
2.02379
1.98125
2.00137
1.99932
1.99695
1.97856
1.99275
2.0068
1.98971
2.00886
1.99719
1.99272
1.98815
1.99109
2.00307
2.00311
1.99874
1.99894
1.99886
2.0062
1.99544
1.98934
2.00911
1.99734
1.98864
2.02186
1.98761
2.0003
2.00584
2.00449
2.00966
1.99173
2.01393
1.99461
1.99586
1.99626
1.99881
1.9986
1.99858
2.01723
1.99913
2.02514
2.0025
2.00806
2.00094
1.98273
1.98828
2.0054
2.01639
2.00912
2.00156
2.00567
1.9852
1.99789
2.02105
2.01585
1.99678
1.98055
2.00039
1.99901
1.99682
1.99855
1.98991
1.99076
2.01111
2.00724
2.00202
1.98709
1.99681
2.0144
2.00113
2.00391
1.99694
2.01598
2.01305
2.00738
2.00902
2.01202
2.0034
1.99287
2.00343
1.98053
1.99975
2.00803
1.99902
1.99953
2.00565
2.0117
1.99328
2.00076
1.98998
1.98268
1.98203
2.01469
2.00265
2.0204
1.99518
1.98622
1.99507
2.00376
1.99265
1.97909
1.99781
1.99878
1.99467
1.99716
2.00154
2.00661
1.98375
1.97951
2.00355
2.00366
1.99526
2.01573
1.98566
2.00434
2.00719
1.99667
1.98501
2.00641
2.01469
1.99064
1.99108
1.99814
1.98936
2.01003
1.98929
2.00083
2.00101
1.98622
2.01117
2.03246
2.01251
1.99967
1.99416
1.999
1.9886
1.9927
2.00618
1.99491
2.01741
2.00522
1.9894
2.00194
2.00906
2.01221
1.99813
2.00368
1.99555
2.00726
1.99691
2.0209
1.98593
1.9902
2.00342
2.00676
1.98713
1.99775
2.01
2.00447
1.98329
2.01982
2.00254
1.99114
1.99532
1.97446
1.99902
2.01049
1.99295
2.0063
1.99602
1.99162
2.00042
1.99873
1.99481
2.01011
2.00492
2.00072
1.99921
2.0034
2.00028
1.99631
1.9988
1.98811
2.01069
1.9991
2.00549
1.99149
1.99782
2.00136
1.99514
1.9937
1.98312
2.00028
2.01768
1.99994
1.98977
1.99103
2.00475
2.01111
1.99436
1.98317
2.01874
1.99753
2.01688
2.02004
1.99248
1.99627
1.98538
1.98789
1.99977
1.99352
1.99837
1.9913
2.01679
1.99893
2.01159
1.98949
1.99335
2.00132
2.00908
1.99521
1.98774
1.9855
2.01596
1.99985
1.99113
1.99802
1.99186
1.99923
1.99764
1.99441
2.00149
2.00055
1.9812
2.00134
1.99563
2.0038
1.99575
1.99326
1.99704
1.99558
2.00324
1.99985
2.00684
1.99381
2.00042
2.0026
2.00086
1.99367
1.99933
1.9995
2.00384
2.00605
1.99689
1.99033
2.01016
1.99097
2.01897
2.00078
2.00676
2.02688
2.00682
2.00493
2.004
1.9958
1.98841
2.00746
1.98634
1.9708
2.01539
1.98651
2.00773
1.99465
2.01165
2.00995
1.99599
2.01056
2.01484
1.99578
2.01134
2.00084
1.99133
2.00552
2.00195
1.99862
2.00343
1.99805
2.01589
2.00332
2.00559
2.01077
2.00285
1.98875
1.99285
1.99188
1.99254
1.99588
1.99603
1.99549
2.01039
1.99849
2.00951
1.98191
1.99896
2.00372
2.01311
2.00351
1.99423
2.00317
2.00153
2.01567
1.99413
1.98748
1.99886
2.00906
1.99869
1.98223
1.99347
1.99496
1.99612
1.9958
2.01023
2.00308
1.99913
2.01127
1.99004
2.00048
2.01015
2.00647
1.98544
2.00393
2.01816
1.98629
1.99969
2.00576
2.00308
1.9964
1.99842
2.01193
2.0014
2.0051
1.9852
2.01835
1.98854
2.00906
2.01887
2.00187
1.99533
2.00784
2.00699
2.02462
2.0065
1.98473
2.005
1.99046
2.0052
2.00056
1.97809
1.98483
2.00058
1.99354
2.00186
2.0054
1.97804
2.00108
2.01106
2.01387
2.0007
2.01471
2.00698
2.00076
2.00373
1.99943
1.99689
1.99025
1.99261
2.00277
1.99854
1.9926
1.98454
2.00598
1.98755
2.00337
2.00839
2.00136
1.98732
1.99044
1.97922
1.99149
1.99659
2.00233
2.00693
1.98699
1.99981
1.99509
1.98534
2.00806
1.98923
1.99011
2.01284
2.00605
1.99559
2.00414
1.99762
1.98976
1.99321
2.00161
1.9811
2.00452
2.011
2.0065
2.00874
2.00433
1.98356
2.01282
2.00036
1.98072
2.01488
1.99206
2.00546
1.99264
1.98211
2.00324
2.00085
1.9936
1.99944
1.99354
1.99549
1.99709
2.00993
1.99823
1.99402
2.00239
2.00206
2.00831
2.01295
1.99998
2.00799
1.99983
2.00799
1.98688
1.99695
1.983
1.99631
2.00626
2.001
1.98986
2.00174
1.99187
1.99213
1.98925
2.01263
2.00367
2.01098
1.99712
1.99064
2.0031
1.99832
2.00089
1.99926
1.99376
2.00005
2.00938
2.01905
1.99587
1.99828
1.98392
2.00037
1.9972
1.99316
2.01665
2.0011
2.00549
2.01254
2.00545
2.01393
2.00322
2.00587
2.00526
1.99607
1.99836
1.98706
2.00385
2.00964
1.99767
1.99949
1.98805
2.00705
2.00114
1.98646
2.01274
2.01758
1.9974
1.99838
1.99762
1.99461
1.99482
1.99694
2.01532
1.99784
1.99192
2.01288
1.99597
1.99565
2.00236
2.01202
2.00214
1.99559
2.00728
1.99308
1.99856
1.99986
1.9926
1.98387
2.00842
1.99767
1.98501
2.00278
1.99598
2.0077
2.00413
1.99697
2.00113
2.00981
1.98271
1.99226
2.00982
2.00083
1.99392
1.98723
1.98837
2.00202
2.00865
2.00972
1.98958
2.0048
2.00306
2.00831
2.00696
1.99044
2.01907
1.99981
1.99117
2.01058
1.98926
2.00569
2.01909
1.99756
2.00929
2.00138
1.98829
1.99519
2.01062
1.99796
1.99656
1.99666
1.99687
2.00236
2.00344
2.00213
1.98593
2.00606
1.99339
1.98073
2.01204
1.99991
1.99952
2.0002
2.01831
1.99842
1.97872
1.99862
1.99249
2.007
2.00138
2.00524
2.00155
1.99221
2.01597
1.99138
1.99449
1.99456
1.98982
1.99515
1.99526
2.00502
1.99669
1.98623
1.99654
2.00744
1.99494
1.98345
2.00743
1.99177
2.00213
2.02255
1.99994
2.0075
2.01513
2.0123
1.98783
2.0163
2.00031
2.00298
2.01149
1.98934
1.99807
2.00534
2.00032
2.00409
1.99435
1.99318
1.99189
2.00307
2.00458
2.00315
1.97249
2.01791
2.01331
1.986
1.98313
2.02343
1.99048
2.00378
1.99223
1.98579
1.99335
2.0088
2.01215
2.00095
2.00539
1.9799
2.00511
1.97809
2.00183
2.00214
2.00259
2.00253
1.99887
1.99942
1.99291
1.99631
1.99264
1.99618
1.99533
1.99703
1.99441
1.98795
1.98879
1.98782
2.00992
1.98123
1.9954
1.99346
1.98872
2.00932
1.9939
2.00149
2.01057
2.00746
1.99835
1.99837
1.99789
2.00676
2.02484
1.97994
1.99383
2.0033
1.99469
1.99718
1.9972
2.00477
1.99536
1.96839
2.0016
1.98352
1.99052
1.99646
1.99746
1.99898
1.98377
2.01105
1.97295
1.98795
1.99935
1.9983
1.99435
2.00178
1.99772
2.00127
1.99728
1.99925
2.0095
2.00011
2.00103
1.99333
1.99915
2.00058
1.9927
2.00671
2.00308
1.98877
2.01665
2.01453
1.99904
2.00161
1.99574
1.98885
2.01323
1.99936
1.99219
1.97608
1.99771
2.00327
2.00586
2.01983
2.00071
2.01131
2.01117
2.00525
2.00125
1.9865
1.98957
2.0021
2.00116
1.99649
2.02873
1.99184
2.01109
1.99045
1.98621
2.0019
2.0091
1.99804
2.00111
1.99142
1.98014
1.99424
2.00818
1.99176
1.99626
2.01359
2.01316
1.98445
2.00351
1.99256
2.01009
2.00156
2.01418
1.99301
2.00936
2.01298
1.99945
1.99466
2.0069
1.98931
1.99074
1.99268
2.00307
2.00716
1.98853
1.98111
2.00745
2.00423
1.98528
1.99334
2.0209
1.99068
2.00166
2.00206
1.99296
2.01129
1.99586
1.99201
1.99411
2.00337
2.00232
1.9973
2.00592
2.00193
2.00614
2.01515
2.01945
1.98773
2.0012
1.99811
2.00571
2.00693
1.98922
2.01891
1.99929
1.98279
2.01754
1.99299
1.99654
1.99741
2.00008
1.98567
2.00158
2.00727
1.98382
1.9892
2.00021
1.99017
1.99416
1.99937
2.00226
2.00559
2.00429
1.9996
2.01296
2.01054
2.01981
1.99219
2.00508
2.00464
1.99993
1.99971
1.97363
1.99761
2.01082
1.99313
1.99447
2.00351
2.0138
1.99143
1.99842
1.99113
1.99304
1.99927
2.0276
2.01205
2.00888
1.98402
2.00749
1.99222
2.00435
2.01572
2.00469
2.00539
2.00513
2.00694
2.00681
2.00155
1.98925
1.9979
1.97855
2.01435
2.01292
1.98749
1.98671
1.98362
2.01591
2.00198
2.00308
2.00852
2.00148
1.9987
1.99689
2.00626
2.00399
2.01241
1.99725
2.00292
1.99115
1.99485
1.99775
2.00609
1.98704
2.00529
2.00782
1.99048
1.991
2.00471
1.97635
1.99487
2.0063
1.99092
2.00223
2.00026
2.0104
2.01139
2.01012
2.00152
1.9879
2.00533
2.00582
2.00494
1.99537
2.01522
2.01512
1.99853
2.01045
2.00719
1.99676
1.99945
2.0031
2.00561
1.99734
2.0021
1.99162
1.9904
1.99106
2.00618
1.99998
2.00461
2.00335
2.01309
2.01217
1.98579
1.99947
2.0089
1.9899
1.99776
2.00243
2.00591
2.01249
2.00295
1.9868
1.99125
1.98367
1.99431
2.01661
2.01458
2.00139
1.97896
1.99606
1.97954
2.00384
2.00702
2.0139
1.99751
2.0001
1.98099
2.0111
1.99808
1.99736
1.9859
2.01704
2.01592
2.00212
1.99425
2.02618
1.99608
1.99481
2.02468
1.99268
2.01257
2.00196
2.00166
2.01244
2.00795
2.02037
1.99935
2.01311
2.01111
1.97733
2.0008
2.0163
1.9973
2.00188
1.98489
2.00366
1.99463
2.00584
2.01062
1.99496
2.00541
2.00684
1.99578
1.99922
2.00222
2.0006
1.99034
1.98036
2.01477
2.01313
2.01604
1.98437
2.01414
1.98778
2.00501
1.98112
2.00404
2.00333
1.99443
2.00053
1.99637
1.99282
2.0044
2.00834
2.00473
2.00297
1.99419
1.98125
1.99449
1.98597
1.99
1.98648
2.02617
2.0017
2.00171
2.00076
1.98274
2.00073
1.99032
2.00887
2.01493
2.0184
2.01849
2.01609
1.98978
1.99591
2.01776
1.98618
2.00461
2.00663
2.00184
1.99217
1.98891
2.0097
1.9918
1.98805
1.98803
1.9911
2.01927
2.01748
1.98153
2.01025
1.99756
1.98913
2.01658
2.01241
2.0095
2.00398
1.98804
1.99948
2.01277
1.9921
2.00613
1.99447
1.99265
1.99949
2.00184
2.01067
1.98905
2.00959
1.99709
1.99547
2.00621
2.00145
2.00269
2.01093
2.00027
1.98812
2.00852
1.99389
1.99109
2.00099
2.00412
1.98219
1.9931
1.99642
2.00049
2.00792
1.98955
2.00888
1.99002
1.98966
2.00743
2.01769
2.00445
1.98939
1.99951
2.00063
1.9882
1.99607
1.99301
2.0181
2.01313
2.01713
2.00431
2.00924
1.99277
2.00158
1.99363
1.99546
2.00925
1.98079
1.9881
1.99302
1.98514
1.99935
2.00435
2.01144
2.01463
2.00047
1.98616
1.99943
2.0026
2.00515
1.9929
2.00434
1.98709
1.99934
2.00281
1.99004
2.00293
1.98741
1.99815
2.01046
2.00144
2.00067
2.00099
1.99116
2.00987
2.01195
1.98806
2.00686
2.0059
1.99273
2.00496
2.00645
2.0063
1.99602
1.99387
2.0086
1.97932
2.00837
1.99468
2.00074
1.98112
1.99913
1.99689
2.01552
1.98898
1.98669
1.99597
1.99265
2.00157
2.00578
1.99235
2.00085
2.00886
1.99247
1.99824
2.00579
2.0023
2.01889
2.00132
2.01442
1.99363
1.99944
1.98954
1.99804
2.01091
1.997
2.00601
1.99442
1.9945
1.96579
1.98436
2.00698
2.0042
2.00805
2.01195
1.99513
1.99658
2.01019
2.01355
1.98426
1.99879
1.9899
2.00123
2.00203
1.98582
2.01572
2.00535
2.00802
2.0058
1.99155
2.00353
2.01125
2.02041
1.98519
1.99403
2.00257
1.99179
2.00958
1.99414
2.0118
1.99555
2.00257
2.00665
2.00659
2.00286
1.9879
2.00502
2.01039
1.99432
2.00627
2.00119
2.00399
1.98875
2.00044
1.99186
2.0181
2.00121
1.99658
1.99903
2.0086
2.00381
1.99697
1.99392
1.98552
1.99948
2.01052
2.01142
2.02185
1.99049
2.00265
1.98901
2.01227
1.99987
1.99325
2.01679
1.99355
2.00525
1.99779
2.00103
2.00042
1.99758
2.01287
1.97987
1.9976
2.00099
2.01022
2.00004
1.99915
2.00818
1.99673
2.00294
2.00163
2.00301
1.99958
2.01054
1.99409
1.99847
2.00267
1.99589
2.01592
1.99739
1.99587
1.992
2.0207
1.99337
1.9779
1.99693
2.00199
1.98327
1.9898
1.99714
1.99799
1.99983
2.01179
1.97958
1.99133
2.02076
1.99434
1.98035
2.00681
2.01607
2.01923
1.98775
1.99915
2.00225
2.00605
2.00843
2.00181
1.98627
2.00624
1.98663
1.98022
1.99162
2.00736
2.00294
2.00382
2.00599
1.99878
2.00827
1.99842
1.99163
1.99884
1.99638
2.01599
1.99371
1.99088
1.98971
2.0048
2.00624
2.00093
2.00904
1.99531
2.00041
2.00853
1.99467
2.01034
2.00996
1.99776
1.99371
1.99584
1.99604
1.99779
2.00807
1.98942
2.00454
1.99142
2.0056
1.99759
2.00974
1.99931
2.01361
1.99324
1.99414
2.00421
1.99505
2.0125
2.01559
2.00192
2.0033
2.00021
2.00023
1.97958
2.018
1.99535
2.01087
2.00159
1.98885
2.00604
1.99505
2.03262
2.0072
2.01372
1.99368
1.99236
1.99474
2.01023
2.00764
2.00347
2.00405
1.99914
1.9884
2.01653
2.01531
2.0198
2.00432
2.00928
1.99603
1.99943
1.99186
2.00656
1.99215
2.00162
1.99716
2.01453
1.99596
1.97604
2.00206
1.99417
1.99012
1.99589
1.98834
2.00184
2.01697
1.99873
1.98858
1.99999
1.97882
2.00326
2.00852
2.0128
1.99037
2.01207
2.02038
2.01135
1.99854
2.00902
1.99849
2.00722
1.98764
1.99451
1.99642
2.00145
1.99702
2.00044
2.00175
2.01122
1.99571
1.99687
2.00109
2.00593
1.99531
2.00239
1.98818
2.00238
1.99838
1.9945
1.99353
1.99163
1.9918
1.97598
1.99063
2.01094
1.98413
2.00497
2.01704
1.9889
2.00231
1.99572
2.00751
2.00361
2.00203
2.01437
1.99595
2.00412
1.99103
1.9908
1.99665
1.98555
2.0004
1.99098
1.99852
2.00404
1.99001
1.99706
2.00393
2.0006
2.00965
2.01414
1.99992
1.99347
2.00664
1.99205
2.00691
1.99011
2.01391
2.00014
2.00766
2.00104
2.00014
1.99213
1.99031
1.99842
2.00691
1.99495
2.00099
1.98433
1.99803
1.99857
2.00164
2.00486
2.01741
2.00108
2.00358
2.00731
2.01448
1.99404
1.99827
1.99015
1.98476
2.00071
1.99932
2.01222
1.9886
1.99926
1.99422
2.01762
2.00306
1.99892
2.01215
1.99407
2.00109
2.00059
1.98851
2.00424
2.01146
2.00849
1.98239
1.98515
1.98183
2.01446
2.00376
2.01553
1.9914
1.97126
2.00115
1.98514
1.98118
2.00897
1.98868
2.00192
2.00306
1.99912
1.99001
2.00188
2.00195
2.0086
1.99751
2.00671
2.00366
1.99261
2.001
2.01538
2.00297
2.01621
2.0037
1.99976
2.0255
2.00388
2.00922
2.01608
2.0045
1.99765
2.01866
1.99891
1.99133
2.00857
1.98564
1.99388
2.0292
2.00246
2.00649
2.01278
1.99196
2.00138
2.00952
1.99922
2.01212
2.02753
1.99032
2.00344
1.99174
2.02595
1.98735
1.98557
2.00416
1.99973
2.00113
2.00433
1.99988
1.9912
1.99709
1.98545
1.98722
2.00996
1.98979
2.00935
1.99376
2.00118
1.99317
2.00177
1.99319
2.00259
2.01294
1.98958
2.00275
1.99368
2.00134
1.98501
2.00667
2.0047
2.00295
2.01232
2.01458
2.00384
2.00107
2.01433
2.00257
2.00653
1.99597
1.98701
2.0155
1.98093
1.99701
1.98802
1.99619
1.99427
1.99298
1.99478
2.0062
2.00599
1.9989
2.00079
1.98226
2.01056
2.00589
2.00392
1.99629
2.00224
1.99983
1.99146
1.99955
2.0019
1.99053
2.00526
2.00232
2.01666
2.00165
2.00033
1.99532
2.00398
1.9993
1.9896
2.0055
1.99187
2.02185
1.99567
1.9972
2.00932
1.9971
1.99018
2.00733
1.99813
1.99606
2.00369
2.00587
2.00461
2.00473
2.00596
1.99451
2.00043
1.99378
1.99477
1.98564
1.99648
1.99558
2.01025
2.01427
1.97276
1.99804
1.98584
2.00721
1.99134
1.99619
2.0039
1.98931
2.01572
2.00172
2.01482
2.01164
1.99962
1.97876
1.99725
2.00804
1.99243
1.99536
2.00631
1.99073
1.99678
2.00484
1.99303
1.99982
1.98637
1.99704
2.01467
1.99433
1.99793
1.9824
2.00549
1.99562
2.02187
2.02082
1.97594
1.99704
1.99537
2.0073
2.01242
2.00504
1.99407
1.96882
1.99171
1.99566
2.00318
1.98862
2.00073
1.99719
1.98563
2.00559
2.00892
1.98892
2.01327
1.99821
2.00108
1.9921
1.99342
2.01216
1.99882
1.97942
2.01165
1.99553
2.01823
2.00823
2.01993
2.02369
1.99038
1.99735
2.00849
2.01075
1.97023
2.0065
1.98883
1.98631
2.00945
2.01275
2.0094
2.01135
1.98818
1.99927
1.98338
1.98847
1.99671
2.00783
2.01299
1.98869
2.0028
1.99153
1.967
2.00674
2.00952
1.99459
1.98041
2.00215
2.00274
2.00526
1.99409
2.00947
2.00941
1.98953
2.00728
1.98801
1.99333
2.01326
1.99225
2.02484
2.00773
2.00683
1.99806
1.9995
1.98688
1.98794
1.99646
2.00346
1.99496
1.99688
2.00064
1.98449
2.00064
2.01575
1.9848
1.99478
2.0072
1.99923
1.98347
2.01091
2.00761
2.00635
1.99529
1.9975
1.99431
2.01058
2.01025
1.99594
1.9981
1.98939
1.99187
2.00357
1.99794
2.007
1.9844
2.00056
1.98694
2.00336
2.00182
2.0009
1.99501
2.00385
1.99374
1.99132
2.01099
2.00956
1.99781
2.00263
2.00338
2.00795
2.00028
2.01458
2.0056
1.99111
1.98281
1.99439
2.00159
2.01687
2.00069
1.98988
1.99839
1.99628
2.00307
1.98425
2.00055
1.992
2.01808
2.00319
2.01235
1.99804
1.99903
2.00888
2.00012
1.98739
2.00105
2.00097
2.00885
1.99563
2.03232
1.98769
2.0024
1.99163
2.01548
2.01073
2.00675
1.99322
2.00778
1.99892
1.9989
2.00698
1.99753
2.00657
2.0021
2.00203
1.99641
1.99443
1.99098
1.98792
1.99669
1.98869
1.99848
1.97923
2.00127
2.01607
1.989
2.00099
1.98193
2.00469
2.0069
2.00095
2.02274
1.98881
2.00503
2.00305
2.00552
2.0053
2.01391
2.01179
2.01603
1.99433
2.0214
1.99636
2.00685
1.98821
2.01415
2.00925
1.98768
1.99097
1.9946
1.99031
1.99486
1.99994
2.0105
1.98361
2.00733
1.99045
1.98886
2.00233
1.98432
1.98497
2.00753
2.00381
1.99587
1.99639
2.00195
2.0059
1.98937
2.0085
1.99491
2.01099
1.99443
1.99894
1.9986
1.99905
2.00357
1.98828
2.00712
1.99372
1.99298
1.99777
2.00004
2.00708
1.99622
1.99856
1.99537
2.00589
2.0133
1.99001
1.97615
2.00768
2.00772
1.9885
1.99792
1.98861
2.00532
2.02411
2.02138
2.01114
2.00752
2.00638
2.00469
2.00497
1.99447
2.01495
1.99562
2.00349
1.99982
2.00593
1.9921
2.01112
2.00503
1.99241
2.00191
2.00369
1.98473
2.00732
2.01203
2.01185
2.00696
2.01419
1.99317
1.9948
2.00689
2.0087
2.01542
2.0255
2.00018
2.00539
2.01314
1.99681
1.99408
1.99385
2.02004
1.99377
2.00022
1.99057
2.01117
2.01336
2.00505
2.00324
2.00908
2.00656
2.00143
2.00105
2.00033
2.0005
1.97884
2.01195
1.99101
1.99627
2.0063
2.00526
1.98655
2.0045
2.00027
2.00103
1.99006
2.00827
2.01527
2.00546
2.00318
1.99637
1.99188
2.00741
1.98658
2.00996
1.99286
1.99285
1.99576
1.98671
1.99529
1.99578
1.98345
2.00645
2.00383
1.97559
2.00472
1.98509
1.99147
2.01454
1.98942
2.00616
1.99205
2.02553
1.9993
1.9975
2.00166
2.00415
2.02213
2.00081
1.99563
2.01067
2.00646
2.00815
2.00097
1.98603
1.98938
2.00273
1.99435
1.99717
2.01115
2.00217
1.99665
1.99021
2.00361
2.00571
2.00381
1.99514
1.99988
2.00544
1.98832
1.9923
1.99993
2.00555
2.00327
2.00499
2.00851
2.00247
1.9981
1.99022
1.99375
2.00303
2.00187
2.00272
2.01302
1.99951
1.99146
2.00206
2.00448
1.98504
2.01719
2.00683
1.9982
1.99034
1.98283
2.01742
2.01662
2.00309
1.99499
1.98541
1.99916
2.0004
1.99635
2.01636
2.00692
2.00423
1.9991
2.00493
2.00353
1.99558
2.01292
1.99339
1.99208
1.98431
1.99315
1.99669
2.00603
2.01866
1.99183
2.00058
2.00397
1.99175
1.98623
1.99057
1.99467
2.00134
1.99381
2.00828
1.99721
2.00059
1.98528
1.99512
1.99302
1.99773
1.99565
2.00722
2.0025
1.99257
1.98238
2.00399
2.00612
1.99194
1.98948
1.99017
2.00245
1.98455
2.01116
1.99944
1.99891
1.99989
1.9963
1.99624
2.01423
1.99672
2.01851
2.00287
2.00361
2.00782
2.00809
2.00439
1.99759
1.99752
2.00659
2.00039
2.01063
1.99886
2.0079
1.99974
1.99939
1.99947
2.00071
1.976
2.00776
1.99928
1.98839
2.00307
1.98385
1.99452
1.97876
2.01745
2.01217
1.99371
1.99373
1.99248
1.99015
1.99411
1.99499
2.00482
2.00783
2.00849
2.00822
2.00282
1.9917
2.00996
2.00781
1.99125
2.00404
1.98689
1.99514
2.01714
2.00299
2.00136
1.98373
2.00088
2.00068
2.00669
1.97027
1.98851
2.00499
2.00777
2.02155
1.99345
2.00018
1.99918
1.98702
2.00285
2.00541
1.99133
1.99218
1.98847
2.00279
1.98022
1.98874
2.013
1.99763
1.99567
2.01477
2.00087
2.01312
1.98982
2.01596
2.01033
1.98636
1.99982
1.99712
2.01278
2.00266
2.01227
2.01554
2.00321
1.99587
2.00231
1.9904
2.00586
2.00823
2.00691
2.01362
1.99599
1.98315
2.00249
1.9995
2.00512
2.00105
1.97924
2.00248
1.9914
2.0185
2.00624
2.00769
2.0235
2.01074
2.00418
2.00838
1.98627
1.99863
1.99738
2.01355
2.00016
2.01046
2.00566
2.00362
1.98731
1.99282
2.00775
1.99579
1.98474
1.9985
1.98991
1.99854
1.9974
2.02717
2.00486
1.97833
1.99636
1.99253
2.01234
2.00225
1.99616
1.99646
1.98726
2.00004
2.00866
1.99856
1.98909
2.01275
1.99405
1.98679
2.00875
2.00101
2.00694
1.98055
2.01196
1.98943
1.99482
1.97694
1.9907
2.00973
2.00415
1.9708
1.99586
1.99904
2.0057
1.99094
1.98964
1.97701
2.00027
1.99921
1.99411
2.00612
1.98214
2.0102
2.00158
2.00778
2.00297
1.99705
1.99777
2.02727
2.01027
2.00691
1.98611
2.01104
2.00175
1.98792
2.00106
2.00046
2.0036
2.00069
2.00026
2.01191
2.00779
2.00913
2.00022
2.00639
2.00706
2.00147
1.99101
1.98191
2.02051
1.98889
1.9936
2.00216
2.01233
2.01246
2.00501
2.00271
2.0032
1.99443
1.98558
1.9984
2.01453
1.99568
2.01194
2.01076
1.99627
2.00592
2.0019
1.99094
2.00612
1.98907
1.9837
2.00458
1.99242
1.99214
1.99314
2.00962
1.9904
2.00752
2.00167
1.99621
2.00705
2.00124
1.98798
1.99955
1.99637
1.99386
1.97953
1.99716
1.99649
2.00705
2.0115
1.9935
1.97726
1.99266
1.99979
1.9847
2.00796
1.97818
2.01623
1.99981
2.00625
2.00512
2.00575
1.99265
2.00395
2.00619
2.00258
2.01249
2.01161
1.98942
1.99456
1.98907
1.98762
1.99562
2.00395
1.99514
1.98899
2.00336
1.99604
1.99887
2.00706
1.99736
2.01058
2.01293
1.99646
2.00443
2.00518
1.99197
1.99928
1.98326
2.00723
2.0103
1.99466
2.02047
2.01222
1.99159
2.00018
1.99987
1.99978
1.99663
1.9898
1.99561
2.00957
2.01927
1.97732
2.00428
1.97912
1.99258
2.00002
1.99316
1.99584
1.98978
2.0014
1.9947
2.01414
1.99895
2.01176
1.9908
1.99316
2.0001
2.00203
2.00291
1.98817
2.01697
1.98967
2.00631
1.99889
2.02229
2.01511
2.01196
2.01159
2.00775
2.00254
1.99416
1.99935
1.99771
2.00332
2.00668
1.99077
1.99526
2.0036
1.99184
1.99638
2.01031
2.01364
1.9987
2.03075
2.00132
1.99471
1.99649
2.01093
2.00493
1.98962
2.02144
1.99542
1.99156
2.00277
1.99785
2.00666
2.00251
1.99504
1.99278
2.00261
2.00217
1.98459
2.00578
2.0008
2.00619
1.99126
2.00057
2.00887
2.0152
2.00527
2.00178
1.98169
2.00357
1.99888
1.99787
1.99767
1.97737
2.00373
1.98704
1.99639
2.00519
1.99487
2.01983
2.00126
2.00111
2.00798
1.98728
1.98615
2.0045
1.98967
2.01123
2.00613
2.00729
2.00136
2.00309
2.00381
1.99443
2.02218
2.00432
2.00816
2.00478
2.00242
1.99764
2.00507
1.98667
1.992
1.99661
2.01824
1.99004
1.99027
2.00102
2.02202
1.99331
2.00425
2.00421
1.98829
1.99528
1.99606
1.99471
1.99319
1.98546
1.99531
1.99834
1.98447
1.99149
1.99349
2.00867
1.99788
1.98138
2.00166
2.02012
1.98409
2.00061
2.00554
1.99153
1.9888
1.99339
1.99599
2.01579
2.01142
2.00329
2.00749
2.00606
2.00979
2.00382
1.99247
2.0128
1.98751
1.98656
1.98832
1.99762
1.99284
1.99544
2.00538
2.00803
2.00798
2.00015
2.00239
2.00139
2.00316
1.98863
2.01363
2.00856
2.00241
2.00825
1.98413
1.99568
1.98832
2.02232
1.99169
2.0008
1.98659
1.9958
1.99553
1.98819
2.00188
1.99471
1.97985
1.99678
1.9981
2.00671
1.98688
2.00131
1.98422
1.99271
1.99685
1.99852
2.02397
1.99431
1.99055
2.00234
1.9969
2.01074
1.99947
2.00117
2.0022
2.00549
2.0109
2.00567
2.00049
1.99767
2.00349
1.99545
2.00811
2.00036
2.0051
2.0094
1.99142
1.98911
1.99289
2.00793
1.99719
1.99276
2.00665
2.00799
2.00805
2.01094
2.01009
1.99424
2.01451
1.99138
2.00153
1.98354
2.00994
2.00641
1.99389
2.01005
1.98897
2.01167
2.00317
2.00293
1.99095
1.98733
2.0102
2.00835
2.00063
2.00713
2.00263
1.97989
2.01611
1.98274
2.00934
1.99362
2.00539
2.01403
1.98808
2.01268
2.01502
1.99484
2.00256
1.99994
1.99594
1.99954
2.00832
2.01128
1.99542
1.9941
1.98749
2.02061
2.00208
2.00663
2.00333
1.98934
1.98693
1.98956
2.00391
2.00098
2.00479
2.00125
1.98651
2.00092
1.9862
2.00118
1.9884
2.01071
2.0078
2.01381
1.99958
2.00574
2.02101
2.01783
1.99827
1.99258
2.00761
1.99485
2.00806
2.00546
2.00896
2.00276
2.00402
2.01799
2.00458
2.00548
1.99609
2.00249
2.00429
2.00469
2.01813
1.99298
2.02065
2.00711
1.99181
1.99673
1.99961
1.99724
2.00125
2.01646
2.01015
2.00257
2.01041
1.99846
1.98718
1.99974
2.00418
1.98995
1.99098
1.99231
1.98919
2.00083
2.00881
2.00906
2.01985
1.99271
2.01041
2.00444
1.98523
2.00033
1.98931
1.99495
2.00159
2.00517
2.01727
2.00827
1.99864
2.00576
1.99802
2.00502
1.99768
1.99658
2.0109
2.00662
2.00244
1.98222
2.00847
1.98086
1.98624
1.98932
2.0024
1.99876
1.99571
1.99447
1.98343
2.00547
2.00685
2.0143
1.99958
2.01881
2.00082
2.00237
2.01412
1.99923
1.99507
2.00623
1.98647
1.98929
2.0048
2.00143
1.99928
2.00483
1.9989
1.98137
1.98918
2.00672
1.99938
1.99912
2.00131
1.9857
2.00454
1.98595
2.00025
2.01968
2.00668
2.0086
2.00644
1.99923
2.00679
2.01598
2.00569
2.00766
1.98869
1.99647
2.00456
1.99948
1.99962
2.01185
2.00966
2.00993
1.97963
2.00891
2.00113
1.9997
2.00894
2.00347
1.99418
2.00519
1.99195
1.99067
2.007
1.99718
1.98953
2.01082
2.00434
2.00171
1.99713
1.99011
2.00853
2.01224
1.99453
1.99695
2.00878
2.00362
1.99032
2.00534
2.01981
2.00384
2.00163
2.00433
1.99795
1.9965
2.01872
2.00841
2.00636
2.00714
1.98807
1.98837
1.97785
1.9814
2.00666
2.02213
2.0203
1.97071
1.99894
2.01289
1.98736
2.00079
2.0083
1.98266
2.00993
2.00885
2.00198
1.99154
2.00463
1.99088
1.98148
2.00115
1.98902
2.00162
1.99287
1.98929
1.9969
2.00313
2.00767
1.99239
2.00828
2.00764
1.99152
1.99582
2.03613
2.0046
1.98755
1.99744
2.01679
2.00076
2.00948
1.9766
1.986
2.00844
2.0072
1.99001
1.98559
1.99461
1.98485
1.99927
1.99577
2.01144
2.00266
1.98876
2.02282
2.00486
1.99734
2.00895
2.00971
2.02205
1.99191
1.9879
1.98593
1.99268
1.99518
2.00048
2.00088
2.0071
2.00573
1.99794
1.99385
2.00536
2.0139
2.01311
2.00456
1.9948
2.00401
2.02242
1.99441
2.02895
2.01704
2.02024
1.9986
1.99849
2.01971
2.00562
2.00081
2.00937
1.99644
2.00552
1.98511
1.98756
1.97781
2.00215
1.99183
2.00268
2.00252
1.98923
2.00904
1.99728
1.99595
2.00907
1.9977
2.00427
1.98483
2.0087
2.00769
1.99804
2.00964
1.98642
1.9951
1.99811
2.02139
1.98565
1.99172
1.99944
2.01368
2.01176
1.99734
1.98619
1.99905
1.9982
2.01193
2.00513
2.00235
1.99253
2.00268
2.00421
2.00219
1.99619
2.00558
1.99709
2.01295
2.00139
2.00265
1.9964
2.00144
2.01808
2.02047
1.9852
2.00171
1.99841
1.99987
2.00218
2.0048
2.00685
1.99469
1.98565
2.00293
2.00951
2.03657
2.02742
2.01065
1.98821
2.0091
1.99273
1.9941
2.0194
2.00403
2.01682
1.99652
1.99613
2.00669
2.01782
2.00289
1.9945
2.00444
2.01303
1.99176
2.00105
1.9901
1.99452
1.99175
2.01049
2.01081
1.98666
1.97961
1.98319
2.00397
2.0026
2.00443
1.99517
1.98359
2.01238
1.99813
1.99996
2.01762
2.00601
2.00138
1.98613
2.00008
1.99741
1.98717
2.00033
1.99316
1.99811
1.99295
1.96696
2.00083
2.00793
1.98229
1.99312
1.98025
2.00869
2.02032
1.99495
2.00041
1.99847
1.99687
1.9937
1.99241
2.00207
2.00652
2.00275
2.00709
2.00278
1.99657
1.99988
2.00299
2.00071
2.00043
2.00275
1.99671
2.00124
2.00527
1.99214
2.00575
2.00973
2.0077
2.0087
2.00589
2.00657
1.99607
1.98699
1.9834
1.99954
2.01495
1.99438
2.01267
1.99669
2.01154
2.00344
1.99297
1.99804
1.99216
1.99565
1.99754
2.00072
1.9962
2.00701
1.9996
1.99774
1.98612
1.99813
1.99867
2.00433
2.00617
2.00087
2.00111
2.01501
2.00656
1.99525
2.00606
1.99004
1.99502
2.00497
2.00227
2.00549
2.00806
2.01265
2.01152
2.00544
1.99996
2.01132
1.99354
1.97999
2.00595
2.01693
1.99019
1.99142
2.00552
2.00446
1.99965
1.98558
1.98762
2.0111
2.00263
1.99214
2.00499
1.99821
1.98844
2.00969
2.017
1.99395
2.01904
2.00284
1.9897
1.99638
1.99637
2.00223
1.99549
2.00245
2.00805
1.99371
1.99474
2.00507
1.99924
1.99335
2.00374
2.00543
1.98757
1.99454
2.00891
2.01564
1.99283
2.02142
2.01553
1.9864
1.99766
1.99181
1.99872
2.001
2.01468
1.99204
2.00497
1.99623
1.98808
1.98891
2.00303
2.00519
2.02881
2.00055
2.00782
1.99569
2.00262
2.00548
1.99117
2.00521
1.9932
2.01279
2.00736
2.00295
2.0164
1.99448
1.99537
1.99606
2.01486
2.0019
2.00684
1.99988
1.99371
2.02251
1.98611
2.0136
1.99316
1.99907
1.99074
1.99584
1.99659
2.00536
1.99553
1.99857
1.98638
1.99494
2.00117
1.99933
1.99947
1.99296
1.99683
2.00957
2.01114
2.00504
2.00408
2.00073
1.9867
1.99469
2.01636
2.0062
2.0025
2.0135
2.00957
2.01948
2.00815
2.00239
1.98858
2.00381
1.9872
2.00154
1.99625
1.98511
1.99841
2.00011
1.99561
2.0107
1.99548
2.01596
1.99179
2.00258
2.00411
1.99683
1.99742
2.00746
2.00738
2.00643
1.99497
1.98759
1.97447
1.99448
2.00387
2.01631
2.0171
2.01638
1.99834
1.98527
1.98433
2.014
1.99295
2.00917
1.99517
1.98656
2.00111
2.0093
1.99495
2.00266
1.99244
1.99564
1.98806
2.00793
2.00516
1.99164
2.01242
1.99206
2.00184
1.99212
1.99709
2.01929
1.97952
2.00257
2.0051
1.98495
2.00581
1.99067
1.99971
1.99869
1.98327
2.01308
1.99641
1.99144
2.00072
1.9942
2.00469
2.00133
1.99626
1.99008
2.01619
1.9976
2.01528
2.00827
1.99195
1.9925
2.00235
1.99457
2.00434
2.00389
2.0215
2.00109
1.99094
2.00275
1.9931
2.00142
2.01221
1.99855
1.99682
1.99407
2.00829
2.01516
1.98679
2.01413
1.9898
1.99035
2.01134
1.99024
2.00127
1.99515
2.00306
2.005
2.00384
1.99789
2.02037
1.99069
2.00507
2.01583
2.01143
1.99632
2.00509
2.02376
2.00406
2.00245
2.00757
1.99824
1.98733
1.98858
1.99296
2.01768
2.0006
2.00577
1.99494
2.00281
2.00313
2.01254
1.9884
1.99308
2.0131
1.99687
2.00566
2.00295
1.99521
1.99334
2.00025
1.98183
1.98393
1.99321
1.99502
2.02098
1.99934
2.00279
1.99004
1.98309
2.00901
1.99944
2.00794
1.99375
2.01111
1.99918
1.99255
1.99744
1.99554
2.01201
1.99676
1.99833
2.00585
1.99801
1.99819
1.99836
1.99284
2.00625
1.9946
1.98203
2.00625
2.01443
1.99354
2.01703
2.01467
1.99902
2.01241
2.01988
1.99957
1.99522
1.99897
1.9889
1.99397
2.0096
2.00324
1.98375
1.99874
1.98703
2.016
1.99118
1.99195
2.00779
2.00073
2.01021
2.0053
1.99781
2.00327
2.01403
1.99841
1.9837
2.00669
2.00392
1.99797
1.99646
1.98931
2.00708
1.99554
2.00561
1.99792
1.99878
1.99711
2.00585
2.00028
1.99124
2.01039
1.98152
2.01401
1.99717
1.9929
2.005
1.99558
2.00924
1.99664
2.00084
1.99848
1.99372
2.00614
2.00721
2.00027
1.9993
2.00703
2.02063
2.01469
1.99297
2.00305
1.99272
2.0012
2.00408
1.98937
1.99922
1.99524
2.00355
2.00343
1.97972
1.98331
2.00553
2.00195
1.99359
1.99495
2.00951
1.98237
2.0018
2.00422
2.00891
2.00654
1.992
2.00286
1.9989
1.99766
1.99187
1.99539
1.9963
2.00375
1.99243
1.99444
1.99796
2.01103
1.98273
1.99173
1.99176
2.01124
1.99067
2.00073
2.0087
1.99833
2.00031
1.99733
1.99804
1.99151
2.01397
1.99892
2.01961
1.99533
2.00233
2.0037
1.99889
2.01202
2.00171
2.01365
2.00148
1.98729
2.00159
1.99503
2.00542
1.98809
2.00937
2.00831
2.01839
1.98667
2.00953
2.01077
1.99318
2.00046
2.00261
2.00287
2.02167
1.99325
1.99291
1.99813
2.0094
2.00944
1.99789
1.98743
2.00337
1.98496
2.00002
1.98387
2.00962
2.00489
1.98858
1.98962
1.99139
2.00995
1.98611
1.99868
1.99277
2.01846
2.00999
1.98777
2.00644
2.00058
2.00215
2.00276
1.98229
1.99243
1.98059
1.99657
2.00369
2.00128
1.99642
1.99121
2.00464
2.01954
1.99872
2.00386
1.99811
2.00428
2.00285
1.99251
2.00009
2.00503
1.99195
2.00618
2.01584
2.00002
2.00071
2.00217
2.01162
2.00155
2.00697
1.99538
1.99117
1.98483
1.99708
2.0189
2.00408
2.00521
2.00642
2.00488
2.01238
2.0011
2.00744
2.01604
1.99065
1.99663
2.00279
2.00195
1.99855
2.00782
2.0009
2.0074
1.9984
1.98705
1.99621
2.01084
2.00303
2.00168
2.00535
1.98558
2.0107
2.00399
1.99494
2.00167
1.99551
1.99863
2.00407
2.00782
2.00665
1.99079
1.98963
1.9978
2.00965
2.01114
2.01022
2.00383
1.99142
2.00977
2.01393
1.98224
2.00078
2.00399
2.00156
1.99714
1.99076
2.00366
2.00322
2.01425
2.00179
2.00331
2.00199
1.98328
1.99412
2.0097
1.97927
2.0089
2.01121
2.00941
2.00464
1.99452
2.00758
1.99069
1.99566
1.9959
2.00251
2.01013
1.99918
2.00121
1.9971
1.99853
1.98747
1.97703
1.99858
2.00091
2.01132
2.00396
2.01366
2.00829
2.00532
2.0094
1.98834
2.01298
2.0013
1.98862
1.99373
1.99255
1.97956
1.98982
2.02766
1.98454
1.98234
1.99589
1.9919
2.01044
1.98704
2.00814
1.99236
2.00825
2.00064
1.99495
2.01009
2.02206
2.01504
1.97782
1.99307
2.00174
1.98602
2.01554
2.00736
2.00358
2.00742
2.00484
1.99965
1.99449
2.00174
2.00759
1.99403
2.00222
1.99748
2.01391
2.00884
1.99818
2.01102
1.9969
1.99087
2.01011
2.00202
1.99207
1.98771
2.00004
2.01742
1.99488
1.99647
1.99344
2.00993
1.98777
1.99092
1.99574
1.9903
2.01399
1.98926
1.9925
1.98197
2.00923
1.98771
2.01457
1.99558
2.00385
2.0054
1.99206
1.9977
1.99848
1.9842
1.99036
1.99367
2.00061
2.00089
1.99378
1.9924
1.99997
1.99421
2.00971
2.01478
1.98975
2.01143
1.9886
2.00245
1.98721
1.99634
2.00778
2.01108
1.99676
1.99726
1.99918
2.00074
1.9823
1.98616
2.00896
1.99828
2.00297
1.99766
1.98549
2.00523
1.99776
2.01164
2.01045
1.99545
1.98843
1.99931
2.00741
2.00434
1.98228
1.99837
1.99693
1.99817
2.01052
2.00835
1.9926
2.00343
1.99632
2.00435
1.99026
2.00916
1.99948
2.00902
2.01051
2.011
1.98809
1.98146
2.00272
1.99909
1.99758
2.008
1.99525
2.00203
1.99569
1.99055
2.00653
2.00307
2.0021
1.98111
1.99772
2.02267
1.99358
1.99456
2.0086
2.00178
1.99887
2.00741
1.99959
1.9765
2.00266
1.99225
2.00366
1.99985
2.00054
1.9911
1.99828
2.00501
2.00198
2.01701
2.001
2.00295
1.99313
2.00654
1.99398
1.98651
2.00837
2.00393
2.00229
1.99409
1.98948
1.99609
2.0017
2.01299
1.99521
2.01191
1.99007
1.99819
2.00542
1.99122
2.00412
1.98149
1.97486
2.00143
1.98178
2.0035
1.99606
1.98066
1.99847
1.98678
2.00726
1.99155
1.99155
1.99372
1.98721
2.00066
2.02437
1.99457
1.99703
2.00103
2.01483
2.00461
2.01586
2.00382
1.99417
1.99042
1.99231
1.99925
2.00362
1.99449
2.00536
1.99113
1.98196
2.00626
2.00449
1.9978
1.99609
1.99439
1.99816
1.99153
2.02251
2.00091
2.00072
2.00541
2.01854
2.00605
1.98605
2.01313
1.9882
1.99178
2.00094
1.98093
1.99977
2.00223
2.00357
2.00039
1.99424
1.986
2.00168
1.99209
2.0119
1.99393
1.9867
1.99658
1.99903
1.99979
2.00093
2.00038
1.99265
2.01015
1.9992
1.99078
2.01625
2.00403
1.98491
1.99859
2.0084
1.98449
2.00617
1.99304
2.00225
2.00074
2.00429
2.00005
2.01206
2.0203
1.99649
1.99811
2.00316
1.98542
1.99975
1.9986
2.02347
2.01011
1.9996
1.99357
1.99675
2.00451
1.9978
1.98623
1.99586
2.00865
1.99261
1.9975
2.01723
2.00056
1.99177
2.00349
2.003
1.989
2.00756
1.99605
2.00492
1.99585
2.00464
1.98205
1.99606
1.99729
1.99687
2.00123
2.00219
2.01052
1.99054
1.98243
1.99751
1.99731
1.98527
2.01708
2.00537
2.0068
1.99633
2.0119
2.00293
2.00501
2.00353
2.0026
1.99423
2.00268
1.9903
2.01343
1.99711
1.98496
1.99601
1.99369
2.01184
2.00342
1.99611
1.9897
1.99131
2.00395
2.00071
1.99932
2.00919
2.00579
2.01002
1.99162
2.01093
2.00965
2.00519
1.99584
2.00898
2.00796
1.98901
2.01061
1.99576
2.00842
1.9942
1.98105
2.01052
1.99705
2.00117
2.00693
1.98649
2.00875
1.99627
2.00163
1.9953
1.99762
1.99022
1.99987
2.01621
2.00737
2.00266
1.98117
2.00129
1.99852
2.00426
1.98922
1.99853
1.98915
2.0002
1.99297
1.99282
1.99839
1.99342
1.99331
1.9853
1.99968
1.99294
1.99994
1.99695
2.00781
1.99663
2.00382
1.99935
2.01048
1.99658
1.99637
2.00414
2.00973
1.9948
2.00307
2.00991
2.0034
2.00006
2.01309
1.99166
1.99326
1.98041
2.01268
1.99153
1.99707
1.98929
1.99487
2.01767
1.98427
2.00859
2.00194
1.99652
1.99603
1.97879
2.01034
1.99747
1.99697
2.00817
1.99255
1.98742
2.01503
1.98945
2.01047
2.01757
2.00415
1.98721
2.00795
1.98875
1.9996
2.01123
1.98593
2.01268
2.00456
1.99554
2.01674
1.99701
2.00789
1.97119
2.00901
1.9942
1.98686
2.0014
2.00136
2.00098
1.98442
2.00584
1.99197
2.00182
2.00775
2.00148
1.99575
2.0061
2.00529
1.9923
1.99611
1.9778
1.98246
2.00505
1.99629
2.00277
1.98773
2.00446
2.00482
2.00291
1.99286
1.97565
2.00013
2.02902
1.99481
1.99627
1.98944
2.01003
2.01404
2.0277
2.00821
2.00563
1.98879
2.0109
2.00161
2.00775
1.9948
2.0022
2.00927
1.99798
1.98639
1.98278
1.99645
1.99742
1.99683
1.98806
1.99597
1.99602
2.00522
2.00688
2.00567
2.00585
1.9908
2.003
2.00905
2.00272
1.99518
2.00662
2.00796
1.99796
2.00474
1.98947
1.99124
2.00411
1.99796
2.0001
1.98269
2.01024
2.01701
2.00009
1.99759
2.01137
1.98633
2.02212
2.00022
1.99611
2.00216
2.00158
1.99932
1.99135
1.98443
2.00455
2.00146
1.99575
2.00853
2.02202
2.00036
1.99479
2.01389
1.99962
1.99156
1.99664
1.99798
2.01664
2.01236
1.99757
1.99358
2.00953
2.00611
1.99646
1.99833
1.99385
1.99768
2.00594
1.9976
1.99009
1.99879
1.99631
2.01333
2.01106
2.00218
2.00456
1.99816
1.99271
1.99036
2.00823
1.99559
1.99788
2.00749
2.00114
1.98861
1.9916
2.00565
2.00111
2.00878
2.0009
2.00502
2.00827
2.00841
2.01141
1.99701
2.00179
1.99961
2.00743
2.00241
2.00169
1.99968
1.99818
1.99468
1.99814
1.98287
2.00881
1.99736
2.00239
1.99132
1.99615
1.99691
1.98828
1.99915
1.99842
1.99201
2.00363
1.99435
1.99763
2.00715
2.00339
1.99857
2.00731
2.0152
2.00597
2.00064
2.01286
1.9745
2.00365
2.00324
1.99258
1.98649
2.00488
2.00805
2.01131
1.99786
2.00112
1.9972
2.00328
1.99935
1.99335
1.98831
1.99702
2.01359
1.98677
1.99831
2.01201
2.00165
1.99867
2.00563
2.00028
2.00982
1.99709
1.99551
1.98523
1.99552
2.00504
2.00583
2.00655
2.01838
2.0019
1.98846
2.00092
1.99849
2.00475
1.99222
2.00994
1.9824
2.00376
1.98493
2.00207
1.99671
1.99126
2.00418
1.98161
2.00761
2.01105
2.00566
2.01411
1.97504
2.00331
1.98612
2.0096
2.00479
1.99249
1.98606
2.01442
1.99618
1.97731
2.00671
2.01524
2.00605
1.98505
1.99053
2.00986
1.9875
1.99039
2.00333
2.00362
1.99619
2.0031
1.99374
1.99352
2.00596
1.993
2.00607
1.99907
2.00067
1.99685
1.99993
2.00163
1.9944
2.01261
2.00821
2.00429
1.9939
1.99396
1.99749
2.00279
2.0075
2.00098
1.9915
1.99074
2.01961
2.00797
1.99955
2.00123
1.98062
2.00549
2.00964
1.99838
2.01193
1.9974
2.0184
1.99856
1.99406
1.99847
1.98602
1.99838
2.01495
1.99897
2.00767
2.01193
2.00533
2.00183
1.98757
2.00115
2.002
1.98947
1.98808
2.00793
1.98777
1.99907
2.00477
1.99482
2.00228
1.99711
1.98863
1.99621
2.00378
1.99467
2.00091
2.00482
1.99854
1.99489
1.98764
2.00408
2.01538
2.00952
1.99765
2.00703
2.00428
1.9887
2.00373
2.00157
2.00287
1.98957
2.02285
1.97886
1.98877
2.00508
1.97996
1.99283
1.98575
2.00673
2.00295
2.00269
1.99326
1.99957
2.01181
2.00833
2.00505
2.0073
1.99435
1.9909
2.00174
2.00819
2.01141
2.00022
2.0012
2.00937
1.98547
2.00033
1.98935
1.9896
1.99219
1.99662
2.01453
2.00336
2.00536
1.99444
1.99984
2.00025
2.00368
1.99208
1.99005
2.00487
2.00795
2.00128
1.99549
2.00384
1.99734
2.00913
2.01666
2.00018
1.99503
2.01163
1.99519
1.99147
2.00766
1.97345
1.99636
2.00129
1.98875
1.9981
2.01404
1.99987
2.00684
1.98927
2.00228
2.00866
1.99289
2.00749
2.01077
1.99502
1.99458
2.00412
2.01208
1.9927
2.00807
2.00151
1.99443
2.00792
2.00635
2.00116
1.99618
1.99193
2.00598
1.99845
1.99481
2.00031
1.99772
1.99733
2.00718
1.99078
1.99792
2.02185
2.02014
1.99061
2.00308
2.01007
1.99502
2.00784
2.00647
1.99577
1.98836
1.99814
1.98392
1.99793
1.99743
1.98497
2.00468
2.00535
2.00117
1.99707
2.0001
1.97805
1.99123
1.99441
1.99699
2.00877
1.99299
2.01078
1.9908
1.99648
1.99672
2.00141
2.01074
1.97574
1.98997
2.00238
2.00666
1.97926
1.99669
1.99825
2.00046
1.99719
1.99927
2.01863
1.99597
1.99638
1.99127
1.99592
1.99319
1.98688
2.02255
1.99313
2.00766
1.99784
1.98923
1.99799
2.0125
2.00089
2.01244
2.00733
1.99163
1.99798
2.00396
1.99673
1.99773
2.00542
2.004
1.99949
2.01058
1.99939
1.99853
2.01377
2.00655
1.99158
2.00483
1.97874
2.00378
1.99031
2.0023
1.99851
1.99275
1.99796
1.99796
2.00621
2.00193
1.9995
2.00389
2.00248
2.02555
1.99645
2.00024
2.0107
2.00273
1.99924
2.00088
2.0144
1.98979
2.00083
2.00429
1.99604
1.99881
2.01001
1.99717
2.00184
1.99641
1.99314
1.99869
2.011
1.98049
1.98742
1.99925
2.0008
2.00351
2.0075
2.00851
2.00609
2.00495
1.98331
1.9944
2.00431
1.98752
2.01483
1.99111
2.01166
1.99949
1.99792
2.0032
1.99356
2.00006
2.00496
2.00815
2.00625
1.98981
1.99045
1.99436
2.01876
2.00083
1.99665
2.00564
1.99484
1.98223
2.00339
1.99456
1.99864
1.9827
1.99904
1.98186
1.98709
1.98303
2.01173
2.00067
1.98138
1.99436
2.01064
1.99847
2.00293
1.99753
2.00676
1.98537
1.98836
1.99654
2.00725
2.00694
2.00725
2.00218
2.00136
2.0079
1.99699
1.99324
2.01145
1.98643
2.00351
2.00818
1.98678
2.00156
2.00562
2.00243
2.00915
1.992
2.00035
2.00032
2.00893
2.0075
1.9976
1.98854
1.99821
2.01115
2.00425
1.98893
2.0092
2.00872
1.99626
1.98719
1.98375
2.008
1.9921
2.00621
2.00377
1.99086
2.01018
2.00452
2.01903
2.01429
1.99778
2.01241
1.99388
1.99394
2.01132
1.99373
1.99939
1.99853
2.00549
2.01697
2.00791
2.00878
2.01576
2.00838
1.9831
1.98135
1.99447
1.99974
1.98482
2.00794
2.00273
2.00354
1.99766
1.98811
2.00187
1.99607
1.99427
1.9895
2.00345
1.9945
1.99684
2.01116
2.02327
2.0075
1.99375
2.00809
1.99932
1.98955
1.98775
2.00064
1.99382
2.00892
2.00942
2.0033
2.0036
1.99906
1.99382
2.00268
1.99732
1.98978
1.99243
1.99442
2.00136
1.99106
2.01962
2.00383
2.01188
1.9792
2.00414
1.99008
2.01448
1.99175
2.0117
1.9956
2.00751
1.98193
1.99732
2.01802
1.99456
1.99793
1.99211
1.99769
1.97997
2.00815
2.00392
1.99324
2.01629
2.00711
2.01177
1.98051
1.99513
2.00503
2.01505
1.99842
2.00715
1.98727
1.98985
2.0117
2.02087
1.99624
2.01249
1.99591
1.99163
1.9982
2.00826
2.00951
2.02495
2.00732
2.00698
2.00686
2.00272
2.0045
1.99376
1.98235
2.00028
2.01063
2.00667
2.00856
2.00572
1.99855
2.01147
2.0222
1.98955
1.99959
2.0028
2.00243
1.97427
2.00681
2.00031
2.00871
2.00993
1.99862
2.0006
1.99203
2.00125
2.00489
1.98796
1.99171
2.00622
2.01428
2.01537
2.00457
1.98911
2.01587
1.99816
1.98969
2.00415
2.00152
2.00398
1.99368
1.99969
2.00878
1.99946
2.00189
1.98798
2.00759
1.9894
2.00659
1.99252
1.99625
1.99751
1.98477
1.9802
2.01367
1.98178
1.99937
1.97391
1.99673
1.98558
1.99168
1.99573
1.99371
1.99458
2.0071
1.99644
1.99567
1.99876
1.99866
1.98117
2.01097
2.00042
1.99065
1.99799
