10.2419
10.2414
10.2536
10.2417
10.2392
10.2485
10.2465
10.2435
10.2309
10.2298
10.2415
10.244
10.2471
10.2393
10.2473
10.2396
10.2432
10.2407
10.2453
10.242
10.2406
10.2492
10.2444
10.2382
10.241
10.246
10.2437
10.2408
10.2499
10.2404
10.2355
10.2394
10.2495
10.2449
10.244
10.2465
10.2337
10.2379
10.2346
10.2473
10.2444
10.2461
10.2432
10.2432
10.2333
10.248
10.2461
10.2402
10.2408
10.248
10.2413
10.242
10.2423
10.2442
10.2489
10.2255
10.2343
10.2371
10.2473
10.2405
10.2348
10.2507
10.2413
10.2316
10.2458
10.2379
10.2416
10.2469
10.2454
10.2343
10.2455
10.235
10.2292
10.2315
10.2474
10.2391
10.223
10.2403
10.2432
10.243
10.245
10.2369
10.2366
10.2434
10.2368
10.2427
10.2223
10.2453
10.2426
10.2507
10.2318
10.2454
10.2407
10.2482
10.2301
10.2562
10.2414
10.2452
10.2559
10.2516
10.239
10.2439
10.2312
10.2509
10.2458
10.2401
10.2437
10.2381
10.242
10.2414
10.2395
10.2379
10.2338
10.2362
10.2508
10.2382
10.2413
10.2465
10.237
10.2419
10.239
10.2464
10.2365
10.2328
10.2445
10.2272
10.2461
10.2419
10.2446
10.2419
10.2503
10.2361
10.2344
10.2389
10.2387
10.2518
10.2443
10.2431
10.2378
10.2467
10.2372
10.2326
10.2438
10.2382
10.2368
10.2434
10.2324
10.2318
10.2417
10.2366
10.2443
10.2478
10.2373
10.2371
10.2422
10.2375
10.2374
10.23
10.2402
10.2389
10.2416
10.2453
10.2396
10.2311
10.2477
10.2436
10.2452
10.2433
10.2423
10.2504
10.2491
10.2354
10.2496
10.2472
10.2415
10.2363
10.2355
10.2384
10.2477
10.2374
10.2406
10.2448
10.2341
10.2493
10.235
10.2478
10.2425
10.24
10.2522
10.2418
10.2392
10.2368
10.2353
10.2479
10.235
10.247
10.2427
10.2242
10.2473
10.2305
10.247
10.2377
10.2311
10.2374
10.2462
10.2337
10.2323
10.2421
10.2413
10.2325
10.2405
10.2353
10.2443
10.2381
10.2373
10.2442
10.2425
10.2289
10.2388
10.2476
10.2358
10.242
10.2447
10.2597
10.2329
10.2465
10.2336
10.2563
10.2422
10.2336
10.2377
10.2398
10.2471
10.248
10.2399
10.2419
10.2483
10.2451
10.2439
10.2381
10.2299
10.236
10.2299
10.2448
10.2404
10.2365
10.2359
10.2364
10.2477
10.2403
10.2458
10.2419
10.2391
10.2518
10.2314
10.2549
10.2412
10.2397
10.241
10.2317
10.2397
10.2382
10.2375
10.2461
10.2403
10.2516
10.2465
10.23
10.2396
10.234
10.232
10.2478
10.2356
10.2418
10.2455
10.2438
10.245
10.2312
10.2463
10.2474
10.2362
10.2385
10.2444
10.2395
10.2481
10.2381
10.2356
10.257
10.2431
10.2373
10.2366
10.2483
10.2438
10.2333
10.2316
10.2472
10.2312
10.2407
10.2347
10.2441
10.2406
10.2457
10.238
10.2456
10.2401
10.2432
10.2455
10.2458
10.2364
10.2322
10.249
10.2451
10.2345
10.2377
10.2349
10.2442
10.2435
10.2437
10.2441
10.2318
10.244
10.2341
10.2427
10.2416
10.2314
10.2473
10.2478
10.247
10.2438
10.2361
10.2457
10.2521
10.2328
10.2371
10.2303
10.2421
10.2438
10.2437
10.2446
10.2479
10.2362
10.2468
10.2344
10.2495
10.2418
10.2417
10.2384
10.241
10.2381
10.2388
10.2361
10.2304
10.2498
10.2485
10.2343
10.2347
10.2404
10.2373
10.2481
10.2471
10.2491
10.2414
10.2427
10.2403
10.246
10.2473
10.2398
10.2423
10.2288
10.2416
10.2383
10.2458
10.2418
10.2487
10.2405
10.2366
10.2385
10.2371
10.2496
10.2371
10.234
10.2351
10.2366
10.2454
10.2429
10.2397
10.2506
10.2408
10.2467
10.24
10.2318
10.2371
10.2442
10.2439
10.248
10.2333
10.2507
10.2355
10.2445
10.2403
10.2346
10.2394
10.2374
10.2417
10.2324
10.2457
10.238
10.2504
10.2363
10.2392
10.2435
10.2475
10.2366
10.2488
10.2354
10.2407
10.2328
10.2414
10.2356
10.2418
10.2452
10.2303
10.2481
10.2473
10.2405
10.2432
10.2378
10.242
10.2378
10.2476
10.2371
10.2365
10.2402
10.2497
10.2394
10.2331
10.2387
10.2346
10.2402
10.2392
10.2317
10.2346
10.2511
10.2402
10.2328
10.2453
10.2337
10.2519
10.2391
10.2485
10.2336
10.2478
10.2323
10.2471
10.2259
10.2363
10.236
10.2456
10.2372
10.2527
10.2428
10.2354
10.2449
10.2458
10.2504
10.2367
10.2516
10.2383
10.2445
10.2363
10.2352
10.2434
10.2411
10.2386
10.2428
10.2378
10.239
10.2369
10.2537
10.2322
10.2422
10.2305
10.2433
10.24
10.243
10.236
10.2316
10.2499
10.2477
10.2424
10.2424
10.2416
10.2375
10.2403
10.2499
10.2389
10.2403
10.2407
10.247
10.2442
10.2452
10.2471
10.2472
10.2378
10.246
10.2378
10.2256
10.2442
10.2373
10.2288
10.2483
10.2433
10.2418
10.238
10.2418
10.2305
10.2428
10.2415
10.237
10.2282
10.2495
10.2489
10.2364
10.2481
10.2366
10.2499
10.2448
10.2271
10.2464
10.2463
10.2352
10.242
10.2366
10.2381
10.2388
10.2406
10.2444
10.2417
10.2422
10.2434
10.2413
10.2499
10.2397
10.2394
10.2404
10.2427
10.2391
10.2411
10.249
10.2355
10.2414
10.2331
10.2401
10.2503
10.2499
10.2309
10.2445
10.2414
10.2385
10.2449
10.2432
10.2359
10.2462
10.2451
10.2504
10.2352
10.2433
10.2475
10.2295
10.2365
10.2426
10.2415
10.2433
10.2453
10.2467
10.2439
10.241
10.2339
10.2419
10.2289
10.2367
10.253
10.2486
10.245
10.2441
10.2419
10.2412
10.243
10.2377
10.2399
10.2308
10.2398
10.2351
10.2335
10.2404
10.2444
10.2415
10.2397
10.2372
10.2502
10.2372
10.2491
10.2493
10.2341
10.2468
10.2425
10.2384
10.2433
10.2379
10.2507
10.2403
10.2361
10.2476
10.2461
10.2286
10.2291
10.2456
10.2484
10.2482
10.2425
10.2281
10.2415
10.2419
10.2486
10.2477
10.2375
10.2452
10.2403
10.2331
10.2489
10.2432
10.2444
10.2304
10.2493
10.2382
10.2343
10.2485
10.2441
10.2311
10.2453
10.2375
10.2513
10.2534
10.2399
10.2366
10.2387
10.2322
10.2488
10.2481
10.251
10.239
10.2486
10.2392
10.2361
10.2363
10.2376
10.2438
10.245
10.2344
10.2407
10.2321
10.2477
10.2333
10.2329
10.2295
10.2458
10.2349
10.2327
10.2422
10.2359
10.2586
10.2416
10.2392
10.2403
10.2331
10.2378
10.2361
10.2446
10.2256
10.2403
10.2452
10.2411
10.2377
10.2388
10.2475
10.2354
10.2414
10.2471
10.2407
10.2504
10.2376
10.2423
10.2355
10.2341
10.2403
10.2317
10.2349
10.2349
10.2358
10.2426
10.2384
10.2375
10.2373
10.2428
10.2429
10.2432
10.2487
10.2288
10.2375
10.2373
10.2398
10.244
10.2415
10.2466
10.2343
10.2405
10.2547
10.2343
10.2313
10.242
10.2461
10.2378
10.2353
10.2401
10.2346
10.2443
10.245
10.2378
10.247
10.2364
10.2374
10.244
10.2348
10.2355
10.2446
10.2385
10.2444
10.2429
10.2403
10.2414
10.2503
10.2293
10.2423
10.225
10.2492
10.2433
10.2486
10.2431
10.2278
10.2407
10.2415
10.2403
10.2398
10.248
10.2421
10.2307
10.2397
10.2367
10.2375
10.2323
10.236
10.2442
10.2345
10.2328
10.2405
10.2397
10.2293
10.2437
10.2548
10.2494
10.2496
10.2469
10.2413
10.2445
10.2353
10.2415
10.2399
10.232
10.2408
10.2305
10.2465
10.2375
10.237
10.2312
10.2468
10.2371
10.239
10.2385
10.2433
10.2396
10.2436
10.2472
10.2477
10.2434
10.2313
10.2436
10.2479
10.2452
10.2413
10.2437
10.2363
10.2371
10.2449
10.2445
10.2469
10.2451
10.2353
10.2359
10.2447
10.2369
10.2304
10.2347
10.2395
10.2398
10.2493
10.2357
10.2348
10.2349
10.2375
10.2406
10.2418
10.242
10.2302
10.2306
10.2501
10.2292
10.2514
10.2423
10.2378
10.2478
10.2431
10.253
10.2403
10.2477
10.2514
10.2273
10.2405
10.2464
10.2415
10.2432
10.2454
10.2356
10.2435
10.2347
10.2415
10.2465
10.2489
10.2425
10.2387
10.2452
10.2459
10.2526
10.2383
10.2429
10.2444
10.2408
10.2441
10.2351
10.2369
10.2391
10.2457
10.2402
10.2394
10.2333
10.2402
10.2458
10.2397
10.2405
10.2347
10.241
10.2327
10.2355
10.2473
10.2311
10.2476
10.2359
10.2428
10.2464
10.245
10.2416
10.2357
10.2423
10.2394
10.2356
10.2455
10.2377
10.2395
10.2451
10.2445
10.2429
10.2385
10.2357
10.2467
10.2415
10.2447
10.2489
10.2528
10.246
10.2488
10.245
10.2342
10.2465
10.2453
10.2341
10.2414
10.2471
10.2482
10.2433
10.2263
10.241
10.2445
10.2389
10.2398
10.2449
10.2379
10.246
10.2367
10.2414
10.2468
10.2439
10.2429
10.2445
10.2451
10.2455
10.2547
10.2324
10.229
10.2494
10.2347
10.236
10.2377
10.2455
10.2414
10.251
10.2541
10.2414
10.2448
10.2438
10.2448
10.253
10.2391
10.2349
10.2399
10.2474
10.2299
10.2349
10.2456
10.2517
10.2381
10.228
10.2429
10.2371
10.2409
10.2437
10.2371
10.2301
10.2398
10.2494
10.2368
10.2398
10.2338
10.2454
10.2464
10.2256
10.2436
10.2494
10.2466
10.235
10.2371
10.2475
10.2433
10.2407
10.2491
10.2326
10.2364
10.2475
10.2333
10.2428
10.232
10.2407
10.242
10.2307
10.2459
10.237
10.2455
10.2365
10.25
10.2374
10.2378
10.235
10.2425
10.2221
10.2479
10.2369
10.2468
10.2389
10.25
10.2468
10.2341
10.2342
10.2356
10.2377
10.2436
10.2342
10.2422
10.2371
10.2425
10.2376
10.2379
10.2479
10.238
10.2384
10.2478
10.2385
10.2377
10.2399
10.2495
10.2388
10.2446
10.2371
10.2524
10.2478
10.2352
10.2415
10.2494
10.2279
10.2509
10.2524
10.239
10.2457
10.2427
10.2471
10.2349
10.2384
10.2472
10.2476
10.2396
10.2366
10.2315
10.2427
10.2448
10.243
10.2505
10.2375
10.2391
10.2366
10.253
10.2497
10.2502
10.2476
10.2447
10.239
10.2376
10.2353
10.2425
10.2344
10.2371
10.2388
10.2336
10.2472
10.2443
10.2398
10.2288
10.2428
10.2481
10.2306
10.2404
10.2414
10.2495
10.2455
10.2497
10.2407
10.2363
10.2375
10.2451
10.2387
10.2401
10.2365
10.2437
10.2413
10.2342
10.2352
10.2445
10.252
10.2364
10.2429
10.2407
10.2422
10.2421
10.2463
10.2599
10.2401
10.2423
10.2419
10.2335
10.2326
10.2502
10.2437
10.2397
10.2341
10.2406
10.2398
10.2416
10.2368
10.234
10.2369
10.2472
10.2375
10.249
10.2445
10.2419
10.2336
10.2464
10.2454
10.2383
10.2354
10.2488
10.2511
10.2406
10.2462
10.2532
10.2504
10.2549
10.2397
10.2451
10.2311
10.2416
10.2529
10.2372
10.2556
10.2389
10.2391
10.2481
10.2366
10.2439
10.2417
10.2357
10.2422
10.2381
10.2352
10.233
10.2385
10.2393
10.2526
10.2457
10.2354
10.2376
10.2393
10.2335
10.2431
10.2429
10.2342
10.2491
10.2428
10.2334
10.2341
10.2536
10.24
10.2442
10.2419
10.2382
10.2544
10.2383
10.2379
10.251
10.2432
10.2394
10.2484
10.2319
10.2416
10.2291
10.244
10.243
10.2359
10.238
10.24
10.2414
10.2389
10.2388
10.253
10.2384
10.2489
10.2387
10.236
10.2333
10.2232
10.2465
10.2423
10.2462
10.2416
10.2455
10.2368
10.2371
10.2421
10.2395
10.2486
10.2467
10.2505
10.2454
10.2487
10.2293
10.249
10.2423
10.2301
10.2387
10.2387
10.2368
10.2497
10.2492
10.2441
10.2402
10.2437
10.2437
10.2434
10.2334
10.2368
10.2324
10.2467
10.2371
10.2429
10.2419
10.2443
10.233
10.2447
10.2312
10.2337
10.2414
10.2506
10.2387
10.2402
10.2472
10.2387
10.247
10.2434
10.2328
10.2435
10.2372
10.2494
10.2417
10.2366
10.2448
10.2511
10.2418
10.2477
10.2486
10.2396
10.2555
10.2495
10.2487
10.2402
10.2383
10.2363
10.2385
10.2317
10.2449
10.2323
10.2342
10.2284
10.2339
10.2442
10.2448
10.2447
10.2357
10.2405
10.2583
10.2431
10.2353
10.2302
10.2335
10.2338
10.2356
10.2385
10.2403
10.2368
10.2486
10.2345
10.2505
10.2458
10.2411
10.2501
10.2304
10.239
10.2387
10.2407
10.2417
10.2509
10.2477
10.2305
10.2483
10.2397
10.2407
10.2401
10.2454
10.2506
10.2388
10.2342
10.2525
10.2469
10.2436
10.2349
10.2423
10.242
10.2382
10.2365
10.2362
10.2357
10.2353
10.2395
10.2423
10.2364
10.2384
10.2393
10.2405
10.2313
10.2513
10.2442
10.2435
10.2443
10.2493
10.2463
10.2452
10.2463
10.2366
10.2338
10.2497
10.236
10.248
10.23
10.2265
10.2494
10.2482
10.2475
10.2478
10.252
10.2368
10.2482
10.2506
10.2362
10.2493
10.2386
10.2502
10.2471
10.2384
10.2389
10.2395
10.2485
10.2318
10.2471
10.247
10.2376
10.2527
10.2315
10.2418
10.2438
10.2337
10.2248
10.2452
10.2332
10.2394
10.2328
10.2452
10.2355
10.2381
10.2489
10.2443
10.2427
10.2405
10.2448
10.2245
10.2328
10.2426
10.2424
10.2405
10.2405
10.2475
10.2471
10.236
10.2469
10.2426
10.2448
10.2494
10.2414
10.2459
10.2447
10.2404
10.2462
10.2417
10.2555
10.2401
10.2338
10.2423
10.236
10.2404
10.2352
10.2353
10.2407
10.2383
10.233
10.247
10.2348
10.2355
10.2406
10.234
10.241
10.2409
10.2448
10.2397
10.2532
10.2453
10.2498
10.2457
10.2399
10.2421
10.2378
10.2446
10.2332
10.244
10.2412
10.2415
10.244
10.2444
10.254
10.2331
10.2383
10.2398
10.2475
10.2366
10.236
10.2436
10.2404
10.2467
10.2439
10.2475
10.2445
10.2383
10.2385
10.249
10.2365
10.2425
10.242
10.2472
10.2456
10.2297
10.2403
10.2376
10.2497
10.2285
10.2388
10.2333
10.2335
10.2387
10.2395
10.2497
10.2368
10.2325
10.2419
10.2508
10.2436
10.2391
10.2503
10.2449
10.2442
10.2418
10.2366
10.2365
10.2498
10.23
10.2378
10.2427
10.2394
10.2493
10.2343
10.2498
10.2302
10.2294
10.2277
10.2418
10.2411
10.2505
10.2451
10.2362
10.2319
10.2412
10.2422
10.2369
10.2485
10.2581
10.2498
10.2381
10.2414
10.2433
10.2506
10.2356
10.2518
10.2401
10.2356
10.234
10.2436
10.2371
10.2434
10.2322
10.2367
10.2348
10.2388
10.2568
10.2446
10.2387
10.2462
10.2359
10.2373
10.2361
10.2411
10.2486
10.2379
10.2451
10.2493
10.2478
10.2422
10.2369
10.2415
10.2343
10.2455
10.2359
10.2327
10.2369
10.2359
10.2412
10.2439
10.2513
10.2379
10.2306
10.2412
10.2417
10.2377
10.2346
10.2482
10.2393
10.2301
10.2592
10.2331
10.2367
10.238
10.2356
10.2399
10.233
10.2448
10.2442
10.2414
10.2375
10.2424
10.2423
10.2398
10.241
10.2421
10.2523
10.247
10.2437
10.2438
10.2338
10.2421
10.2415
10.2437
10.2503
10.2397
10.2391
10.2418
10.235
10.2318
10.2492
10.2434
10.2484
10.2363
10.2403
10.2462
10.2409
10.248
10.2384
10.2423
10.2418
10.2479
10.2479
10.2333
10.2317
10.2394
10.2478
10.2355
10.2421
10.2392
10.2305
10.2384
10.2369
10.239
10.236
10.2472
10.2353
10.2517
10.2414
10.2438
10.239
10.2476
10.2453
10.2475
10.2477
10.2324
10.2433
10.2329
10.2466
10.2358
10.2483
10.2349
10.2298
10.2519
10.2375
10.2364
10.2414
10.2401
10.2418
10.2411
10.2398
10.2447
10.2401
10.2443
10.2467
10.2277
10.2424
10.2285
10.235
10.2379
10.2339
10.2411
10.2361
10.2407
10.2455
10.2411
10.2476
10.2403
10.2438
10.2373
10.2349
10.2476
10.2381
10.2419
10.2369
10.2413
10.2385
10.24
10.236
10.2468
10.2499
10.2368
10.2328
10.2461
10.2447
10.24
10.2349
10.2415
10.2449
10.2387
10.2443
10.2426
10.2414
10.2306
10.2431
10.2285
10.23
10.2427
10.2414
10.2423
10.2328
10.2329
10.2441
10.236
10.2551
10.2521
10.248
10.2351
10.2584
10.2474
10.2493
10.2458
10.234
10.2499
10.2375
10.242
10.2461
10.2224
10.2389
10.2397
10.247
10.2324
10.2449
10.2474
10.2427
10.2532
10.2501
10.2454
10.2355
10.2456
10.246
10.2375
10.2431
10.2516
10.2404
10.2379
10.2413
10.2375
10.2384
10.2401
10.2335
10.2413
10.243
10.2401
10.2364
10.2464
10.2418
10.2453
10.2361
10.2355
10.2387
10.2404
10.2508
10.2543
10.237
10.2407
10.2291
10.2374
10.2458
10.249
10.2414
10.231
10.2407
10.2418
10.2387
10.2255
10.2453
10.2401
10.2497
10.2456
10.2413
10.2484
10.2457
10.2447
10.232
10.2448
10.2397
10.2581
10.244
10.237
10.2434
10.2399
10.2381
10.2482
10.2562
10.2429
10.2439
10.2295
10.241
10.247
10.2385
10.2527
10.2418
10.246
10.224
10.2445
10.2512
10.2409
10.2447
10.2507
10.2502
10.2424
10.246
10.25
10.2391
10.2388
10.247
10.2462
10.2333
10.2278
10.2538
10.2426
10.2435
10.2523
10.2406
10.2411
10.2548
10.2358
10.2383
10.2465
10.2426
10.2323
10.243
10.247
10.239
10.2381
10.2405
10.2476
10.2321
10.2506
10.2418
10.2428
10.2443
10.2488
10.2444
10.2459
10.2416
10.2429
10.2447
10.2424
10.2493
10.2393
10.2469
10.2438
10.2419
10.2498
10.2391
10.2502
10.2382
10.2458
10.2403
10.234
10.2402
10.2424
10.24
10.2354
10.2378
10.2353
10.2364
10.2301
10.2429
10.2441
10.2396
10.2497
10.2433
10.2448
10.2497
10.2481
10.2423
10.2425
10.2391
10.2493
10.2409
10.2305
10.2401
10.2386
10.2447
10.2373
10.2403
10.2392
10.2386
10.2372
10.241
10.2502
10.2358
10.2446
10.243
10.2337
10.248
10.2459
10.2529
10.2432
10.2464
10.2493
10.2476
10.2413
10.2471
10.2395
10.2402
10.2543
10.2421
10.2383
10.2358
10.2459
10.241
10.2392
10.2404
10.2368
10.2396
10.2497
10.255
10.2401
10.2425
10.2295
10.2391
10.2422
10.2413
10.2406
10.2509
10.2371
10.2421
10.2403
10.237
10.2438
10.2402
10.2393
10.2455
10.2401
10.2432
10.2396
10.2345
10.2399
10.2456
10.244
10.2449
10.2523
10.2463
10.2465
10.249
10.2456
10.2415
10.2438
10.2334
10.2357
10.2395
10.2331
10.2482
10.2406
10.2522
10.2475
10.2434
10.2453
10.2415
10.2274
10.2468
10.2321
10.2474
10.2373
10.2363
10.2458
10.2385
10.2441
10.2416
10.2412
10.2359
10.238
10.2427
10.2522
10.2503
10.2494
10.2458
10.249
10.2416
10.2421
10.2451
10.2431
10.2422
10.2403
10.2485
10.2456
10.2495
10.247
10.2428
10.244
10.2465
10.2459
10.2307
10.2383
10.2347
10.2327
10.2435
10.2414
10.237
10.2436
10.2437
10.2456
10.2448
10.2408
10.238
10.2289
10.239
10.2386
10.2447
10.2261
10.2372
10.2345
10.2351
10.2462
10.2364
10.2421
10.2505
10.2392
10.2376
10.2312
10.2491
10.2438
10.2341
10.2399
10.2512
10.2465
10.2427
10.2354
10.2398
10.2428
10.2367
10.2361
10.2366
10.2271
10.2433
10.2447
10.2514
10.2348
10.2442
10.2355
10.244
10.2352
10.2422
10.2346
10.2406
10.2434
10.2406
10.2332
10.2417
10.2445
10.2408
10.2487
10.2477
10.2306
10.2349
10.2444
10.2457
10.2384
10.245
10.258
10.2455
10.2374
10.2425
10.2401
10.2481
10.2484
10.2386
10.2463
10.2365
10.2417
10.23
10.2393
10.2401
10.2436
10.2384
10.234
10.2397
10.25
10.2429
10.2468
10.2377
10.2439
10.2455
10.2419
10.2362
10.2451
10.2415
10.2344
10.2462
10.2342
10.2458
10.2387
10.2465
10.2407
10.2518
10.2407
10.24
10.2488
10.2388
10.2358
10.2489
10.2485
10.2492
10.242
10.243
10.2503
10.2332
10.2357
10.2338
10.238
10.2405
10.2488
10.242
10.2473
10.2362
10.2343
10.241
10.2399
10.2296
10.2473
10.2478
10.2364
10.2523
10.2523
10.2448
10.2346
10.2498
10.2383
10.243
10.2359
10.2475
10.2535
10.235
10.249
10.2421
10.2399
10.2347
10.2432
10.2358
10.2427
10.232
10.2434
10.2356
10.2435
10.2393
10.2348
10.2434
10.2411
10.2322
10.2358
10.2377
10.2299
10.2448
10.2379
10.2443
10.2412
10.2399
10.2432
10.2445
10.253
10.2493
10.2501
10.2327
10.2359
10.2407
10.2467
10.2317
10.247
10.2461
10.2372
10.2354
10.2414
10.2424
10.2393
10.2424
10.2433
10.233
10.23
10.2305
10.2299
10.2491
10.2335
10.2441
10.2328
10.2403
10.2427
10.2363
10.2445
10.2472
10.2395
10.2464
10.2506
10.2422
10.2486
10.25
10.2351
10.2367
10.2448
10.2363
10.2334
10.2337
10.2348
10.2489
10.2437
10.2417
10.2455
10.2439
10.2394
10.2467
10.2367
10.2414
10.2447
10.237
10.2521
10.2448
10.2484
10.2401
10.2419
10.2448
10.2491
10.2376
10.2493
10.2488
10.2322
10.2394
10.2434
10.2319
10.2502
10.2349
10.2447
10.2436
10.2401
10.2442
10.2423
10.2376
10.2386
10.2407
10.2367
10.2543
10.2399
10.2441
10.2366
10.2432
10.2384
10.2402
10.2291
10.2413
10.2341
10.2436
10.2319
10.2479
10.2358
10.2274
10.2412
10.233
10.2347
10.2427
10.2273
10.2435
10.2445
10.2395
10.2396
10.2424
10.235
10.2506
10.2404
10.2499
10.2403
10.2348
10.2468
10.2351
10.2395
10.2404
10.2483
10.2412
10.2373
10.2436
10.237
10.2479
10.2444
10.2273
10.2482
10.2306
10.2366
10.2554
10.2418
10.2345
10.2485
10.2468
10.235
10.2414
10.2436
10.24
10.2444
10.2363
10.2373
10.2305
10.2345
10.2385
10.2394
10.2385
10.2462
10.2426
10.2495
10.2316
10.2377
10.2375
10.2383
10.2412
10.2434
10.2356
10.2418
10.2467
10.2446
10.2345
10.237
10.2462
10.249
10.233
10.2436
10.2431
10.242
10.2434
10.2384
10.2283
10.2459
10.2512
10.2407
10.2496
10.2429
10.2498
10.2527
10.2495
10.2464
10.2373
10.2433
10.2301
10.2492
10.2418
10.2371
10.2408
10.2358
10.2434
10.2419
10.2384
10.2471
10.2385
10.2519
10.2352
10.2314
10.2372
10.2397
10.238
10.2488
10.2434
10.242
10.2358
10.2415
10.2579
10.2338
10.2316
10.2331
10.2498
10.2458
10.2412
10.2479
10.2372
10.2292
10.2263
10.2314
10.2475
10.2356
10.2408
10.2464
10.2441
10.2409
10.2339
10.2475
10.2421
10.2415
10.2324
10.2362
10.242
10.24
10.2428
10.2418
10.2434
10.2476
10.2336
10.2427
10.2368
10.2406
10.244
10.233
10.2384
10.2361
10.2381
10.2324
10.2475
10.2473
10.2331
10.2372
10.2522
10.2438
10.2451
10.2386
10.2339
10.2378
10.2365
10.2405
10.2427
10.2406
10.2499
10.2392
10.2466
10.2476
10.2343
10.2496
10.2402
10.2477
10.2358
10.2452
10.2358
10.235
10.2367
10.2564
10.2418
10.2374
10.2393
10.2411
10.2405
10.253
10.2368
10.2362
10.2492
10.2375
10.2355
10.235
10.2391
10.2446
10.2415
10.2538
10.2438
10.2439
10.2435
10.2447
10.2388
10.2503
10.24
10.2355
10.2359
10.2412
10.247
10.2407
10.2467
10.2454
10.2443
10.2405
10.239
10.2438
10.2413
10.2416
10.239
10.2483
10.244
10.2474
10.245
10.2384
10.233
10.2439
10.2449
10.2421
10.242
10.2398
10.245
10.2407
10.2235
10.237
10.2335
10.2376
10.2465
10.2415
10.2448
10.2416
10.2455
10.2518
10.2535
10.2468
10.2416
10.2379
10.2453
10.2521
10.2405
10.2401
10.2397
10.2466
10.2368
10.2469
10.2462
10.2397
10.2385
10.2333
10.2416
10.2583
10.2465
10.2352
10.2451
10.2435
10.2413
10.238
10.2389
10.2455
10.243
10.2349
10.2528
10.2386
10.241
10.2394
10.2446
10.2549
10.2463
10.2478
10.243
10.2499
10.2447
10.2402
10.2393
10.2404
10.2348
10.2462
10.2401
10.2476
10.2382
10.2446
10.2433
10.2409
10.2329
10.2286
10.2461
10.2446
10.2447
10.2395
10.2319
10.2406
10.2453
10.2484
10.2412
10.2418
10.2395
10.2356
10.2479
10.2392
10.2293
10.241
10.2408
10.2335
10.2349
10.2308
10.2451
10.2415
10.2384
10.2387
10.2367
10.2415
10.2421
10.2357
10.2357
10.2473
10.2356
10.2351
10.2407
10.2378
10.2426
10.2365
10.237
10.2412
10.2395
10.2424
10.2414
10.2494
10.2445
10.2345
10.2447
10.246
10.2525
10.2471
10.2411
10.2402
10.2357
10.2446
10.2387
10.2504
10.2369
10.2427
10.2413
10.2327
10.2438
10.2531
10.2417
10.244
10.2411
10.2461
10.2461
10.2509
10.2488
10.2448
10.2406
10.2471
10.2302
10.2377
10.2447
10.2367
10.2354
10.2398
10.2384
10.2436
10.245
10.2424
10.2331
10.2416
10.2494
10.2403
10.2376
10.2367
10.2452
10.2468
10.2368
10.2377
10.2499
10.2445
10.2426
10.246
10.2485
10.2416
10.2418
10.2381
10.2305
10.2468
10.2463
10.2477
10.2388
10.2404
10.2415
10.2338
10.2369
10.2369
10.2406
10.2413
10.2333
10.2472
10.2483
10.237
10.239
10.2372
10.2355
10.2402
10.2456
10.2396
10.2462
10.2372
10.2493
10.2436
10.2483
10.2513
10.2411
10.2369
10.2435
10.2328
10.2402
10.2381
10.2512
10.2467
10.2366
10.2386
10.2501
10.247
10.2421
10.2405
10.2345
10.2397
10.2422
10.2386
10.2403
10.2387
10.236
10.2389
10.2379
10.233
10.2405
10.2573
10.2406
10.2505
10.247
10.2341
10.2431
10.2368
10.2392
10.2485
10.2439
10.2437
10.2395
10.2431
10.2496
10.2428
10.2454
10.2393
10.2412
10.2373
10.2377
10.2433
10.2423
10.2394
10.2441
10.2316
10.2395
10.2346
10.2311
10.2362
10.2411
10.24
10.2407
10.237
10.2402
10.2354
10.2387
10.2387
10.2398
10.2448
10.2504
10.2491
10.2455
10.2351
10.25
10.2544
10.2372
10.2598
10.2427
10.2538
10.2383
10.2337
10.2474
10.2441
10.2437
10.244
10.2492
10.2446
10.2355
10.2331
10.2486
10.237
10.2371
10.2447
10.2431
10.2453
10.2411
10.2473
10.2447
10.2422
10.2432
10.2512
10.2459
10.2407
10.2372
10.2446
10.2435
10.2351
10.243
10.2432
10.2355
10.2391
10.2325
10.2427
10.2379
10.2362
10.2427
10.2423
10.2419
10.2367
10.24
10.25
10.2361
10.2333
10.2369
10.2398
10.2446
10.2491
10.2509
10.2264
10.2485
10.2385
10.2285
10.2326
10.247
10.2489
10.2485
10.2442
10.2413
10.2404
10.237
10.242
10.2408
10.245
10.2439
10.2389
10.2497
10.2361
10.2373
10.2525
10.2415
10.2396
10.2429
10.2445
10.2445
10.2392
10.2383
10.2367
10.2312
10.2437
10.2455
10.2483
10.2348
10.2406
10.2414
10.2426
10.2392
10.2332
10.2351
10.237
10.2316
10.242
10.2428
10.2331
10.2367
10.2579
10.2276
10.2407
10.2475
10.2373
10.2518
10.2362
10.2428
10.2511
10.2404
10.2322
10.2362
10.2429
10.2496
10.2362
10.2316
10.2477
10.2461
10.2478
10.2412
10.2292
10.2394
10.2471
10.2383
10.2393
10.2512
10.2364
10.2403
10.2459
10.2381
10.2396
10.2361
10.2326
10.2392
10.246
10.2409
10.2412
10.2413
10.2448
10.2472
10.2489
10.2409
10.234
10.2374
10.2482
10.2488
10.2389
10.2376
10.2546
10.2361
10.2394
10.2406
10.2451
10.2377
10.2416
10.2418
10.2483
10.2414
10.2382
10.2386
10.2371
10.2427
10.2488
10.2501
10.2312
10.2448
10.2425
10.2407
10.2494
10.2427
10.2344
10.2479
10.2426
10.2382
10.2427
10.2339
10.2317
10.2445
10.237
10.2456
10.2423
10.2399
10.2353
10.2395
10.2309
10.244
10.2446
10.2419
10.244
10.2563
10.2403
10.2342
10.2503
10.2455
10.2355
10.2412
10.2244
10.2521
10.2373
10.2492
10.2364
10.2382
10.2432
10.2366
10.24
10.2396
10.2419
10.2402
10.2334
10.2349
10.2347
10.2422
10.2375
10.2396
10.2409
10.2423
10.2339
10.2462
10.2386
10.2444
10.2466
10.2421
10.2278
10.2391
10.246
10.2249
10.2423
10.2408
10.244
10.2378
10.2412
10.2446
10.2409
10.2408
10.2337
10.2543
10.2475
10.2394
10.246
10.2432
10.2409
10.2376
10.2439
10.2414
10.2346
10.2415
10.2483
10.2458
10.2397
10.2445
10.2373
10.2448
10.2405
10.2329
10.2375
10.237
10.2478
10.2436
10.2394
10.2389
10.2482
10.2355
10.2361
10.2416
10.2424
10.2478
10.2419
10.2402
10.2379
10.2398
10.2534
10.2376
10.2451
10.2436
10.2409
10.248
10.2366
10.2455
10.2433
10.2382
10.2352
10.2373
10.2431
10.2436
10.2475
10.242
10.2559
10.2418
10.2457
10.241
10.2424
10.2384
10.2414
10.2454
10.2449
10.2504
10.2382
10.2344
10.24
10.2406
10.2369
10.2354
10.2341
10.2486
10.2425
10.2375
10.2343
10.2387
10.2407
10.2426
10.2387
10.2496
10.2402
10.2329
10.2312
10.2365
10.247
10.2431
10.2483
10.2395
10.2466
10.2462
10.2333
10.2563
10.2503
10.231
10.2247
10.247
10.2488
10.2446
10.238
10.2401
10.2314
10.2487
10.2365
10.2383
10.2502
10.2378
10.2373
10.2424
10.2377
10.2443
10.2411
10.2299
10.2482
10.2362
10.2354
10.232
10.2443
10.2381
10.2467
10.2494
10.2348
10.2297
10.2417
10.2423
10.2458
10.2414
10.2439
10.2484
10.246
10.2384
10.232
10.2341
10.2361
10.2376
10.2422
10.2455
10.2376
10.245
10.2384
10.2506
10.2329
10.2348
10.2371
10.2449
10.2428
10.2435
10.2419
10.2314
10.2392
10.238
10.2323
10.2398
10.2473
10.2384
10.2412
10.2517
10.2429
10.2347
10.2293
10.2474
10.2317
10.2347
10.2305
10.2412
10.2388
10.2389
10.2486
10.2445
10.2435
10.2432
10.2385
10.2374
10.24
10.246
10.2415
10.2475
10.2391
10.2489
10.2351
10.2429
10.2285
10.2463
10.2317
10.2477
10.2414
10.2368
10.2327
10.2387
10.2334
10.2442
10.2342
10.2442
10.2442
10.2356
10.2306
10.2405
10.2365
10.2378
10.2282
10.2482
10.2319
10.2431
10.2341
10.2448
10.2455
10.2409
10.2526
10.2335
10.2472
10.241
10.2424
10.239
10.2494
10.2464
10.2412
10.2516
10.2305
10.2442
10.2363
10.2405
10.2433
10.2426
10.2482
10.2384
10.2458
10.2338
10.2485
10.2385
10.2392
10.2334
10.2493
10.2444
10.2477
10.2444
10.2343
10.2463
10.2367
10.2421
10.2507
10.2413
10.2438
10.2478
10.2385
10.2384
10.2403
10.2324
10.2485
10.2406
10.2347
10.2427
10.2327
10.2493
10.2401
10.2404
10.2435
10.2351
10.2513
10.2397
10.2366
10.236
10.2396
10.2373
10.2364
10.241
10.2593
10.2495
10.2298
10.248
10.2388
10.2592
10.2377
10.2356
10.2418
10.2429
10.241
10.2356
10.2495
10.2253
10.2473
10.2256
10.237
10.233
10.2341
10.2367
10.2423
10.2399
10.2362
10.2415
10.2491
10.2424
10.2483
10.2364
10.2412
10.2448
10.2418
10.2413
10.2466
10.235
10.2425
10.2439
10.2379
10.2355
10.2396
10.2383
10.24
10.2434
10.24
10.2369
10.2432
10.2506
10.2441
10.248
10.2535
10.2444
10.2408
10.2485
10.2321
10.2361
10.2531
10.2438
10.2314
10.2399
10.2431
10.2291
10.2432
10.2344
10.2492
10.236
10.2459
10.2414
10.2401
10.2398
10.236
10.238
10.2384
10.2246
10.2396
10.2379
10.2345
10.2365
10.2378
10.2462
10.2424
10.2338
10.2429
10.2344
10.2395
10.243
10.2425
10.2323
10.2426
10.2451
10.242
10.2447
10.2475
10.2324
10.2447
10.2472
10.2488
10.2379
10.2452
10.2437
10.2334
10.2368
10.238
10.222
10.2452
10.2437
10.2348
10.2414
10.2389
10.2509
10.2426
10.246
10.2451
10.2407
10.2457
10.2373
10.2453
10.2281
10.2487
10.2434
10.24
10.2457
10.2411
10.2396
10.2446
10.2454
10.2392
10.2462
10.2387
10.2438
10.251
10.2326
10.2505
10.2339
10.2378
10.2541
10.252
10.2414
10.2424
10.2471
10.2395
10.2412
10.2388
10.2506
10.2348
10.263
10.2362
10.2412
10.241
10.2347
10.2474
10.2357
10.254
10.2464
10.249
10.2339
10.2445
10.2419
10.2369
10.24
10.2496
10.2527
10.249
10.2345
10.2338
10.2329
10.2402
10.2442
10.2436
10.2371
10.2354
10.2422
10.2416
10.2488
10.2406
10.2449
10.2394
10.2411
10.2418
10.227
10.2367
10.231
10.2411
10.2443
10.2394
10.241
10.251
10.2568
10.2391
10.2299
10.2265
10.2371
10.2395
10.2383
10.2388
10.2365
10.2441
10.2443
10.2428
10.2404
10.2453
10.2438
10.2333
10.2364
10.2457
10.2268
10.2368
10.2408
10.2525
10.2478
10.2352
10.2393
10.2417
10.2425
10.2442
10.2443
10.2447
10.2457
10.2472
10.2413
10.2336
10.2445
10.249
10.2425
10.2513
10.2406
10.2471
10.2325
10.2395
10.2402
10.2424
10.247
10.2478
10.2388
10.2385
10.2446
10.2338
10.2474
10.2434
10.2466
10.2307
10.2435
10.2351
10.2339
10.2415
10.2464
10.2483
10.2444
10.2319
10.247
10.2294
10.2453
10.2341
10.2433
10.2476
10.2354
10.2361
10.2429
10.2406
10.2502
10.2347
10.2516
10.2423
10.2434
10.2453
10.2388
10.2427
10.237
10.2286
10.243
10.2351
10.236
10.2394
10.2414
10.2409
10.2454
10.2343
10.2432
10.233
10.2483
10.2398
10.2443
10.2416
10.2376
10.2364
10.2359
10.2509
10.2348
10.2534
10.2478
10.242
10.2386
10.2282
10.2509
10.2304
10.2388
10.2436
10.2488
10.2374
10.2357
10.241
10.2388
10.2395
10.2299
10.2385
10.2371
10.2348
10.2416
10.2322
10.24
10.2455
10.2412
10.2357
10.2374
10.2448
10.2476
10.2383
10.2468
10.2388
10.2483
10.2389
10.2464
10.2473
10.2439
10.2414
10.2407
10.2446
10.2377
10.246
10.2425
10.2476
10.2395
10.2445
10.2426
10.2469
10.2411
10.2442
10.2393
10.2249
10.2418
10.2371
10.2347
10.2477
10.2406
10.2407
10.243
10.246
10.2312
10.2409
10.2279
10.2284
10.2386
10.2405
10.2414
10.2391
10.2432
10.2401
10.2415
10.2447
10.2398
10.2313
10.2433
10.2406
10.2474
10.2395
10.2451
10.2371
10.249
10.2451
10.2259
10.2357
10.2466
10.2285
10.2457
10.2435
10.2436
10.2431
10.2499
10.2388
10.2365
10.2374
10.2365
10.2349
10.2486
10.2397
10.2428
10.2458
10.2427
10.2325
10.2412
10.2386
10.2303
10.2359
10.2384
10.2429
10.2278
10.2467
10.2431
10.2314
10.2354
10.2481
10.2461
10.2325
10.243
10.2327
10.2489
10.2421
10.2333
10.2412
10.247
10.2604
10.2466
10.2417
10.2434
10.2392
10.2522
10.2414
10.2278
10.2506
10.2411
10.2351
10.2473
10.2334
10.2406
10.2438
10.2401
10.2436
10.2312
10.2404
10.2476
10.2425
10.2452
10.2387
10.2449
10.2451
10.2376
10.2455
10.2375
10.2318
10.238
10.2507
10.2416
10.238
10.2439
10.2474
10.2343
10.2364
10.2483
10.2382
10.2489
10.2373
10.2515
10.2492
10.237
10.2492
10.2321
10.2444
10.2413
10.2422
10.2473
10.2442
10.2505
10.2365
10.2521
10.2311
10.2456
10.2512
10.244
10.2555
10.236
10.2422
10.2358
10.2419
10.2478
10.2315
10.2409
10.2476
10.2438
10.2408
10.2432
10.2445
10.2507
10.2379
10.2466
10.2367
10.2391
10.2407
10.2453
10.2492
10.2367
10.2483
10.2438
10.2539
10.2393
10.2422
10.2323
10.2446
10.2367
10.2549
10.224
10.2472
10.2401
10.2412
10.2416
10.2383
10.2394
10.2478
10.2538
10.2273
10.2375
10.2383
10.2375
10.2406
10.2364
10.2483
10.241
10.2353
10.2384
10.2389
10.2421
10.2414
10.2434
10.2481
10.2374
10.2472
10.2438
10.2357
10.2451
10.2415
10.2314
10.2309
10.2467
10.2412
10.252
10.2444
10.2383
10.24
10.2439
10.2417
10.2397
10.2467
10.2519
10.2476
10.255
10.2404
10.2383
10.2503
10.2457
10.2394
10.2484
10.2406
10.2521
10.241
10.2358
10.241
10.2454
10.236
10.2422
10.2398
10.2457
10.232
10.2405
10.2388
10.2516
10.2426
10.2383
10.2374
10.2408
10.2376
10.2464
10.2564
10.2386
10.2327
10.2383
10.2353
10.2442
10.2348
10.2524
10.2359
10.2407
10.2413
10.2462
10.253
10.2433
10.247
10.2336
10.2399
10.251
10.2429
10.2459
10.2371
10.2387
10.2456
10.2419
10.2396
10.2262
10.24
10.2412
10.2369
10.2456
10.238
10.244
10.2406
10.2456
10.2347
10.2443
10.2401
10.244
10.2443
10.2459
10.2443
10.2365
10.2468
10.2445
10.2497
10.245
10.2424
10.2489
10.2351
10.2455
10.2467
10.2459
10.2411
10.2463
10.2451
10.2412
10.2476
10.2441
10.2431
10.2392
10.2398
10.2421
10.2471
10.2361
10.2371
10.2477
10.2335
10.2556
10.2518
10.2409
10.2471
10.2426
10.2497
10.242
10.2513
10.2362
10.2491
10.2526
10.2493
10.2427
10.2471
10.2341
10.2425
10.2366
10.2429
10.2345
10.2245
10.2459
10.2402
10.2469
10.2465
10.2469
10.2292
10.2351
10.2311
10.2378
10.2463
10.2458
10.2393
10.2469
10.2288
10.2351
10.2402
10.2446
10.2307
10.2385
10.2477
10.2457
10.2324
10.2465
10.2511
10.2348
10.2433
10.2397
10.2428
10.236
10.2515
10.2399
10.2446
10.249
10.239
10.2421
10.259
10.2506
10.2438
10.2312
10.244
10.2508
10.2405
10.2483
10.242
10.2422
10.2475
10.243
10.2337
10.2418
10.2357
10.2334
10.2429
10.2473
10.248
10.2372
10.2328
10.2426
10.2482
10.2474
10.2548
10.2355
10.2442
10.2416
10.2353
10.234
10.2357
10.2478
10.2376
10.2515
10.2404
10.2485
10.2379
10.2338
10.2246
10.2342
10.2466
10.2394
10.2437
10.2344
10.2319
10.2402
10.2436
10.2469
10.2457
10.2473
10.2387
10.2443
10.2405
10.2525
10.2355
10.2304
10.2378
10.2452
10.2377
10.2429
10.2383
10.2476
10.2408
10.2431
10.2468
10.2416
10.2457
10.2411
10.2424
10.2285
10.2399
10.2397
10.2462
10.2499
10.2447
10.248
10.2389
10.2402
10.2462
10.244
10.2351
10.2406
10.2603
10.2346
10.2327
10.2422
10.2339
10.2396
10.2288
10.2498
10.2288
10.2529
10.236
10.24
10.2415
10.2424
10.2338
10.2468
10.2337
10.2514
10.2413
10.2383
10.2483
10.2372
10.2307
10.2422
10.2429
10.2433
10.2376
10.2288
10.2483
10.2463
10.2455
10.2319
10.2539
10.2403
10.2333
10.2501
10.2484
10.242
10.2413
10.2471
10.2462
10.23
10.2415
10.2424
10.2483
10.2521
10.2487
10.2489
10.262
10.2406
10.2374
10.2459
10.2424
10.2444
10.2453
10.2503
10.2453
10.239
10.2471
10.2359
10.2324
10.2317
10.2498
10.2355
10.2377
10.2367
10.2394
10.2388
10.2363
10.2371
10.2385
10.2383
10.2444
10.2341
10.2471
10.2423
10.2405
10.231
10.2366
10.2462
10.2477
10.2497
10.2379
10.2332
10.236
10.2438
10.2428
10.2441
10.2372
10.2418
10.246
10.2277
10.2368
10.2421
10.239
10.2376
10.2399
10.2451
10.2437
10.2393
10.2434
10.2398
10.2374
10.2407
10.2474
10.2472
10.2414
10.2395
10.236
10.2322
10.2407
10.2421
10.2369
10.2439
10.2416
10.2387
10.2464
10.2421
10.242
10.2408
10.2439
10.2362
10.2355
10.2328
10.2289
10.2376
10.2423
10.2438
10.2406
10.2377
10.2389
10.237
10.2496
10.2433
10.2478
10.2448
10.242
10.2381
10.2352
10.2431
10.2361
10.2388
10.2454
10.2384
10.2377
10.2455
10.2316
10.2323
10.2367
10.2434
10.2453
10.2409
10.2413
10.2264
10.2403
10.249
10.2443
10.2456
10.2448
10.2478
10.253
10.2403
10.2389
10.2475
10.2454
10.2454
10.2343
10.2461
10.2424
10.25
10.2315
10.239
10.2399
10.2468
10.2476
10.2398
10.2346
10.2507
10.2501
10.2458
10.2404
10.2313
10.2305
10.2587
10.2377
10.2424
10.2433
10.2467
10.2325
10.2396
10.2274
10.2439
10.2452
10.2368
10.2281
10.2387
10.2462
10.2462
10.2463
10.232
10.2401
10.2395
10.2362
10.258
10.2511
10.2441
10.2407
10.2396
10.2382
10.2322
10.244
10.2482
10.2454
10.2453
10.231
10.2497
10.2434
10.241
10.2426
10.2364
10.2479
10.2285
10.2288
10.2419
10.231
10.2404
10.2417
10.2415
10.2435
10.2491
10.2385
10.2375
10.2389
10.2326
10.2421
10.2396
10.2401
10.2331
10.2381
10.2478
10.237
10.2404
10.2524
10.2424
10.2304
10.2446
10.246
10.2413
10.2397
10.2339
10.2504
10.2257
10.2395
10.2495
10.2387
10.2313
10.2425
10.2462
10.2449
10.2482
10.2352
10.236
10.2501
10.2403
10.2446
10.238
10.2352
10.2414
10.2496
10.2411
10.2429
10.24
10.2451
10.2439
10.2452
10.2372
10.2407
10.2348
10.2479
10.2423
10.2417
10.2492
10.2376
10.2437
10.2428
10.239
10.2491
10.2456
10.2483
10.2461
10.237
10.2449
10.2328
10.2433
10.2481
10.2595
10.2441
10.2437
10.2356
10.2349
10.2467
10.2339
10.2469
10.2483
10.2308
10.2411
10.2449
10.2355
10.2326
10.2465
10.2394
10.2404
10.2456
10.2429
10.2336
10.2363
10.2434
10.2365
10.2497
10.241
10.2424
10.2377
10.2345
10.2419
10.2318
10.2448
10.247
10.2359
10.2372
10.2394
10.2402
10.2494
10.2532
10.2369
10.2329
10.2499
10.2422
10.2469
10.241
10.2292
10.2416
10.2446
10.2362
10.2409
10.2379
10.2442
10.2308
10.2445
10.2445
10.2353
10.2425
10.2346
10.2416
10.2425
10.2436
10.246
10.2359
10.2397
10.2341
10.2484
10.2381
10.229
10.2573
10.2412
10.2447
10.2359
10.2379
10.237
10.2397
10.2472
10.2456
10.2473
10.241
10.2439
10.2335
10.2357
10.2383
10.2427
10.2438
10.2387
10.2338
10.2536
10.2404
10.2485
10.2427
10.2367
10.2391
10.2388
10.2364
10.2402
10.2399
10.2389
10.2412
10.2433
10.243
10.2388
10.2357
10.25
10.2502
10.2375
10.2414
10.2415
10.2339
10.2541
10.2499
10.2274
10.2465
10.2366
10.2468
10.2383
10.2476
10.2482
10.2336
10.2411
10.236
10.247
10.247
10.2501
10.2434
10.2432
10.2478
10.2284
10.2349
10.2449
10.2352
10.2434
10.2439
10.2566
10.2275
10.245
10.2381
10.2512
10.2385
10.2407
10.2371
10.2406
10.2368
10.2361
10.2465
10.2397
10.25
10.2347
10.2444
10.2404
10.2384
10.2455
10.252
10.2442
10.2334
10.2439
10.244
10.2342
10.2305
10.2457
10.2452
10.2447
10.2372
10.2391
10.2436
10.2467
10.2515
10.2392
10.2373
10.2425
10.2336
10.2454
10.2399
10.2471
10.2386
10.2294
10.2527
10.2444
10.2359
10.2432
10.2289
10.2503
10.2454
10.2516
10.2495
10.2471
10.2347
10.2304
10.2395
10.2442
10.2364
10.2457
10.2388
10.2402
10.2432
10.2441
10.2373
10.2376
10.2442
10.2429
10.2461
10.2389
10.2503
10.2367
10.234
10.2385
10.2328
10.2454
10.2522
10.2394
10.2341
10.2388
10.2341
10.2375
10.2359
10.2574
10.2404
10.2402
10.2394
10.2423
10.2401
10.2292
10.2296
10.2283
10.2421
10.2457
10.2437
10.2454
10.2441
10.2347
10.2484
10.2376
10.2458
10.2436
10.2436
10.2468
10.2528
10.2459
10.2439
10.2385
10.2527
10.2392
10.2443
10.2362
10.2455
10.2564
10.2275
10.2445
10.2504
10.2436
10.2428
10.2455
10.2477
10.235
10.2429
10.2406
10.245
10.243
10.2486
10.2407
10.2554
10.2422
10.2381
10.2369
10.237
10.2382
10.2517
10.232
10.2365
10.2444
10.2385
10.2412
10.2389
10.2414
10.248
10.2305
10.245
10.2485
10.2314
10.2308
10.2404
10.246
10.2357
10.2376
10.2324
10.2442
10.2421
10.2479
10.2383
10.2331
10.2379
10.2509
10.2381
10.2458
10.2494
10.2427
10.2493
10.2377
10.2411
10.2381
10.2409
10.245
10.2471
10.241
10.2206
10.2388
10.2316
10.245
10.2484
10.248
10.2501
10.2438
10.2359
10.2448
10.2459
10.2468
10.236
10.2483
10.2317
10.237
10.243
10.2381
10.2381
10.2298
10.2395
10.2402
10.2502
10.2318
10.2462
10.2356
10.2426
10.2369
10.2473
10.2387
10.2461
10.2324
10.2435
10.2471
10.2412
10.2432
10.251
10.2454
10.237
10.2402
10.2271
10.2359
10.2351
10.2399
10.2367
10.2439
10.2477
10.2504
10.2506
10.2362
10.2463
10.2333
10.2389
10.2346
10.2404
10.2454
10.2333
10.2443
10.2374
10.2389
10.2378
10.2382
10.234
10.2481
10.2368
10.2451
10.247
10.2321
10.2478
10.2403
10.2556
10.2444
10.2446
10.2286
10.2325
10.2491
10.2427
10.2353
10.2401
10.2515
10.2432
10.233
10.2302
10.2384
10.2306
10.2341
10.2321
10.2343
10.2396
10.2395
10.2326
10.2484
10.2424
10.2427
10.2392
10.2455
10.2419
10.2378
10.2489
10.242
10.2456
10.2423
10.2333
10.2296
10.2438
10.2536
10.2293
10.2533
10.2543
10.2355
10.2414
10.2383
10.2498
10.2442
10.2438
10.2275
10.2371
10.2457
10.2388
10.2378
10.2355
10.2377
10.2493
10.2462
10.2405
10.2417
10.2531
10.2454
10.2422
10.2506
10.2425
10.2488
10.2354
10.2401
10.2518
10.2534
10.242
10.2473
10.2443
10.2437
10.2385
10.2393
10.2344
10.236
10.2535
10.247
10.2384
10.2449
10.2384
10.244
10.2385
10.2448
10.2396
10.2387
10.2455
10.2404
10.2476
10.2333
10.2525
10.2495
10.2347
10.2347
10.2411
10.2332
10.2419
10.2353
10.2479
10.2353
10.2517
10.2292
10.2404
10.2405
10.2502
10.2453
10.2342
10.2414
10.2396
10.2383
10.2482
10.2528
10.2429
10.2399
10.2437
10.2549
10.2364
10.2449
10.2505
10.2392
10.2335
10.2464
10.2441
10.2381
10.2471
10.2365
10.2497
10.2434
10.2358
10.2413
10.2488
10.2364
10.2405
10.2409
10.2454
10.24
10.2359
10.2466
10.2442
10.2398
10.2459
10.2361
10.2326
10.2441
10.238
10.2391
10.2347
10.2396
10.2385
10.2352
10.2373
10.2375
10.254
10.24
10.2395
10.2399
10.2367
10.2353
10.2416
10.2461
10.2457
10.2415
10.2372
10.2441
10.2508
10.2522
10.2357
10.2418
10.2406
10.2434
10.2424
10.2379
10.2394
10.239
10.2353
10.2345
10.2362
10.2459
10.2374
10.2356
10.2418
10.2407
10.2329
10.2387
10.2379
10.2428
10.25
10.246
10.2439
10.2349
10.2437
10.2528
10.2448
10.2371
10.2365
10.2506
10.2315
10.2483
10.2455
10.2417
10.2512
10.2322
10.2425
10.2413
10.2413
10.2351
10.2458
10.2471
10.2383
10.2522
10.2371
10.2495
10.2373
10.2455
10.242
10.2354
10.2456
10.2467
10.2501
10.2388
10.25
10.2479
10.2452
10.2527
10.2571
10.2429
10.2437
10.2334
10.2429
10.2532
10.2393
10.2346
10.2432
10.24
10.2391
10.2477
10.2409
10.247
10.2357
10.2453
10.2377
10.2488
10.2407
10.2405
10.2333
10.2366
10.2421
10.2464
10.2609
10.2488
10.2307
10.2472
10.2433
10.2344
10.2349
10.238
10.2335
10.2418
10.2427
10.2346
10.2413
10.2316
10.2523
10.237
10.2435
10.2444
10.2337
10.2447
10.2395
10.2352
10.2424
10.2433
10.2304
10.247
10.2431
10.2423
10.237
10.2377
10.2454
10.2322
10.2356
10.2392
10.2422
10.2387
10.237
10.2423
10.2362
10.2375
10.2423
10.2399
10.2434
10.2447
10.2389
10.2455
10.2331
10.2435
10.2516
10.2416
10.2286
10.2427
10.2411
10.24
10.232
10.2318
10.2401
10.2426
10.2409
10.2402
10.2354
10.24
10.239
10.2331
10.2299
10.229
10.2285
10.2372
10.2544
10.2452
10.2467
10.249
10.2428
10.2397
10.2517
10.2406
10.2402
10.2464
10.2513
10.2349
10.2413
10.2302
10.2508
10.2506
10.2395
10.2521
10.2505
10.2448
10.2373
10.2408
10.2397
10.2392
10.2336
10.2379
10.2376
10.2407
10.2307
10.2537
10.249
10.244
10.2313
10.2535
10.2453
10.2362
10.241
10.2393
10.2399
10.2425
10.2377
10.248
10.2472
10.2401
10.2403
10.2429
10.2408
10.2327
10.2428
10.2463
10.2402
10.2527
10.2342
10.2416
10.2459
10.2463
10.242
10.2471
10.2398
10.24
10.2348
10.2443
10.246
10.2437
10.2467
10.2488
10.2443
10.2433
10.2342
10.242
10.2317
10.2481
10.2481
10.2404
10.2309
10.2442
10.2433
10.2392
10.2492
10.243
10.2516
10.2407
10.2284
10.248
10.245
10.2463
10.237
10.2541
10.2489
10.2401
10.2454
10.2435
10.2429
10.2402
10.2416
10.2415
10.2385
10.247
10.2394
10.2372
10.2463
10.241
10.2299
10.2428
10.2493
10.246
10.2472
10.2473
10.2486
10.2369
10.2381
10.2332
10.2291
10.2371
10.2443
10.2545
10.247
10.2445
10.2408
10.2449
10.2484
10.24
10.2373
10.2383
10.2522
10.2485
10.2392
10.2416
10.2395
10.2457
10.2468
10.2425
10.2466
10.239
10.2417
10.2435
10.2445
10.2485
10.2443
10.2357
10.2343
10.2377
10.2418
10.2415
10.2547
10.2343
10.2407
10.2494
10.2352
10.2442
10.2481
10.2389
10.2384
10.2444
10.2406
10.2497
10.2342
10.245
10.2382
10.246
10.2346
10.2448
10.2447
10.2329
10.2465
10.241
10.2378
10.2433
10.2408
10.2454
10.2454
10.2391
10.2319
10.2438
10.239
10.2446
10.2399
10.2325
10.2333
10.2467
10.2412
10.2445
10.2445
10.2469
10.239
10.245
10.2383
10.2295
10.256
10.2477
10.2388
10.2358
10.2467
10.2474
10.253
10.2363
10.2444
10.2445
10.2424
10.2333
10.242
10.2466
10.2521
10.234
10.2365
10.2352
10.2449
10.2475
10.2403
10.2452
10.2333
10.2423
10.2402
10.2391
10.243
10.2443
10.2346
10.2432
10.2406
10.2387
10.2346
10.2447
10.2328
10.25
10.2423
10.2379
10.2346
10.2313
10.2374
10.2435
10.2354
10.2425
10.2409
10.2283
10.2472
10.2406
10.244
10.2379
10.2371
10.2546
10.2436
10.2493
10.2433
10.233
10.2415
10.2374
10.2344
10.2391
10.2338
10.2364
10.225
10.2263
10.2458
10.2503
10.2289
10.2385
10.2427
10.233
10.2426
10.2412
10.2448
10.2384
10.2445
10.2372
10.2433
10.2331
10.2365
10.2419
10.2441
10.2412
10.2469
10.2387
10.2493
10.2442
10.2435
10.2519
10.2407
10.2354
10.2426
10.2411
10.2385
10.2387
10.2535
10.233
10.2352
10.239
10.2371
10.235
10.2409
10.2356
10.2434
10.2319
10.2376
10.2392
10.2389
10.2392
10.2407
10.2408
10.2404
10.2425
10.2372
10.2255
10.2404
10.243
10.2284
10.2301
10.2398
10.2481
10.2285
10.2403
10.2351
10.2418
10.2385
10.2429
10.238
10.2466
10.2424
10.2342
10.2378
10.2381
10.2382
10.2426
10.2451
10.234
10.2291
10.2348
10.2396
10.2433
10.244
10.2405
10.2393
10.2521
10.2413
10.2365
10.2454
10.2431
10.2465
10.2387
10.2482
10.2447
10.2353
10.2508
10.2391
10.2451
10.2331
10.2341
10.2367
10.2386
10.234
10.2301
10.2541
10.2482
10.2379
10.2412
10.2455
10.242
10.2486
10.2425
10.2502
10.2351
10.2488
10.2476
10.2329
10.2486
10.2397
10.2509
10.25
10.2397
10.2332
10.2435
10.2459
10.2359
10.2347
10.2454
10.2377
10.2402
10.2417
10.2437
10.2333
10.233
10.2394
10.2379
10.2502
10.256
10.2429
10.2368
10.227
10.2355
10.2443
10.2399
10.2348
10.2374
10.2392
10.2409
10.2419
10.2335
10.237
10.2437
10.247
10.2356
10.2334
10.2317
10.2538
10.2403
10.2431
10.2314
10.2374
10.2285
10.2458
10.2548
10.243
10.241
10.2476
10.2351
10.249
10.2406
10.2418
10.2361
10.2461
10.2434
10.249
10.2417
10.2342
10.2417
10.2466
10.2432
10.2384
10.2404
10.2454
10.2502
10.2406
10.2312
10.2471
10.2407
10.2406
10.2442
10.2466
10.2275
10.2346
10.2314
10.2395
10.2469
10.2349
10.2406
10.243
10.2332
10.2501
10.2366
10.245
10.2492
10.2417
10.253
10.2378
10.234
10.2412
10.2457
10.2378
10.2356
10.2514
10.2441
10.2478
10.2419
10.2375
10.2462
10.24
10.2486
10.2408
10.2457
10.2504
10.2482
10.2518
10.2395
10.2479
10.2415
10.2268
10.2365
10.2451
10.2395
10.237
10.237
10.2387
10.2298
10.2403
10.2468
10.2526
10.2493
10.2328
10.2411
10.2421
10.236
10.244
10.2295
10.2453
10.2411
10.2399
10.246
10.2405
10.2255
10.2346
10.2421
10.2472
10.237
10.2425
10.2508
10.2401
10.243
10.2449
10.2325
10.2406
10.2347
10.2391
10.2456
10.2371
10.2443
10.2359
10.244
10.236
10.2474
10.2442
10.2394
10.2388
10.237
10.2323
10.2384
10.244
10.2459
10.2406
10.242
10.2432
10.2496
10.2415
10.243
10.2386
10.2379
10.2474
10.2486
10.241
10.2372
10.2223
10.2354
10.2487
10.2462
10.2471
10.2398
10.2421
10.2401
10.2444
10.2438
10.2294
10.2388
10.2316
10.2505
10.2355
10.2357
10.2437
10.2305
10.2432
10.2437
10.2449
10.2429
10.2441
10.2255
10.2388
10.2466
10.2589
10.2347
10.2451
10.2448
10.2457
10.2479
10.2454
10.2488
10.2419
10.2363
10.2396
10.2411
10.2379
10.2534
10.2478
10.2418
10.2483
10.2374
10.2454
10.246
10.2456
10.2443
10.244
10.2322
10.2349
10.2401
10.247
10.2464
10.2504
10.2387
10.2457
10.2437
10.2433
10.2297
10.2373
10.2452
10.2425
10.2401
10.2341
10.2419
10.2439
10.2379
10.2409
10.2437
10.2368
10.2314
10.242
10.2429
10.2445
10.2412
10.2445
10.2501
10.2536
10.2398
10.2349
10.2381
10.2415
10.254
10.2446
10.2298
10.2392
10.241
10.2419
10.2307
10.2497
10.2374
10.245
10.2514
10.2319
10.2363
10.2407
10.2376
10.2391
10.2408
10.2419
10.2448
10.2436
10.2439
10.2392
10.2471
10.2368
10.2472
10.2443
10.2438
10.237
10.2373
10.2398
10.236
10.2442
10.2479
10.242
10.2414
10.2407
10.2359
10.2444
10.2353
10.2425
10.2433
10.2273
10.2378
10.2372
10.2443
10.2466
10.25
10.2402
10.2385
10.2406
10.2464
10.2387
10.2367
10.2279
10.2474
10.2438
10.2536
10.2474
10.2539
10.24
10.2406
10.2407
10.2299
10.2347
10.247
10.2459
10.2467
10.2547
10.2358
10.2436
10.2479
10.2348
10.2345
10.2372
10.2391
10.2331
10.2422
10.2365
10.2429
10.2393
10.2366
10.2311
10.2378
10.2426
10.2389
10.2424
10.2493
10.2372
10.2396
10.2289
10.236
10.2389
10.2422
10.2451
10.2433
10.2419
10.2405
10.2487
10.2294
10.2378
10.244
10.2366
10.254
10.24
10.24
10.2459
10.2359
10.2435
10.2428
10.2533
10.2474
10.2428
10.2369
10.23
10.238
10.244
10.2439
10.2447
10.2484
10.2518
10.2559
10.2515
10.2327
10.2425
10.2461
10.2457
10.2443
10.2375
10.2358
10.2448
10.2445
10.244
10.257
10.2437
10.2521
10.239
10.2413
10.2517
10.2382
10.2442
10.2468
10.2395
10.2386
10.2349
10.2403
10.2455
10.2499
10.2375
10.2246
10.2538
10.2518
10.2317
10.2436
10.2352
10.245
10.2407
10.2435
10.2423
10.2441
10.2484
10.2315
10.2436
10.2362
10.2368
10.2408
10.2392
10.2403
10.2382
10.2481
10.2401
10.2481
10.239
10.2381
10.2348
10.2315
10.2336
10.2431
10.2508
10.2378
10.2462
10.2372
10.2443
10.2559
10.2437
10.2429
10.245
10.2495
10.2376
10.2379
10.2424
10.2411
10.2427
10.2387
10.2447
10.2431
10.2442
10.2361
10.2474
10.2427
10.2452
10.2496
10.2554
10.2567
10.2547
10.2448
10.2391
10.2459
10.2518
10.2426
10.2379
10.2389
10.2431
10.2451
10.2434
10.2482
10.2384
10.2388
10.2389
10.2488
10.2411
10.2415
10.238
10.2474
10.2408
10.2428
10.2427
10.2592
10.233
10.2491
10.2444
10.2384
10.2449
10.2429
10.24
10.2531
10.2428
10.2361
10.2423
10.2375
10.2494
10.245
10.2354
10.2356
10.2421
10.2429
10.2453
10.2512
10.2456
10.2446
10.2418
10.2349
10.2397
10.2476
10.2446
10.2575
10.2506
10.2459
10.2427
10.2347
10.2382
10.2413
10.2447
10.2495
10.2474
10.238
10.2393
10.2341
10.2496
10.2397
10.238
10.228
10.2389
10.2453
10.2534
10.2447
10.2468
10.2483
10.2563
10.2343
10.245
10.24
10.2429
10.2414
10.2378
10.2333
10.2425
10.2393
10.2477
10.2462
10.249
10.248
10.2376
10.2496
10.2428
10.2484
10.2511
10.2399
10.2406
10.2377
10.2374
10.2358
10.2262
10.2405
10.2445
10.2361
10.24
10.244
10.2467
10.241
10.2446
10.2485
10.242
10.237
10.2413
10.2403
10.2482
10.231
10.2363
10.2306
10.2409
10.2335
10.2398
10.2446
10.2384
10.2458
10.2332
10.2475
10.2356
10.2337
10.2409
10.2434
10.2404
10.2368
10.2462
10.2368
10.2454
10.2319
10.24
10.2437
10.2318
10.2385
10.2444
10.2339
10.2376
10.2362
10.2427
10.2361
10.2383
10.234
10.2416
10.2351
10.2304
10.2459
10.2466
10.2404
10.2448
10.2347
10.2432
10.2467
10.2289
10.2459
10.252
10.2402
10.2397
10.2404
10.247
10.2509
10.2378
10.2449
10.249
10.2494
10.2332
10.2383
10.2291
10.2432
10.2432
10.2487
10.2456
10.2324
10.2414
10.2444
10.2428
10.2329
10.2312
10.2319
10.2397
10.2386
10.2388
10.2475
10.2479
10.2366
10.2352
10.2317
10.2394
10.2463
10.2433
10.2339
10.2456
10.2438
10.2399
10.2386
10.2371
10.2451
10.2367
10.2434
10.247
10.2396
10.244
10.2378
10.244
10.239
10.2583
10.234
10.2412
10.2473
10.2422
10.2379
10.2366
10.2525
10.2325
10.2576
10.2342
10.2351
10.2444
10.2378
10.2514
10.2428
10.2447
10.2349
10.2419
10.2352
10.2456
10.2387
10.2369
10.2398
10.2415
10.2411
10.2416
10.2281
10.2399
10.2494
10.2409
10.24
10.2406
10.2336
10.2304
10.2486
10.2448
10.2496
10.2429
10.2374
10.2537
10.235
10.2442
10.2332
10.2359
10.2471
10.2422
10.2451
10.2508
10.2435
10.2413
10.2404
10.2392
10.2392
10.2388
10.2452
10.2303
10.2476
10.2419
10.2371
10.2307
10.2482
10.232
10.2355
10.246
10.2391
10.2428
10.2436
10.2475
10.2504
10.2421
10.2394
10.2486
10.2341
10.244
10.2459
10.2371
10.2416
10.2579
10.249
10.2549
10.2456
10.2474
10.2391
10.2405
10.2397
10.2455
10.233
10.2393
10.2426
10.2375
10.2398
10.2416
10.2501
10.2522
10.2462
10.2401
10.2291
10.2385
10.2477
10.234
10.2427
10.2515
10.242
10.2447
10.234
10.2435
10.2285
10.2444
10.2355
10.2392
10.242
10.242
10.2405
10.2348
10.2498
10.2398
10.2445
10.2419
10.2423
10.2324
10.253
10.2431
10.2498
10.243
10.243
10.2327
10.2368
10.2523
10.2379
10.2351
10.2461
10.2422
10.2377
10.2484
10.2462
10.242
10.2336
10.2437
10.2409
10.2477
10.2494
10.2467
10.2294
10.2475
10.2415
10.2468
10.2398
10.2387
10.2454
10.2403
10.2504
10.2495
10.2424
10.2451
10.2427
10.2334
10.2459
10.2385
10.2408
10.2422
10.2458
10.234
10.2397
10.233
10.2396
10.2372
10.2387
10.2425
10.2495
10.2401
10.2375
10.2364
10.2395
10.244
10.2493
10.2344
10.2386
10.2346
10.2339
10.2335
10.2306
10.2362
10.2439
10.2403
10.2492
10.2399
10.2318
10.2474
10.2414
10.2384
10.2373
10.2474
10.2253
10.2447
10.2396
10.2403
10.2447
10.2441
10.2378
10.2386
10.2321
10.2383
10.2505
10.2328
10.2381
10.2493
10.2548
10.2342
10.2392
10.2326
10.2314
10.24
10.2464
10.2436
10.2475
10.2423
10.244
10.2447
10.241
10.2353
10.2332
10.2352
10.2385
10.2394
10.2405
10.2349
10.2478
10.2409
10.2334
10.2459
10.2411
10.2455
10.2527
10.2456
10.2481
10.2439
10.237
10.2396
10.2453
10.2452
10.2492
10.2557
10.242
10.2472
10.2333
10.2409
10.2437
10.2418
10.2391
10.2375
10.2468
10.2419
10.246
10.2413
10.2335
10.2509
10.2472
10.244
10.2457
10.2414
10.2478
10.2338
10.2465
10.246
10.2292
10.255
10.2486
10.244
10.23
10.2354
10.2476
10.2398
10.237
10.2399
10.247
10.2384
10.2396
10.2443
10.2308
10.2375
10.2445
10.2378
10.2392
10.2407
10.2346
10.2393
10.2414
10.2402
10.2426
10.241
10.2351
10.2348
10.2343
10.2408
10.2413
10.2458
10.2446
10.2397
10.2497
10.2495
10.2287
10.2354
10.234
10.2392
10.2495
10.2561
10.2437
10.2372
10.2465
10.2384
10.2454
10.2439
10.2403
10.2471
10.2387
10.2461
10.2418
10.24
10.2383
10.2472
10.2436
10.2428
10.2554
10.2356
10.2373
10.2444
10.2379
10.2413
10.2435
10.2354
10.2411
10.2408
10.2404
10.2306
10.2371
10.2442
10.2488
10.2402
10.2373
10.234
10.24
10.2328
10.2389
10.2404
10.2331
10.2532
10.2417
10.242
10.2317
10.2421
10.2457
10.2438
10.2346
10.2315
10.2315
10.2495
10.2408
10.2441
10.2271
10.2351
10.2405
10.2508
10.2383
10.2476
10.2357
10.2443
10.2427
10.2415
10.2448
10.2419
10.2467
10.2535
10.2269
10.2484
10.2504
10.2359
10.2445
10.2328
10.2409
10.2381
10.231
10.2393
10.2393
10.2415
10.2338
10.2376
10.2444
10.2432
10.248
10.2338
10.2449
10.238
10.246
10.2388
10.2568
10.234
10.2356
10.2503
10.2391
10.2212
10.2337
10.2324
10.2487
10.2343
10.2413
10.2372
10.2424
10.2456
10.2441
10.2443
10.2432
10.2385
10.2399
10.2446
10.2363
10.2282
10.2321
10.2589
10.2345
10.2428
10.2356
10.227
10.2363
10.2392
10.2352
10.2386
10.2503
10.2419
10.2342
10.2413
10.2333
10.2446
10.2436
10.2343
10.2477
10.2292
10.2266
10.2383
10.2295
10.2383
10.2447
10.2462
10.2482
10.2454
10.2443
10.2436
10.2383
10.2538
10.2454
10.248
10.2487
10.2471
10.2417
10.2317
10.2462
10.2373
10.2338
10.2592
10.2412
10.2391
10.2355
10.241
10.2397
10.2333
10.2538
10.2386
10.2405
10.2495
10.2437
10.2442
10.2442
10.2432
10.2342
10.2474
10.2462
10.2323
10.2433
10.2404
10.2364
10.2467
10.2431
10.2312
10.2439
10.243
10.2454
10.2373
10.247
10.2397
10.2324
10.2339
10.2428
10.2452
10.2484
10.2458
10.2459
10.2352
10.239
10.2384
10.2495
10.2581
10.2329
10.2332
10.2414
10.2372
10.2403
10.2425
10.2462
10.2445
10.2295
10.2462
10.2426
10.2471
10.237
10.2289
10.2391
10.249
10.2458
10.2404
10.241
10.2375
10.2369
10.2507
10.2348
10.2535
10.2427
10.237
10.2352
10.2311
10.2426
10.2461
10.2445
10.243
10.2403
10.2447
10.2395
10.233
10.2274
10.2396
10.2452
10.2538
10.2406
10.2376
10.2409
10.2455
10.2425
10.2368
10.236
10.2392
10.244
10.2462
10.2422
10.2396
10.2351
10.2391
10.2542
10.2431
10.2397
10.2493
10.2362
10.2495
10.2413
10.2399
10.2373
10.2387
10.2318
10.2345
10.2424
10.2429
10.2392
10.2382
10.2381
10.2393
10.2477
10.2436
10.2464
10.2426
10.2362
10.2414
10.2486
10.2412
10.2337
10.2432
10.2389
10.2377
10.2375
10.2421
10.2532
10.2441
10.2462
10.2438
10.2376
10.2462
10.2424
10.2449
10.2377
10.24
10.2369
10.2353
10.2323
10.2255
10.2357
10.2477
10.25
10.235
10.2493
10.243
10.2418
10.2379
10.2394
10.2398
10.2325
10.2383
10.2354
10.2459
10.2526
10.2444
10.2362
10.2501
10.2324
10.2437
10.2465
10.2383
10.2411
10.2341
10.227
10.2374
10.2408
10.237
10.2371
10.2474
10.2416
10.2409
10.24
10.2392
10.2375
10.2393
10.2399
10.2463
10.2383
10.2477
10.2572
10.2398
10.248
10.2395
10.2377
10.2444
10.2362
10.2421
10.2416
10.2305
10.2523
10.2381
10.2487
10.2468
10.2434
10.2368
10.2303
10.249
10.2471
10.2337
10.2395
10.2487
10.2389
10.2417
10.2399
10.241
10.2484
10.2487
10.2357
10.2518
10.2547
10.2401
10.2362
10.2484
10.2322
10.2527
10.2408
10.2483
10.2418
10.2395
10.2467
10.2367
10.2326
10.2407
10.2515
10.2373
10.2435
10.2446
10.2351
10.2511
10.2378
10.2469
10.2461
10.2552
10.2428
10.2343
10.244
10.2441
10.2413
10.2482
10.2383
10.242
10.2489
10.2378
10.2448
10.2344
10.2482
10.2324
10.2472
10.2353
10.2435
10.2418
10.2421
10.2441
10.2516
10.2434
10.25
10.2423
10.2428
10.2571
10.2433
10.2403
10.2438
10.2362
10.2517
10.2428
10.2407
10.2343
10.25
10.2363
10.2397
10.2385
10.2351
10.2425
10.2514
10.2437
10.246
10.2393
10.2451
10.2379
10.2433
10.2451
10.2419
10.2407
10.255
10.2375
10.2407
10.2483
10.2338
10.2327
10.2413
10.2431
10.245
10.2356
10.2546
10.2374
10.2436
10.2469
10.2443
10.2412
10.2394
10.2298
10.2439
10.235
10.2461
10.2303
10.2462
10.2325
10.2472
10.243
10.2321
10.2414
10.2429
10.236
10.2347
10.2452
10.2481
10.2281
10.2437
10.2417
10.2405
10.2322
10.242
10.2285
10.2442
10.2308
10.2364
10.2362
10.2437
10.2362
10.2508
10.236
10.2411
10.2351
10.2426
10.24
10.2495
10.2477
10.245
10.2343
10.246
10.2461
10.2385
10.2341
10.2444
10.2372
10.2323
10.2421
10.2348
10.2365
10.2426
10.2437
10.2433
10.2476
10.237
10.2368
10.2445
10.245
10.2398
10.2394
10.2385
10.2419
10.2435
10.2436
10.2347
10.238
10.2362
10.2334
10.2365
10.2359
10.2399
10.239
10.2453
10.2359
10.2418
10.2349
10.2332
10.2341
10.2457
10.2326
10.2457
10.2442
10.2408
10.2311
10.255
10.2397
10.2399
10.2402
10.2434
10.2235
10.254
10.2382
10.2441
10.2411
10.2372
10.2395
10.2407
10.2436
10.2417
10.2415
10.2402
10.2396
10.2438
10.236
10.2455
10.2379
10.2521
10.2473
10.2353
10.2343
10.2453
10.2504
10.2479
10.2428
10.2416
10.2414
10.2319
10.2412
10.2407
10.239
10.2422
10.2565
10.229
10.2434
10.2378
10.2364
10.2465
10.2374
10.2478
10.2439
10.2363
10.2349
10.239
10.2268
10.2402
10.2443
10.2401
10.2496
10.2424
10.237
10.2365
10.2546
10.2421
10.2375
10.2506
10.2376
10.2406
10.2379
10.2361
10.2371
10.2358
10.2439
10.2418
10.2425
10.2346
10.24
10.2483
10.2389
10.2393
10.2406
10.2454
10.2408
10.2315
10.2418
10.2442
10.2479
10.2283
10.2404
10.2421
10.2455
10.2395
10.239
10.2396
10.249
10.2388
10.2535
10.2484
10.2398
10.2396
10.2374
10.233
10.2455
10.2435
10.2394
10.2455
10.2361
10.2321
10.2487
10.2423
10.2386
10.2341
10.2413
10.247
10.2261
10.2539
10.2413
10.2331
10.2364
10.2435
10.2472
10.2416
10.2449
10.2366
10.2425
10.2475
10.2385
10.2318
10.2323
10.2409
10.2427
10.2409
10.2301
10.2541
10.2489
10.2404
10.2503
10.2461
10.2463
10.2326
10.2445
10.2375
10.2402
10.2428
10.2346
10.245
10.2467
10.2254
10.244
10.2468
10.2414
10.2394
10.243
10.2409
10.2338
10.2478
10.2406
10.2439
10.2475
10.2343
10.2478
10.2271
10.2385
10.2439
10.2501
10.2469
10.2339
10.2526
10.2458
10.2402
10.2436
10.232
10.2376
10.2465
10.2354
10.2379
10.2356
10.2345
10.2332
10.2453
10.2523
10.244
10.241
10.2349
10.2403
10.2384
10.2373
10.2369
10.2432
10.2464
10.2357
10.2434
10.2372
10.2417
10.2469
10.2465
10.2383
10.229
10.2446
10.2502
10.245
10.2412
10.2403
10.2449
10.2407
10.2388
10.2289
10.231
10.2349
10.2396
10.2429
10.2436
10.2373
10.2407
10.2512
10.2273
10.2406
10.2511
10.242
10.2273
10.2406
10.2364
10.2437
10.2414
10.2379
10.2435
10.238
10.236
10.2348
10.2457
10.2357
10.2488
10.2377
10.2385
10.2425
10.2475
10.2438
10.2387
10.2347
10.2426
10.2279
10.2419
10.2281
10.2338
10.2479
10.2354
10.2351
10.232
10.2289
10.2262
10.2449
10.2377
10.2361
10.2402
10.2308
10.2374
10.2355
10.2582
10.2362
10.2439
10.2348
10.2618
10.2387
10.244
10.2489
10.2555
10.2419
10.239
10.2425
10.2392
10.2375
10.2421
10.226
10.2435
10.2464
10.2394
10.2432
10.2534
10.2453
10.2432
10.2369
10.2428
10.2513
10.2402
10.2448
10.2402
10.2469
10.2453
10.2437
10.2402
10.2226
10.2445
10.2406
10.2448
10.2363
10.2329
10.2452
10.2455
10.2412
10.2466
10.2497
10.229
10.2397
10.2518
10.2516
10.244
10.232
10.2384
10.2393
10.2365
10.2465
10.2414
10.2458
10.2483
10.2457
10.2385
10.2373
10.2504
10.2394
10.2398
10.2286
10.2444
10.2469
10.2424
10.2356
10.247
10.2301
10.2364
10.2288
10.2407
10.2439
10.2324
10.2428
10.2408
10.2365
10.2464
10.2526
10.2431
10.2509
10.242
10.2289
10.2409
10.2425
10.2381
10.2421
10.2424
10.2438
10.2488
10.238
10.2376
10.2411
10.2458
10.2504
10.2451
10.243
10.2409
10.2284
10.2433
10.2459
10.2437
10.2377
10.2474
10.2355
10.2395
10.2344
10.2402
10.2333
10.2348
10.2413
10.2478
10.2368
10.2403
10.2358
10.2476
10.2387
10.2438
10.2388
10.2475
10.2463
10.2355
10.2504
10.2346
10.2361
10.243
10.2411
10.2404
10.2452
10.2403
10.2418
10.2353
10.2381
10.2325
10.2369
10.245
10.239
10.2419
10.2477
10.2435
10.2497
10.2552
10.2428
10.2366
10.2407
10.2454
10.2417
10.2446
10.2402
10.2474
10.2375
10.244
10.2603
10.2376
10.2362
10.251
10.2526
10.2445
10.2437
10.2455
10.2448
10.2372
10.2479
10.2363
10.2435
10.2394
10.2338
10.2443
10.2517
10.2474
10.242
10.2289
10.2355
10.2371
10.2405
10.2433
10.2379
10.2547
10.2372
10.2425
10.2399
10.2467
10.242
10.2465
10.2337
10.2512
10.2482
10.2366
10.2346
10.247
10.2402
10.2436
10.2383
10.2557
10.2391
10.2327
10.2485
10.2383
10.2439
10.2457
10.2436
10.238
10.2334
10.2433
10.2307
10.2517
10.2351
10.24
10.2279
10.2409
10.2403
10.246
10.2371
10.2367
10.2408
10.2479
10.2399
10.2366
10.2382
10.2484
10.2398
10.2419
10.2434
10.2245
10.2522
10.2389
10.2375
10.2366
10.2596
10.2495
10.2447
10.2465
10.2481
10.2467
10.2469
10.2367
10.237
10.2448
10.2343
10.2425
10.2478
10.2398
10.2405
10.2423
10.2468
10.2403
10.2439
10.2422
10.2489
10.2441
10.2269
10.2412
10.247
10.2542
10.2403
10.2379
10.2383
10.2464
10.2389
10.2389
10.2374
10.2388
10.2415
10.246
10.2472
10.2545
10.2387
10.2397
10.2428
10.2463
10.234
10.246
10.2416
10.2382
10.245
10.2465
10.2366
10.2337
10.2399
10.2387
10.244
10.2357
10.2333
10.2358
10.2361
10.2487
10.2398
10.2273
10.2392
10.2305
10.2291
10.2488
10.2394
10.2471
10.2402
10.2418
10.2303
10.2391
10.2408
10.2339
10.249
10.2433
10.2356
10.2485
10.24
10.2434
10.2386
10.2399
10.2388
10.2481
10.2329
10.2321
10.2427
10.2533
10.2376
10.2455
10.2433
10.2285
10.2356
10.2437
10.2401
10.2474
10.2391
10.2472
10.2419
10.2385
10.2391
10.2343
10.2485
10.2353
10.236
10.2409
10.2356
10.2441
10.2324
10.246
10.251
10.2343
10.239
10.2403
10.2379
10.2364
10.246
10.2371
10.2435
10.2342
10.2395
10.2459
10.2451
10.2489
10.2366
10.2449
10.233
10.2477
10.2428
10.2427
10.2365
10.244
10.2338
10.2458
10.2421
10.2374
10.24
10.2416
10.2373
10.2388
10.2442
10.2464
10.2416
10.2344
10.2343
10.2399
10.239
10.2468
10.2492
10.2327
10.2446
10.2418
10.2391
10.2425
10.2346
10.2325
10.2542
10.2423
10.2431
10.23
10.2419
10.251
10.2443
10.2343
10.2329
10.2413
10.2433
10.2382
10.2498
10.2426
10.2466
10.2522
10.2377
10.2396
10.2277
10.2331
10.2367
10.2458
10.2425
10.2433
10.2382
10.238
10.2351
10.2436
10.2343
10.2423
10.2344
10.2432
10.2394
10.2438
10.2397
10.2402
10.2436
10.2556
10.2302
10.242
10.2461
10.2374
10.2425
10.2404
10.2411
10.2397
10.2558
10.2464
10.2388
10.2329
10.2506
10.2377
10.2401
10.2455
10.2389
10.2395
10.2347
10.2389
10.246
10.2373
10.2412
10.2313
10.2474
10.2448
10.2368
10.2457
10.2382
10.2323
10.2408
10.2481
10.245
10.2358
10.2435
10.237
10.2431
10.238
10.2427
10.2373
10.2385
10.2439
10.2377
10.2484
10.2409
10.232
10.2403
10.2384
10.2345
10.2432
10.2423
10.246
10.242
10.2479
10.2314
10.2422
10.2428
10.244
10.2463
10.2411
10.2417
10.236
10.2406
10.2437
10.252
10.2409
10.2401
10.2438
10.2373
10.2342
10.2496
10.2435
10.2486
10.2384
10.2423
10.238
10.2506
10.2383
10.2435
10.2329
10.2431
10.24
10.2436
10.251
10.25
10.2377
10.2435
10.2473
10.2448
10.241
10.2514
10.2375
10.2424
10.2505
10.2434
10.2452
10.2403
10.2472
10.2397
10.245
10.2367
10.2429
10.2443
10.2457
10.2469
10.2307
10.2436
10.2309
10.2465
10.227
10.2276
10.2383
10.2433
10.2314
10.2514
10.2481
10.2422
10.2376
10.232
10.231
10.2504
10.2412
10.2442
10.2319
10.2465
10.2473
10.2447
10.2303
10.2474
10.2488
10.2541
10.2389
10.2336
10.25
10.2452
10.2389
10.2479
10.2442
10.2515
10.2452
10.2344
10.2408
10.2327
10.2417
10.2399
10.2428
10.2431
10.244
10.2477
10.2495
10.2493
10.2435
10.2515
10.2404
10.2391
10.241
10.2458
10.2423
10.2487
10.2408
10.2404
10.2459
10.2349
10.2471
10.2335
10.2331
10.248
10.2525
10.2483
10.2349
10.241
10.2307
10.2399
10.2401
10.2395
10.2395
10.2314
10.2311
10.2516
10.2345
10.2417
10.2374
10.2317
10.2426
10.2452
10.2448
10.2437
10.2339
10.237
10.2401
10.2387
10.2444
10.2456
10.2447
10.2394
10.2355
10.2465
10.2473
10.2329
10.2345
10.2415
10.2429
10.2483
10.2529
10.2486
10.2369
10.2407
10.2415
10.2318
10.2403
10.2405
10.2412
10.2445
10.2453
10.2411
10.2435
10.2474
10.2436
10.2443
10.2403
10.2394
10.24
10.2548
10.2426
10.2535
10.2387
10.248
10.2405
10.252
10.2439
10.2364
10.2416
10.2388
10.2418
10.2335
10.2401
10.2471
10.2442
10.2379
10.2434
10.2441
10.2438
10.2399
10.2374
10.2485
10.2352
10.2354
10.2456
10.2573
10.2376
10.2369
10.2345
10.2351
10.2358
10.2335
10.2403
10.2366
10.2463
10.2383
10.2389
10.2371
10.2421
10.2401
10.2424
10.2404
10.2425
10.2398
10.2442
10.241
10.2498
10.2353
10.2351
10.2305
10.2431
10.2421
10.2388
10.2438
10.2363
10.2324
10.2482
10.2358
10.2386
10.2332
10.2363
10.245
10.2447
10.2435
10.2428
10.2408
10.2414
10.2395
10.252
10.2333
10.2331
10.2362
10.2414
10.2463
10.2448
10.2406
10.2406
10.24
10.2532
10.2438
10.2427
10.2467
10.2335
10.2309
10.2436
10.2398
10.2382
10.238
10.252
10.236
10.2385
10.248
10.2445
10.2392
10.2398
10.2357
10.2391
10.251
10.2476
10.2413
10.2372
10.2341
10.2365
10.2373
10.2452
10.2352
10.2485
10.2261
10.2325
10.2424
10.2434
10.2424
10.2394
10.2364
10.234
10.2377
10.2478
10.2427
10.2431
10.2435
10.2485
10.248
10.2367
10.2483
10.2443
10.2529
10.2417
10.2486
10.2405
10.2274
10.2376
10.2447
10.2434
10.2391
10.2393
10.238
10.2392
10.2465
10.2358
10.2378
10.2536
10.2461
10.235
10.2386
10.2454
10.2328
10.2468
10.2449
10.2395
10.2366
10.2335
10.2358
10.2386
10.2368
10.2359
10.2482
10.2436
10.2394
10.2508
10.2456
10.2426
10.2434
10.2348
10.2398
10.2433
10.2396
10.244
10.2339
10.2478
10.2501
10.2464
10.2449
10.2356
10.2431
10.2472
10.2361
10.2467
10.2408
10.2426
10.2363
10.2405
10.23
10.2397
10.2437
10.2255
10.2482
10.2439
10.2343
10.2426
10.2424
10.2362
10.2302
10.2536
10.2394
10.2411
10.2345
10.2402
10.2423
10.2419
10.2453
10.2412
10.2457
10.24
10.2461
10.2406
10.2448
10.2499
10.2534
10.2416
10.2479
10.2312
10.2517
10.236
10.2441
10.2443
10.2486
10.2401
10.2359
10.2477
10.2376
10.2528
10.2424
10.2362
10.2328
10.2488
10.2479
10.2441
10.246
10.2457
10.2427
10.2343
10.2416
10.2359
10.2461
10.2423
10.2419
10.2391
10.2514
10.2356
10.2352
10.2461
10.2323
10.235
10.2457
10.2387
10.2393
10.2491
10.242
10.2395
10.2399
10.2392
10.2375
10.2558
10.2493
10.2457
10.2339
10.2414
10.2481
10.2332
10.2408
10.2436
10.2366
10.2516
10.2412
10.239
10.233
10.2417
10.237
10.2449
10.241
10.2437
10.2462
10.2369
10.2346
10.2371
10.2413
10.2361
10.2532
10.2411
10.2377
10.247
10.2475
10.2481
10.2428
10.2457
10.2411
10.2471
10.2454
10.246
10.2388
10.2299
10.2451
10.2489
10.2438
10.2369
10.2462
10.2457
10.2435
10.2468
10.2601
10.248
10.2435
10.2347
10.2418
10.233
10.2357
10.2416
10.2283
10.2506
10.2409
10.2377
10.2484
10.2314
10.2308
10.2325
10.2421
10.241
10.2378
10.2432
10.246
10.2407
10.2389
10.2379
10.2464
10.2393
10.2384
10.2437
10.2453
10.2474
10.2396
10.2504
10.2361
10.2449
10.2446
10.2506
10.2429
10.2436
10.2405
10.2399
10.2317
10.2466
10.2301
10.2333
10.2405
10.239
10.2465
10.242
10.2367
10.2423
10.2462
10.2409
10.2303
10.2444
10.2324
10.2518
10.2483
10.232
10.2449
10.2501
10.2263
10.2356
10.2413
10.2477
10.2378
10.2453
10.2555
10.2346
10.2425
10.2353
10.2483
10.2272
10.2369
10.2319
10.2458
10.2492
10.2352
10.2378
10.2475
10.2337
10.2386
10.2407
10.2518
10.2417
10.2403
10.2394
10.2379
10.2385
10.2416
10.2445
10.2443
10.2471
10.2436
10.2519
10.2399
10.2366
10.2385
10.2437
10.2367
10.237
10.2364
10.2342
10.2487
10.2383
10.235
10.2379
10.2419
10.2432
10.2374
10.2396
10.247
10.2311
10.2307
10.2407
10.2471
10.243
10.2563
10.2498
10.2408
10.2485
10.2411
10.2349
10.2436
10.2418
10.2352
10.237
10.2479
10.2398
10.2324
10.234
10.2364
10.2464
10.2371
10.244
10.2464
10.2312
10.247
10.2302
10.2423
10.2384
10.2396
10.2402
10.236
10.2335
10.236
10.2295
10.2462
10.2351
10.2325
10.2511
10.2479
10.2417
10.2377
10.2403
10.2337
10.234
10.2401
10.2471
10.2398
10.2326
10.2427
10.2349
10.2414
10.2391
10.2391
10.2324
10.249
10.2382
10.2449
10.2293
10.2399
10.2392
10.2467
10.2363
10.2344
10.2303
10.2476
10.2378
10.2368
10.2417
10.2459
10.2525
10.2245
10.2421
10.2431
10.2505
10.2453
10.2161
10.2338
10.2493
10.2489
10.2408
10.2464
10.2357
10.2381
10.2507
10.2404
10.2438
10.2503
10.2404
10.2324
10.2446
10.242
10.2501
10.2363
10.2374
10.2454
10.2336
10.2361
10.2418
10.2328
10.2436
10.2351
10.2367
10.2405
10.2415
10.239
10.2275
10.2406
10.243
10.2348
10.2461
10.2513
10.2475
10.245
10.227
10.2392
10.2499
10.2496
10.2371
10.2367
10.2438
10.2414
10.2477
10.2349
10.229
10.238
10.2487
10.2404
10.2453
10.2494
10.2439
10.2366
10.2405
10.2474
10.2388
10.2423
10.2492
10.2476
10.2429
10.243
10.2277
10.2463
10.2382
10.2385
10.2383
10.2427
10.2351
10.2463
10.2464
10.241
10.2352
10.2444
10.2333
10.2367
10.2367
10.2358
10.2537
10.2472
10.2439
10.2396
10.2399
10.2448
10.2461
10.2465
10.2494
10.2411
10.2415
10.242
10.2372
10.2292
10.2511
10.2469
10.2491
10.2364
10.2367
10.2434
10.2445
10.2423
10.2426
10.2405
10.2437
10.2373
10.2409
10.2418
10.2419
10.235
10.2343
10.2314
10.2363
10.2444
10.2433
10.2484
10.2396
10.2287
10.256
10.2511
10.2474
10.2431
10.2428
10.2376
10.237
10.2504
10.2398
10.2412
10.2355
10.2429
10.2429
10.2457
10.2369
10.2392
10.2375
10.2496
10.2444
10.2519
10.2405
10.2501
10.2456
10.255
10.2444
10.2415
10.2363
10.2439
10.2383
10.2503
10.2339
10.2531
10.2363
10.2407
10.2493
10.2419
10.257
10.2456
10.2285
10.2367
10.2372
10.2488
10.2477
10.2353
10.2288
10.2353
10.2381
10.2479
10.2472
10.2482
10.2433
10.2475
10.2468
10.2346
10.2298
10.2456
10.247
10.2476
10.2455
10.2522
10.2428
10.2424
10.2339
10.2498
10.2445
10.2373
10.2494
10.2425
10.2391
10.2396
10.2381
10.2373
10.2312
10.2377
10.2367
10.2389
10.2434
10.2457
10.2416
10.2492
10.2401
10.2484
10.2457
10.2582
10.2396
10.2437
10.2352
10.2388
10.2419
10.2542
10.2399
10.2474
10.2448
10.2389
10.2469
10.2439
10.2369
10.2437
10.2405
10.2468
10.2397
10.23
10.2372
10.2458
10.2268
10.2544
10.239
10.2363
10.2444
10.2386
10.2428
10.2343
10.2505
10.2405
10.2511
10.2357
10.2322
10.247
10.2412
10.2369
10.2413
10.2402
10.2359
10.2381
10.2416
10.2359
10.247
10.2353
10.2369
10.2403
10.2378
10.2512
10.2339
10.2425
10.2442
10.2466
10.2314
10.2466
10.2413
10.2508
10.2416
10.2534
10.2385
10.2476
10.2409
10.2397
10.241
10.2445
10.229
10.2432
10.2483
10.2416
10.2468
10.2381
10.238
10.2459
10.2407
10.239
10.2394
10.2363
10.2401
10.2404
10.2471
10.2434
10.2364
10.2273
10.232
10.2451
10.2446
10.2442
10.244
10.2462
10.2362
10.2294
10.2562
10.2326
10.2436
10.2433
10.2447
10.2432
10.232
10.241
10.2393
10.2407
10.2421
10.2342
10.2405
10.2302
10.2486
10.2506
10.2364
10.2442
10.2343
10.237
10.2505
10.245
10.2508
10.2348
10.2385
10.2398
10.2578
10.2339
10.2387
10.2383
10.2465
10.2369
10.2421
10.2459
10.2565
10.2453
10.239
10.2522
10.2435
10.2275
10.2284
10.2489
10.2437
10.2429
10.227
10.2405
10.2394
10.2377
10.2414
10.2361
10.242
10.2435
10.2445
10.2455
10.2399
10.2429
10.2399
10.2381
10.2371
10.243
10.2487
10.2389
10.2444
10.246
10.2393
10.239
10.2431
10.2379
10.239
10.23
10.2407
10.2461
10.2373
10.2333
10.2518
10.2407
10.256
10.2448
10.2416
10.2475
10.2416
10.2386
10.2313
10.2343
10.2298
10.2375
10.2396
10.2459
10.2462
10.2424
10.2325
10.2496
10.2335
10.2309
10.2424
10.2388
10.2424
10.228
10.2432
10.2341
10.2458
10.2325
10.2439
10.2455
10.2436
10.2372
10.23
10.2395
10.253
10.2502
10.2477
10.2467
10.2373
10.2429
10.2527
10.2406
10.2365
10.2397
10.2444
10.2442
10.2424
10.2276
10.237
10.2383
10.2433
10.2476
10.2325
10.2438
10.2415
10.2413
10.2362
10.2455
10.2423
10.2375
10.2272
10.2498
10.2415
10.248
10.2329
10.236
10.2514
10.2466
10.2407
10.2321
10.2361
10.2469
10.2265
10.2465
10.2425
10.2433
10.247
10.2343
10.2345
10.2256
10.248
10.2359
10.2397
10.2452
10.2451
10.255
10.2319
10.2444
10.2425
10.2531
10.2402
10.2436
10.246
10.2492
10.2419
10.2487
10.2387
10.2419
10.2435
10.2412
10.2305
10.2544
10.2365
10.236
10.2439
10.2379
10.2386
10.2362
10.2414
10.239
10.2365
10.2413
10.2379
10.2329
10.2561
10.2432
10.2485
10.2308
10.2394
10.2443
10.2518
10.235
10.2454
10.2561
10.2367
10.2431
10.2408
10.2425
10.2516
10.2486
10.2333
10.2481
10.2307
10.234
10.2344
10.2404
10.238
10.2413
10.232
10.2485
10.2436
10.2463
10.2359
10.237
10.2472
10.2385
10.2467
10.2491
10.239
10.2356
10.2452
10.2451
10.2425
10.2415
10.2446
10.243
10.2415
10.2509
10.247
10.2411
10.2343
10.2351
10.237
10.2415
10.2343
10.2455
10.2451
10.2423
10.2356
10.2299
10.2516
10.2472
10.2417
10.2422
10.2391
10.2447
10.2361
10.2318
10.2495
10.2513
10.2375
10.2482
10.2315
10.2406
10.2358
10.237
10.2502
10.2406
10.2547
10.2329
10.2437
10.2434
10.2425
10.2412
10.2439
10.2277
10.2327
10.2452
10.2427
10.2345
10.2397
10.2301
10.2467
10.2468
10.2426
10.2305
10.2419
10.2396
10.2463
10.2407
10.2427
10.2436
10.2368
10.2409
10.2325
10.2403
10.2387
10.2344
10.2349
10.2421
10.2408
10.2383
10.2458
10.238
10.2399
10.237
10.2412
10.2334
10.2294
10.2468
10.2438
10.2561
10.2399
10.2232
10.2523
10.2538
10.2376
10.2381
10.2421
10.2449
10.2426
10.2399
10.2353
10.2388
10.2295
10.2422
10.2499
10.2488
10.2342
10.249
10.2367
10.2394
10.2431
10.2395
10.2432
10.2501
10.2373
10.2434
10.2467
10.2433
10.2442
10.2323
10.2349
10.2406
10.2322
10.2456
10.2369
10.2414
10.2341
10.2334
10.2468
10.2409
10.2356
10.2349
10.2423
10.234
10.2384
10.2431
10.2465
10.2497
10.2429
10.2463
10.2424
10.2332
10.255
10.2427
10.239
10.2335
10.2393
10.2354
10.2435
10.2404
10.2359
10.2362
10.2474
10.2417
10.2484
10.2346
10.2455
10.2414
10.2496
10.2458
10.2379
10.2419
10.2367
10.2324
10.2324
10.2441
10.2445
10.2422
10.2317
10.2433
10.2365
10.2482
10.234
10.2426
10.2414
10.2329
10.2367
10.2392
10.2393
10.244
10.2305
10.242
10.229
10.2361
10.2364
10.2422
10.2426
10.2469
10.2509
10.2487
10.2497
10.2413
10.2535
10.2422
10.2504
10.2507
10.2487
10.2486
10.2511
10.2387
10.2463
10.2424
10.2457
10.2537
10.2392
10.2365
10.2456
10.2389
10.2303
10.2413
10.2375
10.2357
10.2413
10.2486
10.2512
10.2454
10.2362
10.2527
10.2325
10.2411
10.2452
10.251
10.244
10.2406
10.2443
10.2362
10.2401
10.2322
10.2462
10.2409
10.2342
10.2419
10.2377
10.2503
10.2493
10.2525
10.2365
10.2321
10.24
10.2521
10.2373
10.2366
10.2491
10.239
10.246
10.2364
10.244
10.2349
10.2374
10.2486
10.2494
10.2405
10.2343
10.2459
10.2357
10.2431
10.2364
10.2421
10.2514
10.2384
10.2352
10.2435
10.2329
10.2261
10.2457
10.2478
10.246
10.2412
10.249
10.2402
10.2313
10.2373
10.236
10.2397
10.2357
10.2472
10.235
10.2328
10.2567
10.2412
10.244
10.2523
10.2415
10.2383
10.2432
10.235
10.2298
10.25
10.2462
10.2418
10.2371
10.2424
10.2418
10.2463
10.2464
10.2491
10.2461
10.2511
10.237
10.2464
10.2422
10.2476
10.2474
10.2459
10.2414
10.2449
10.2386
10.2414
10.2317
10.2482
10.2458
10.2369
10.2408
10.246
10.2382
10.2369
10.2496
10.2465
10.2412
10.2387
10.2405
10.2335
10.2513
10.2323
10.2471
10.2234
10.2433
10.2515
10.2464
10.2479
10.2434
10.2458
10.2482
10.243
10.2409
10.2378
10.2513
10.2346
10.2445
10.2358
10.2411
10.2366
10.2361
10.2353
10.2405
10.2336
10.248
10.2365
10.2298
10.2419
10.2413
10.2449
10.2409
10.2415
10.2464
10.2387
10.2481
10.2366
10.2453
10.2433
10.2495
10.2332
10.244
10.2371
10.234
10.2446
10.2362
10.246
10.2336
10.2403
10.2399
10.2374
10.2331
10.2439
10.2405
10.2301
10.2315
10.2346
10.2428
10.2533
10.2455
10.2324
10.2408
10.2443
10.2422
10.2494
10.2394
10.2393
10.2433
10.237
10.2439
10.2338
10.2509
10.2447
10.2412
10.2402
10.2405
10.2383
10.2433
10.2389
10.2403
10.2489
10.2568
10.2322
10.239
10.2294
10.2333
10.2442
10.2311
10.235
10.2316
10.2351
10.241
10.2426
10.2398
10.2426
10.2517
10.2336
10.2475
10.2343
10.2359
10.2429
10.2434
10.2531
10.2443
10.2357
10.2437
10.2339
10.2385
10.2383
10.2409
10.2492
10.2449
10.2392
10.238
10.2452
10.2446
10.2441
10.2396
10.2518
10.2415
10.231
10.2357
10.2324
10.2437
10.246
10.2387
10.2502
10.2373
10.2376
10.2341
10.2408
10.2344
10.2522
10.2337
10.2479
10.2423
10.241
10.2511
10.2375
10.252
10.2418
10.2404
10.237
10.2429
10.2414
10.2391
10.2367
10.2411
10.2302
10.2455
10.2448
10.2415
10.244
10.2468
10.2477
10.2436
10.2467
10.2453
10.2364
10.2236
10.2429
10.2429
10.2599
10.2411
10.245
10.234
10.2465
10.2355
10.2353
10.2475
10.2469
10.2385
10.237
10.2394
10.2502
10.2406
10.2386
10.2404
10.2476
10.2382
10.2431
10.2492
10.2355
10.2381
10.242
10.2488
10.2437
10.2437
10.2378
10.2512
10.2381
10.2376
10.2432
10.237
10.2409
10.2438
10.245
10.2336
10.2303
10.2438
10.2456
10.2323
10.246
10.24
10.2367
10.2463
10.241
10.2363
10.2419
10.2459
10.243
10.2344
10.2414
10.2478
10.2272
10.2347
10.2346
10.2403
10.2403
10.2326
10.2435
10.2428
10.2494
10.2444
10.2375
10.2413
10.2482
10.2431
10.243
10.2319
10.2412
10.248
10.2446
10.2379
10.2409
10.2365
10.2359
10.2376
10.2413
10.2463
10.2421
10.2431
10.2373
10.2354
10.2417
10.2471
10.2388
10.2417
10.2443
10.2379
10.245
10.2461
10.2294
10.2351
10.2425
10.2372
10.2311
10.2449
10.2427
10.2378
10.2539
10.2489
10.2443
10.2387
10.2486
10.2529
10.2479
10.2463
10.2481
10.2444
10.2393
10.2336
10.2478
10.2429
10.2381
10.2394
10.2465
10.2357
10.2366
10.225
10.2411
10.2536
10.2363
10.2544
10.2475
10.2361
10.2388
10.2491
10.2328
10.2436
10.2444
10.2557
10.2338
10.2411
10.2414
10.2407
10.2381
10.2322
10.2432
10.2466
10.2359
10.2435
10.2461
10.2489
10.2494
10.2394
10.2296
10.243
10.2461
10.2434
10.2409
10.2482
10.2335
10.2415
10.245
10.2444
10.2534
10.2348
10.2386
10.2409
10.2481
10.2392
10.2334
10.2449
10.2351
10.2463
10.2422
10.259
10.2526
10.2385
10.2322
10.2499
10.2492
10.2529
10.2296
10.2394
10.2356
10.24
10.2317
10.2508
10.2495
10.2402
10.2379
10.2365
10.2361
10.2338
10.2364
10.2369
10.2431
10.237
10.2369
10.2356
10.2393
10.2484
10.2432
10.238
10.2457
10.245
10.237
10.2437
10.2425
10.2466
10.252
10.2314
10.2441
10.2391
10.2382
10.2329
10.2348
10.2431
10.2473
10.2383
10.2383
10.2388
10.2467
10.2359
10.2444
10.2334
10.2459
10.2454
10.2377
10.2366
10.2442
10.2379
10.2388
10.247
10.2336
10.2276
10.2401
10.2256
10.2387
10.241
10.2382
10.2407
10.2347
10.2471
10.241
10.2542
10.2393
10.2426
10.2383
10.2459
10.2401
10.241
10.2433
10.2442
10.2427
10.2393
10.2497
10.2298
10.255
10.234
10.2503
10.2545
10.2496
10.2396
10.2447
10.2444
10.2479
10.2438
10.2443
10.2372
10.2409
10.2448
10.2504
10.2418
10.2381
10.2391
10.2446
10.2487
10.2396
10.248
10.251
10.2368
10.2494
10.2433
10.2418
10.2365
10.2372
10.2358
10.2465
10.2525
10.2484
10.2474
10.2441
10.2361
10.2402
10.2417
10.2427
10.2451
10.2482
10.2376
10.2383
10.2426
10.2479
10.2445
10.236
10.2303
10.2458
10.2421
10.2475
10.239
10.2415
10.2351
10.2349
10.2447
10.2309
10.2447
10.2474
10.2611
10.2468
10.2402
10.245
10.2332
10.2458
10.2425
10.2429
10.2342
10.2515
10.2421
10.2376
10.2435
10.2382
10.241
10.2424
10.2451
10.2422
10.2377
10.2392
10.2359
10.2323
10.2376
10.2407
10.242
10.2378
10.2484
10.243
10.2379
10.2424
10.2389
10.25
10.2454
10.2356
10.2317
10.2504
10.2506
10.2399
10.236
10.245
10.2444
10.2377
10.2451
10.2484
10.2414
10.2413
10.2414
10.2392
10.2357
10.2321
10.2319
10.2447
10.239
10.2478
10.245
10.2423
10.2376
10.2425
10.2367
10.2595
10.2376
10.2442
10.2418
10.2489
10.2354
10.2433
10.2488
10.2379
10.2471
10.2321
10.2425
10.2462
10.236
10.2381
10.2499
10.2467
10.2451
10.2436
10.2466
10.2381
10.2465
10.237
10.2426
10.2493
10.2322
10.2402
10.2423
10.2473
10.236
10.2388
10.2383
10.2374
10.2386
10.2424
10.2387
10.2365
10.2335
10.2428
10.24
10.2311
10.2428
10.2352
10.2397
10.2457
10.2455
10.2422
10.2353
10.2355
10.2326
10.2528
10.2383
10.2375
10.2424
10.2565
10.2478
10.2383
10.2445
10.2367
10.2494
10.2465
10.2386
10.2455
10.241
10.2473
10.2538
10.2544
10.2412
10.2344
10.2436
10.2355
10.2418
10.2293
10.2328
10.2389
10.2421
10.2551
10.247
10.2485
10.2395
10.2357
10.2428
10.2395
10.229
10.2337
10.2423
10.2429
10.2473
10.2393
10.2304
10.2416
10.2388
10.2435
10.2472
10.2387
10.2404
10.2427
10.2438
10.2442
10.2404
10.2497
10.2412
10.2352
10.248
10.2407
10.245
10.2413
10.2481
10.2482
10.2331
10.2332
10.2387
10.2351
10.2442
10.2312
10.2455
10.2456
10.2529
10.2411
10.2412
10.2384
10.2321
10.2535
10.2347
10.2475
10.244
10.2336
10.2418
10.2426
10.241
10.238
10.2261
10.2344
10.2357
10.2473
10.2381
10.2405
10.2455
10.2455
10.2385
10.2445
10.2316
10.2389
10.2449
10.2479
10.2372
10.2479
10.2423
10.2395
10.2408
10.2511
10.2366
10.2375
10.2433
10.2422
10.2348
10.2381
10.2403
10.2418
10.2406
10.2433
10.2389
10.242
10.241
10.2417
10.2426
10.2409
10.2459
10.242
10.244
10.2452
10.2385
10.2412
10.2496
10.2445
10.2351
10.2272
10.2388
10.2384
10.2476
10.2304
10.2326
10.242
10.246
10.2495
10.2476
10.2446
10.2328
10.2468
10.2479
10.2357
10.2386
10.2487
10.2308
10.2412
10.2426
10.2303
10.2381
10.2457
10.2457
10.2276
10.2322
10.2445
10.2324
10.2405
10.2412
10.2475
10.2448
10.246
10.248
10.2441
10.247
10.2511
10.2414
10.2432
10.2324
10.2489
10.2356
10.2387
10.2326
10.2504
10.2426
10.249
10.2353
10.2468
10.245
10.2452
10.2317
10.2509
10.2418
10.2399
10.2397
10.2365
10.2457
10.241
10.2339
10.2441
10.2455
10.2478
10.2399
10.2405
10.2449
10.2399
10.2454
10.2373
10.2351
10.2387
10.236
10.2443
10.2565
10.2425
10.2358
10.2463
10.2446
10.2424
10.2454
10.2399
10.2416
10.25
10.2453
10.2379
10.2448
10.2442
10.2434
10.2405
10.2471
10.2508
10.2388
10.2406
10.2384
10.2353
10.2417
10.2414
10.2444
10.2406
10.2447
10.2477
10.2436
10.2335
10.2429
10.2442
10.2325
10.2368
10.2401
10.2441
10.2437
10.2432
10.2395
10.2423
10.2528
10.2415
10.2532
10.2382
10.2447
10.2347
10.2352
10.2342
10.2399
10.2454
10.2421
10.2334
10.2368
10.2411
10.2495
10.2418
10.229
10.2405
10.2349
10.2449
10.2383
10.2395
10.2487
10.2394
10.2396
10.2465
10.2505
10.2406
10.2534
10.2354
10.244
10.2414
10.2406
10.2411
10.2432
10.2418
10.2365
10.2419
10.2379
10.2306
10.2395
10.2275
10.2389
10.245
10.2419
10.2295
10.2451
10.2495
10.2436
10.2527
10.2417
10.246
10.2536
10.2285
10.246
10.2467
10.2465
10.2348
10.249
10.2421
10.2417
10.2395
10.2435
10.2451
10.2461
10.2407
10.2456
10.2349
10.2425
10.2493
10.2442
10.2457
10.2495
10.2322
10.2397
10.2462
10.244
10.2441
10.2429
10.2474
10.2373
10.2413
10.2393
10.2394
10.2451
10.2499
10.2292
10.2427
10.246
10.239
10.2432
10.2528
10.2429
10.233
10.2389
10.245
10.24
10.2486
10.2358
10.231
10.2455
10.2504
10.2414
10.2334
10.2361
10.2436
10.2449
10.2503
10.2461
10.2498
10.2377
10.23
10.2438
10.239
10.2445
10.2418
10.2386
10.2434
10.2322
10.2324
10.2443
10.2393
10.2507
10.2306
10.2378
10.2428
10.2337
10.2439
10.2481
10.2341
10.2437
10.2427
10.235
10.2483
10.2487
10.2413
10.2424
10.2471
10.2387
10.2451
10.2395
10.2452
10.2468
10.2368
10.2437
10.2464
10.2421
10.2345
10.2374
10.2378
