10.2198
10.4695
10.5155
10.3554
10.2168
10.345
10.1865
10.1691
10.1787
10.21
10.2344
10.4504
10.0204
10.4924
10.4131
10.3069
10.2492
10.1826
10.1772
10.2846
10.3197
10.1526
10.0264
10.333
10.1227
10.2506
9.9261
10.3052
10.2424
10.4617
10.3861
10.3476
10.2933
10.3659
10.1328
10.4521
10.0937
10.4068
10.168
10.3051
10.4338
10.2919
10.1483
10.1017
10.3111
10.4564
10.1691
10.502
10.1208
10.1287
10.3236
10.0752
10.1134
10.2292
10.174
10.2463
10.4759
10.1835
10.1293
10.2711
10.233
10.1257
10.4381
10.2781
10.1718
10.1883
10.2787
10.2092
10.3324
10.4629
10.1585
10.1965
9.98807
10.4256
9.95639
9.87888
10.0008
10.3127
10.3204
10.3782
10.341
10.1953
10.2459
10.2043
10.3125
10.1498
10.2437
10.3124
10.0471
10.1868
10.321
10.2245
10.1479
10.3342
10.3665
10.4103
10.3186
10.2689
10.3594
10.2879
10.2178
10.0514
10.3681
10.4465
10.092
10.0743
9.8553
10.2805
10.2667
10.228
10.2366
10.1829
10.2401
10.3563
10.1356
10.4907
10.3753
10.1281
9.9413
10.1791
10.2837
10.2583
10.4659
10.1068
10.4388
10.2092
10.351
10.2908
10.0864
10.1131
10.1472
10.4738
10.0459
10.3251
10.1649
10.4316
10.3097
10.195
10.1258
10.3857
10.4666
10.2433
10.3055
10.1134
10.2227
10.1811
10.2421
9.97785
10.0467
10.2955
10.1708
10.1373
10.0604
10.2753
10.3844
10.1745
10.2418
10.078
10.2914
10.2961
10.0828
10.2597
10.3891
10.3607
10.4302
10.0101
10.0826
10.2831
10.1009
10.2805
10.2453
10.0232
10.5276
10.2266
10.2707
10.4644
10.1567
10.1028
10.0623
10.2288
10.3132
10.3699
10.181
10.1916
10.2395
10.4702
10.2343
10.0131
10.1276
10.1639
10.3041
10.341
10.1955
10.1212
10.2372
10.198
10.0982
10.274
10.3335
10.3113
10.3876
10.2613
10.2052
10.1269
10.2608
10.3492
10.11
10.1102
10.2256
10.5512
10.2043
10.2063
10.3565
10.0764
10.2305
10.2126
10.214
10.3601
10.0389
10.3971
10.1103
10.0849
10.3894
10.2887
10.2118
9.89749
10.2911
10.1406
10.3482
10.0888
10.3311
10.0757
10.2393
10.1681
10.007
10.1375
10.2542
10.3713
10.3307
10.3624
10.1349
10.2942
10.1788
10.3536
10.1976
10.0679
10.1122
10.3511
10.3001
10.2812
10.0358
10.0854
10.0552
10.4136
10.0701
10.2004
10.2522
10.1139
10.2018
10.2483
10.1746
10.2181
10.3315
10.2889
10.1445
10.4134
10.0965
9.99153
10.081
10.4886
10.0637
10.3398
10.3812
10.1214
10.4562
10.2443
10.0404
10.2553
9.99941
10.246
10.2891
10.3329
10.471
10.2912
10.364
10.335
10.2191
10.4422
10.2174
10.2662
10.2508
10.2436
10.5498
10.1864
10.4091
10.2932
10.1808
10.2573
10.3189
10.1713
10.3135
10.1962
10.04
10.3902
10.2822
10.1936
10.2168
10.1962
10.2158
10.2262
10.2798
10.3913
10.1788
10.5206
10.2798
10.2583
10.1728
10.5154
10.1473
10.2211
10.3299
10.2053
10.1049
10.3772
10.1137
10.3993
10.36
10.3437
10.2112
10.4076
10.2768
10.1863
10.1917
10.3594
10.1495
10.2727
10.4384
10.198
10.373
10.2872
10.3724
10.3614
10.4776
10.0082
10.3885
10.3094
10.3829
10.2518
10.0831
10.294
10.1432
10.3929
10.3195
10.3304
10.3909
10.114
10.105
10.3067
10.3026
10.2954
10.2859
10.13
10.216
10.183
10.2561
10.0309
10.2643
10.222
10.3493
9.98627
10.052
10.5949
10.2888
10.2455
9.98791
10.1612
10.253
10.1878
10.2923
10.271
10.369
10.0271
10.0947
10.2944
10.4305
10.1492
10.2544
10.1681
10.4233
10.2102
9.98144
10.1704
10.3539
10.0332
9.99736
10.4055
10.2493
10.3516
10.1718
10.2505
10.2715
10.1364
10.3015
10.2199
10.2888
10.3725
10.2932
10.2387
10.0687
10.4861
10.4143
10.2725
10.2399
10.3928
10.0958
10.2849
10.276
10.5639
10.1789
10.3671
10.345
10.1942
10.2848
10.2453
10.231
10.0708
10.2644
10.3503
10.2489
10.1754
10.3712
10.3741
10.2794
10.4032
10.1314
10.1414
10.0657
10.124
10.2942
10.4499
10.0584
10.4726
10.3155
10.0667
10.1873
10.2984
10.2795
10.3246
10.3176
10.1562
10.4238
9.94194
10.1379
10.3145
10.1409
10.1156
10.1087
10.2444
10.3215
10.1759
10.1539
10.3997
10.3836
10.149
10.2792
10.2969
10.3424
10.0332
10.1869
10.39
10.3952
10.3417
10.3708
10.3134
10.2413
10.2861
10.3821
10.2988
10.3134
10.1141
10.2482
10.1137
10.1702
10.293
10.0123
10.2128
10.4561
10.3706
10.1912
10.3962
10.3772
10.3285
10.0933
10.2314
10.2804
10.1566
10.0458
10.2797
10.3877
10.2493
10.2933
10.2593
10.2193
10.0303
10.1385
10.5108
10.4608
10.4287
10.3265
10.1167
10.1797
10.3015
10.3181
10.4472
10.2645
10.7058
10.1522
10.3749
10.1011
10.4026
10.1654
10.5307
10.207
10.1266
10.3826
10.3437
10.523
10.2842
10.0281
10.2995
10.2987
10.3734
10.2594
10.2905
10.0605
10.2378
10.0406
10.1482
10.2075
10.1801
10.2845
10.0336
10.1457
10.2405
10.1362
10.4204
10.5059
10.4104
10.3073
10.1962
10.371
10.3035
10.5568
10.406
10.2918
10.542
10.2711
10.1735
10.2689
10.1123
10.2032
10.0985
10.4291
9.97188
10.2456
10.1999
10.3295
10.2413
10.5682
10.1953
10.2471
10.2386
9.97515
10.1162
10.2968
10.3442
10.2824
10.1659
10.0542
10.4377
10.4497
10.3649
10.3428
9.96167
10.2544
10.4402
10.1213
10.3047
10.3546
10.4425
10.2038
10.0021
10.3033
10.3884
10.1656
10.3039
10.2712
10.4388
10.1375
10.1403
10.1231
10.3376
9.94365
10.3363
10.5067
9.90698
10.3639
10.4479
10.1391
10.366
10.3327
10.373
10.1381
10.4629
10.4139
10.411
10.223
10.3346
10.185
10.1942
10.1014
10.2914
10.2814
10.1254
10.3824
10.277
10.1484
10.2661
10.5394
10.1852
10.2184
10.156
10.2683
10.1617
10.2282
10.5105
10.315
10.3406
10.2923
10.1971
10.3192
10.0787
10.1966
10.1742
10.1955
10.2649
10.2868
10.2959
10.4302
10.1012
10.1951
10.3299
10.2427
10.3478
10.456
10.2329
10.1196
10.1519
10.3029
10.3372
10.071
10.1274
10.3519
10.0984
10.1661
10.145
10.1144
10.5435
10.5095
10.2032
10.2587
10.278
10.5775
10.0999
10.2868
10.1133
10.0849
10.5315
10.4064
10.3992
10.251
10.2722
10.2164
10.2168
10.0621
10.2222
10.1246
10.3762
10.2883
10.1961
10.2228
10.296
10.0951
10.2431
10.4328
10.2845
10.2445
10.2718
10.2131
10.2833
10.2122
10.1386
10.0113
10.2229
10.1195
10.1334
10.297
10.285
10.1952
10.2004
10.3598
10.1671
10.2718
10.2697
10.1666
10.0252
10.3146
10.2745
10.355
10.2529
10.2495
10.214
10.288
10.2355
10.4425
10.3999
10.2542
10.0291
10.2914
10.5036
10.1265
10.3499
10.1748
10.3018
10.4296
10.2876
10.2716
10.2084
10.2714
10.0353
10.2204
10.2671
10.0311
10.3604
10.2698
10.2562
10.2287
10.3138
10.3179
10.3272
10.3544
10.4363
9.98351
10.3363
10.1466
10.2647
10.0627
10.4008
10.4625
10.4579
10.3809
10.3536
10.1905
10.3284
10.2126
10.0439
10.4702
10.2675
10.4844
10.0829
10.4027
10.0977
10.3769
10.384
10.389
10.1057
10.3059
10.4524
10.2568
10.1792
10.4251
10.4795
10.1707
9.92961
10.1711
10.0271
10.1371
10.1339
10.0914
10.163
10.4036
10.3414
10.2396
10.2727
10.084
10.071
10.2761
10.4058
10.2367
10.3277
10.2931
10.1505
10.2476
10.3611
10.3209
10.253
10.2415
10.0461
10.2454
9.82779
10.0362
10.0766
10.2913
10.2382
10.0182
10.3681
10.2152
10.479
10.1921
9.95359
10.0951
10.0918
10.1999
10.1088
10.5644
10.0781
10.1566
10.2518
10.2046
10.3474
10.2916
10.3045
10.4083
10.2679
9.98264
10.3716
10.2204
10.2581
10.4162
10.2511
10.1623
10.3728
10.1062
10.5157
10.261
10.4069
10.2533
10.2806
10.062
10.1224
10.3013
10.2204
10.2418
10.0626
10.2827
10.2482
10.1663
10.2174
10.1083
10.1982
10.1994
10.5472
10.1525
10.2597
10.1434
10.3667
10.3702
10.439
10.1649
10.032
10.3185
10.4771
10.213
10.1739
10.2951
10.2864
10.1179
10.1503
10.3757
10.0547
10.1906
10.1866
9.87286
10.2119
10.0577
10.4366
10.4158
10.1279
9.90212
10.3017
10.1134
10.2021
10.1997
10.6092
10.3238
9.98715
10.4506
10.325
10.2238
9.96411
10.1819
10.2767
10.31
10.1667
10.393
10.2011
10.2335
10.4228
10.3267
10.3395
10.2206
10.2328
10.1768
10.411
10.3236
10.1538
10.3657
10.2568
10.5427
9.76407
10.09
10.2409
10.2837
10.0086
10.2822
10.0765
10.0145
10.4278
10.1727
10.1212
10.0724
10.2354
10.3238
10.2804
9.94022
10.4791
10.081
10.2133
10.2363
10.1623
10.1999
10.2936
10.3783
10.2955
10.2496
10.4214
10.3661
10.2553
9.97595
10.0935
10.3954
10.27
10.0878
9.97793
10.4331
10.094
10.2265
10.2427
10.3615
10.3498
10.4175
10.3627
10.1249
10.0587
10.3097
10.2658
10.2791
10.3655
10.165
10.2668
10.2541
10.4539
10.3243
10.2647
10.4837
10.3168
10.1908
10.4411
10.1605
10.2018
10.5334
10.2542
10.2773
10.1089
10.2431
10.2193
10.0578
10.2985
10.1103
10.1947
10.4087
10.1894
10.1639
10.3518
10.1774
10.3872
10.4146
10.0469
10.3545
10.2388
10.259
10.3033
10.1713
10.1872
10.4475
10.0498
10.345
10.5662
10.1502
10.2168
10.3016
9.99829
10.0363
10.2151
10.228
10.3743
10.1581
10.1426
10.0878
10.2963
10.4011
10.349
10.572
10.3484
10.0843
10.1845
10.184
10.1488
10.3263
9.94971
10.1206
10.3929
10.137
10.2141
10.1772
10.2141
10.2833
10.2581
10.2889
10.1238
10.2531
10.1717
10.3332
10.3235
10.425
10.3119
10.13
10.224
10.3224
10.1544
10.1365
10.3309
10.3003
10.2093
10.3514
10.2542
10.2957
10.2279
10.2211
10.0872
10.0344
10.1874
10.2637
10.1932
10.3753
10.4159
10.2714
9.95539
10.1837
10.3011
10.0656
10.3237
10.1393
10.244
10.2076
10.1647
10.1982
10.2785
10.1701
10.1192
10.2988
10.0769
10.3973
10.1246
10.4726
10.2756
10.3304
10.1047
10.2144
10.4842
10.2408
10.0023
10.2584
10.2293
10.4684
10.3209
10.2658
10.1395
10.388
10.2488
10.2148
9.97326
10.1955
10.2071
10.256
10.1322
10.0358
10.1565
10.16
10.394
10.2992
10.2816
10.3764
10.1796
10.0682
10.2398
10.1641
10.1827
10.3276
10.3158
10.2852
10.3231
10.122
9.98719
10.0185
10.2762
10.1429
10.1147
10.1537
10.0428
10.1835
10.2142
10.3552
10.104
10.256
10.3777
10.1682
10.1543
10.3225
10.4753
10.3568
10.0142
10.3297
10.2197
10.3095
10.2022
10.1495
10.2187
10.2201
10.2816
10.3181
10.4029
10.3534
10.3495
10.3777
10.2184
10.5017
10.0807
10.3042
10.068
10.0752
10.1597
10.1148
10.4263
10.1584
10.2312
10.2868
10.1772
10.3466
10.3186
10.0545
10.3007
10.0956
10.3022
10.1016
10.4702
10.4082
10.3808
10.2835
10.187
10.0782
10.2859
10.2001
10.4586
10.2393
10.4041
9.92202
10.1459
10.396
10.4308
9.97598
10.2579
10.3263
10.2173
10.0332
10.4471
9.97124
10.1264
10.4164
10.2961
10.2619
10.3366
10.2386
10.2838
10.1484
10.5287
10.129
10.4334
10.1996
10.2457
10.1331
10.209
10.053
10.384
10.2526
10.2886
10.1298
10.1244
10.0887
10.2701
10.4175
10.2703
10.5255
10.0988
10.1415
10.3058
10.2097
10.2121
10.2824
10.3175
10.3946
10.1946
10.1973
10.5059
10.3847
10.2638
10.0845
10.3707
10.3051
10.4483
10.0143
10.2936
10.2867
10.3168
10.2316
10.3068
10.3329
10.3304
10.4935
10.4135
10.2416
10.2296
9.98805
10.3168
10.191
10.4417
10.196
10.5256
10.1388
10.1214
10.0098
10.2154
10.1047
10.2892
10.338
10.2293
10.0709
10.2096
10.429
10.1133
10.2144
10.2838
10.4126
10.2262
10.2472
10.0404
10.5669
10.4478
10.0812
10.3175
10.3409
10.3093
10.3365
10.2522
10.2147
10.1989
10.3892
10.3106
10.3584
10.1055
10.2097
10.2478
10.3727
10.2178
10.0479
10.4817
10.1709
9.89092
10.0494
10.182
10.3595
10.4087
10.0994
10.4234
10.2266
10.2801
10.3124
10.2606
10.3878
10.4254
10.1012
10.2197
10.1052
10.2766
10.1421
10.0135
9.91269
10.2872
10.2835
10.0852
10.0425
10.0875
10.386
10.1408
10.0688
10.314
10.2053
10.2263
10.2994
10.2722
10.2176
10.2618
10.4473
10.0823
10.224
10.2206
10.0537
10.24
10.2131
10.0783
10.2203
10.4375
10.2467
10.2547
10.1486
10.2093
10.1884
10.2395
10.2677
10.2747
10.2303
10.2287
10.4051
10.294
10.209
10.3794
10.1573
10.3074
10.3744
10.2359
10.3056
10.1279
10.1645
10.2573
10.0824
10.1361
10.323
10.14
10.2976
10.582
10.1598
10.4957
10.2263
10.2239
10.2795
10.3131
10.2596
10.3265
10.2039
10.0519
10.395
10.3141
10.3804
10.2936
10.3913
10.3842
10.2691
10.1282
10.2606
10.5006
10.2863
10.4468
10.2685
10.1997
10.4459
10.3882
9.97665
10.1475
10.2023
10.4748
10.1479
9.9783
10.1076
10.1132
10.4247
10.269
10.4023
10.3053
10.2255
10.2872
10.3438
10.0962
10.1143
10.2922
9.9533
10.423
10.1145
10.2786
10.2891
10.1808
10.1745
10.2576
10.2848
10.1221
10.2772
10.3358
10.1332
10.3205
10.2901
10.43
10.2326
10.1762
10.3248
10.1738
10.1788
10.3375
9.94268
10.2071
10.4158
10.0593
10.1936
10.1575
10.2037
10.116
10.181
10.1168
10.0925
10.0664
10.174
10.2968
10.2628
10.146
10.3352
10.2735
10.3537
10.35
10.253
10.3631
10.3761
10.2814
10.0835
10.4277
10.131
10.1073
10.1167
10.131
10.086
10.3106
10.3207
10.4471
10.1904
10.2826
10.3688
10.2602
10.063
10.0764
10.047
10.3592
10.2231
10.1919
10.3264
10.2031
10.2749
10.3491
10.218
10.126
10.4517
10.0605
10.1272
10.3572
10.2523
10.0409
10.49
10.2511
10.2389
10.294
10.462
10.1414
10.3752
10.3609
10.2856
10.3206
10.4421
10.1732
10.3339
10.057
9.99172
10.162
10.5639
10.4763
10.1913
10.3688
10.0847
10.1904
10.0456
10.1049
10.2917
10.1598
10.2664
10.0408
10.1585
10.3582
10.064
10.0572
10.1739
10.1288
10.1837
10.3946
10.1752
10.1642
10.2929
10.2645
10.0134
10.309
10.2964
10.5267
10.1925
10.1537
10.2051
10.2209
10.4997
10.1846
10.1014
9.97944
10.4181
10.4206
10.4597
10.2296
10.0729
10.4405
10.1729
10.0841
10.255
10.3777
10.1067
10.1592
10.4539
10.0717
10.2956
10.129
9.9902
10.4021
10.0824
10.3095
10.349
10.3178
10.0795
10.2745
9.9078
10.3524
10.1469
10.2061
10.6244
10.0793
10.0893
10.0736
10.3551
10.2397
10.0017
10.2693
9.9733
10.3423
10.2416
10.1732
10.5455
10.2234
10.1678
10.3495
10.5124
10.0557
10.235
10.1924
10.2671
10.2054
10.1222
10.2359
10.3019
10.1217
10.2497
10.2702
10.2249
10.2931
10.3412
10.4067
10.2902
10.3353
10.3336
10.3675
10.2066
10.3469
10.4363
10.1553
10.258
10.0249
10.4443
10.3887
10.2796
10.2035
10.1766
10.2276
10.391
10.3614
10.4255
10.1436
10.2155
10.2842
10.0726
10.2718
10.2139
10.3526
10.2674
10.2593
10.261
10.3557
10.2078
10.2997
10.1349
10.3196
10.3447
10.3616
10.4631
10.0196
10.3546
10.464
10.1651
10.4193
10.4156
10.1777
10.3696
10.5649
10.0796
10.0566
10.0246
10.2302
10.2349
10.2609
10.3257
10.2248
10.2389
10.2941
10.0127
10.1957
10.4161
10.1885
10.1829
10.3303
10.0416
10.1988
10.4955
10.2006
10.1697
10.6497
10.1493
10.2868
10.1789
9.98416
10.2574
10.4037
10.1883
10.3571
10.1999
10.1186
10.0989
10.2464
9.99965
10.1261
9.87567
10.1768
10.4054
10.3582
10.1249
10.432
10.2108
10.1389
10.2518
10.1463
10.229
10.099
10.362
10.1839
10.2694
10.3091
10.3055
10.3304
10.1695
10.224
10.303
10.1274
10.0652
10.0414
10.1125
10.239
10.3791
10.1178
10.0535
10.3521
10.3971
10.1425
10.3786
10.3132
10.355
10.2477
10.0685
10.1624
10.1865
10.0406
10.39
10.1894
10.3626
10.3734
10.1705
10.4122
10.2969
10.306
10.3504
10.0388
10.206
10.0498
10.5807
10.3374
10.3271
10.2443
10.331
10.1656
10.3618
10.1102
10.506
10.215
10.3944
10.343
10.2618
10.0302
10.1655
10.2633
10.1659
10.3868
10.1067
10.1444
10.3233
10.239
10.142
10.1528
10.0738
10.2521
10.4011
10.3893
10.1773
10.1257
10.0116
10.292
10.3504
9.84902
10.3506
10.2488
10.3643
10.2919
10.3548
10.1265
10.1098
10.1881
10.6279
10.2285
10.0696
10.1029
9.89242
10.2423
10.3249
10.0862
10.2372
10.2237
10.21
10.1777
10.2712
10.1969
10.1431
10.2137
10.278
10.2789
10.1813
10.1771
10.2098
10.3059
10.1319
10.1664
10.3339
10.3547
10.2884
10.2595
10.1525
10.3769
10.2072
10.3795
10.0326
10.3675
10.3725
10.1903
10.1864
10.1288
10.068
10.2015
10.2779
10.175
10.1059
10.2481
10.3067
10.1716
10.228
10.5063
10.4167
10.3024
10.2049
10.4258
10.1903
10.2333
10.3102
9.99985
10.3921
10.1041
10.2359
10.4792
10.4962
10.459
10.3654
10.2603
10.128
10.1654
10.298
10.3863
10.3423
10.3827
10.3983
10.4313
10.2055
10.139
9.94628
10.4785
10.2876
10.3261
10.3855
10.1925
10.2082
10.3906
10.0896
10.266
10.1329
10.3082
10.1632
10.2052
10.277
10.4256
10.3854
9.97639
10.2671
10.4301
10.0528
10.2935
10.1992
10.0305
10.4014
9.95717
10.146
10.5025
10.1067
10.3613
10.3155
10.4171
10.2278
10.054
10.162
10.4223
10.1321
10.4339
10.0829
10.213
10.0106
10.2283
10.3267
10.2841
10.2355
10.4831
10.1809
10.3956
10.4232
10.1851
10.4978
10.3172
10.0825
10.2692
10.2226
10.2325
10.0779
10.2222
10.2042
10.0893
10.248
10.1787
10.1239
10.4866
10.0292
10.342
10.269
10.2611
10.3148
10.2882
10.0464
10.3329
10.3396
10.1341
10.246
10.2172
10.2477
10.1953
10.2884
10.3399
10.1718
10.1922
10.2363
10.1665
10.1798
10.3807
10.1734
10.1039
10.2421
10.1663
10.5716
10.3888
10.1887
10.2563
10.2403
10.2499
10.2638
10.4002
10.0296
10.2585
10.0096
10.0981
10.1954
10.2525
10.0736
10.2655
10.2686
10.1592
10.3132
10.0167
10.3552
10.2935
10.1635
10.3151
10.2243
10.4635
10.02
10.335
10.0391
10.1745
10.1372
10.3295
10.2326
10.1608
10.1961
10.5067
10.423
10.5064
10.078
10.4395
9.83323
10.2641
10.2384
10.1983
10.4197
10.288
10.2164
10.1434
10.0196
10.1824
10.2963
10.2942
10.1467
10.206
10.1354
10.1977
10.2332
10.0409
10.1582
10.219
10.3903
10.2567
10.2362
10.3493
10.3467
10.0702
10.0441
10.3254
10.3435
10.2575
10.2008
10.2916
10.2387
10.1146
10.4247
10.2684
10.3227
10.3773
10.4148
10.2386
10.4666
10.1929
10.1168
10.159
10.1656
10.094
10.2414
10.1599
10.27
10.125
10.5581
10.4049
10.2415
9.93934
10.1819
10.4183
9.95107
10.3385
10.1905
10.342
10.2133
10.3711
10.1102
10.1689
10.2288
10.3191
10.096
10.384
10.4091
10.2857
10.3155
10.4545
10.2732
10.2103
10.2966
10.1929
10.0268
10.1102
10.2099
10.272
10.4551
10.2716
10.2425
9.99061
10.2487
10.3786
10.0797
10.0942
10.1885
10.2734
10.3193
10.1962
10.4338
10.4809
9.98488
10.4476
10.3778
10.3246
10.2919
10.2504
10.396
10.2301
10.3407
10.2155
10.0165
10.3045
10.0159
10.2135
10.381
10.2318
10.2942
10.0543
10.3756
10.2953
9.75641
10.3314
10.3543
10.1833
10.4035
10.5154
10.1869
10.1798
10.3441
10.2649
10.1488
10.1943
10.2734
10.236
10.0908
10.3055
10.3721
10.2911
10.5369
10.2404
10.218
10.1597
10.293
10.13
10.0981
10.2789
10.5342
10.4936
10.2945
10.4749
10.2788
10.2601
10.138
10.04
10.0839
10.4019
10.2487
10.2066
10.5405
10.4148
10.2906
10.3074
10.2495
10.4044
10.2399
10.2145
10.0508
10.1709
10.2631
10.2165
10.2287
10.3194
10.3024
10.043
10.0453
10.083
10.1136
10.039
10.0099
10.1413
10.3301
10.3484
10.1818
10.262
10.263
10.2636
10.2892
10.1762
10.1104
10.2738
10.4779
10.4195
10.1982
9.96382
10.0549
10.2538
10.2598
10.1612
10.3662
10.1978
10.2936
10.1539
10.1671
10.1697
10.345
10.0913
10.5646
10.3399
10.1633
10.1475
10.0612
10.2598
10.1654
10.1324
10.3294
10.0181
10.4442
10.2689
10.2965
10.1378
10.3295
10.1743
10.012
10.1291
10.0293
10.4654
10.0569
10.2902
10.188
10.2249
10.2824
10.0969
10.199
10.1646
10.2162
10.1797
10.2761
10.0873
10.2347
10.3773
10.1584
10.2572
10.204
10.2228
10.116
10.2952
10.1761
10.235
10.4916
10.253
10.3064
10.4893
10.2372
10.2026
10.2337
10.3223
10.2525
10.1765
10.259
10.2325
10.2789
10.5456
10.1549
10.0358
10.177
10.1662
10.4678
10.3109
10.5246
10.3624
10.1976
10.4385
10.1892
10.3379
10.111
10.1755
10.3818
10.4814
10.1767
10.2676
10.1995
9.97537
10.1347
10.0916
10.4861
10.4782
10.3313
10.2323
10.3361
10.0301
10.0138
10.3054
10.2033
10.4161
10.1648
10.1477
10.1636
10.1907
10.5241
10.2816
10.6083
10.4417
10.1812
10.2136
10.4928
10.1292
10.2868
10.3986
10.2692
10.1543
10.2415
10.1232
10.2242
10.2382
10.3311
10.1155
10.0096
9.87415
10.2535
10.0411
10.3234
10.0251
10.3211
10.322
10.1972
10.205
10.2696
10.1867
10.3662
10.4466
10.1322
10.2055
10.2322
10.2304
10.3326
10.277
10.4028
10.2597
10.41
10.1862
10.3597
10.0537
10.3494
10.1677
10.3355
10.0669
10.2664
10.1172
9.9959
10.3372
10.1802
10.1203
10.0814
10.106
10.144
10.1582
10.3869
10.3096
10.3961
10.1369
10.3718
10.4384
10.3269
10.1583
10.1106
10.2374
10.2719
10.0602
10.074
10.4229
10.3235
10.3654
10.4267
10.3759
10.1644
10.4532
10.3517
10.0778
10.4039
10.0996
10.4419
10.3028
10.0362
10.0777
10.1841
10.2301
10.296
10.4836
10.178
10.0197
10.458
10.1129
10.217
10.2308
10.4934
10.3302
10.2094
10.1987
10.0827
10.0234
10.1987
10.3519
10.3093
10.072
10.1817
10.2222
10.181
10.2581
10.3489
10.0472
10.2717
10.1015
10.2634
10.2953
10.2424
10.0276
10.2475
10.2182
10.2024
10.3353
10.1865
10.4071
10.3588
9.95831
10.2389
10.4677
9.98385
10.0568
10.1778
10.2851
10.4272
10.1428
10.2573
10.2368
10.0619
10.138
10.1556
10.1874
10.179
10.0503
10.2839
10.1965
10.3254
10.2224
10.2596
10.1005
10.2865
10.3402
10.2392
10.1062
10.1451
10.2392
10.2472
10.4373
10.0254
10.4185
10.4321
10.3257
10.1483
10.1308
10.3452
10.3819
10.1621
10.194
10.2421
10.2594
10.3935
10.2166
10.4481
10.3515
10.2667
10.1734
10.3366
10.264
10.3854
10.0854
10.2273
10.2776
10.5129
10.5227
9.98423
10.2175
10.2879
10.045
10.0801
10.0963
10.2584
10.2055
10.2967
10.2087
10.2967
10.4941
10.2271
10.2768
10.275
10.3495
10.2824
10.36
10.143
10.3138
10.2379
10.0396
10.3222
10.4203
10.3266
10.2293
10.1858
10.143
10.4181
10.3581
10.1834
10.2622
10.4043
10.2684
10.1186
10.379
10.3789
10.2196
10.2338
9.88728
10.2611
10.1665
10.4077
10.2048
10.2701
10.3628
10.2048
10.2248
10.3297
10.2026
10.1386
10.1669
10.3155
10.1038
10.2273
10.3422
10.2099
10.2403
10.3528
10.2501
9.97414
10.2343
10.2875
10.2578
9.93208
10.3757
10.2293
10.2642
10.3353
10.1616
10.3548
10.2341
10.2851
10.4611
10.1648
10.135
10.3132
10.2084
10.2075
10.3207
10.3543
10.1394
10.3763
10.2233
10.3342
10.4548
10.2632
10.0885
10.0217
10.2548
10.167
10.1718
10.3362
10.1147
10.2172
9.87613
10.2306
10.1373
10.2652
10.3625
10.2708
10.1222
10.1234
10.2941
10.1734
10.4131
10.4573
10.3134
10.1273
10.3633
10.353
10.3448
10.2558
10.118
10.2631
10.4507
10.2927
10.0169
10.1173
10.3404
10.4591
10.164
10.1165
10.1808
10.1571
10.3659
10.2745
9.97353
10.3259
10.378
10.214
10.5115
10.4123
10.1291
10.1508
10.1113
10.1227
10.4172
10.35
10.1834
10.4214
10.448
10.2163
10.3896
10.2054
10.2545
10.0192
10.2208
10.4479
10.0353
10.4063
10.263
10.1571
10.4358
10.0751
10.1288
10.2269
10.3119
10.2607
10.1469
10.0538
10.2337
10.3276
10.2433
10.3806
10.278
10.4032
10.3645
10.2441
10.309
10.1779
10.119
10.3322
10.2445
10.3722
10.2753
10.4211
10.2252
10.326
10.1429
10.1315
10.3962
10.0855
10.236
10.145
10.1847
10.3855
9.98792
10.091
9.96498
10.2565
10.0594
10.4129
10.4218
10.1306
10.3746
10.1366
10.2595
10.6071
10.2745
10.4486
10.0431
10.3834
10.2816
10.1934
10.3147
9.96389
10.1925
10.0444
10.1562
10.4176
10.173
10.2345
10.2922
10.3598
10.3467
10.205
9.92345
10.2298
10.3512
10.1348
9.95721
10.0309
10.3755
10.2541
10.3031
10.1517
10.3838
10.0902
10.0918
10.4412
10.1837
10.2113
10.436
10.113
10.2725
10.3218
10.0352
10.4814
10.1179
10.3124
10.0773
10.3241
10.1326
10.292
10.3359
10.3079
10.1368
10.3875
10.1844
10.3998
10.2672
10.2807
10.2588
10.2731
10.3179
10.1486
10.3927
10.5271
10.3103
10.3187
10.2885
10.4255
10.0657
10.1745
10.1583
10.2088
10.3922
10.2252
10.1166
10.2824
10.1593
10.1183
10.2222
10.2691
9.99086
10.0508
10.1299
10.035
10.2449
10.1714
10.1546
10.341
10.3413
10.3644
10.4785
10.3301
10.4348
10.3001
10.0266
10.1813
10.3942
10.4394
10.258
10.4735
10.3791
10.4908
10.3111
10.3032
10.1507
10.1702
10.2759
10.3807
10.3979
10.2838
10.274
10.1877
10.428
10.2279
10.3555
10.23
10.3479
10.2721
10.1192
10.3079
10.4819
10.3325
9.91274
9.95902
10.3808
10.3425
10.1917
10.4291
10.0189
10.1984
10.1334
10.0431
10.4862
10.3414
10.2317
10.2306
10.2494
10.2428
10.3154
10.3198
10.1493
10.1544
10.3195
10.126
10.1843
10.2985
10.4349
10.2076
10.3664
10.3963
10.3948
10.2563
10.3791
10.1391
10.5027
10.2652
10.223
10.2666
10.171
10.2415
10.1095
10.3015
10.2291
10.1638
10.2796
10.2992
10.3758
10.3977
10.179
10.3857
10.0697
10.2951
10.2863
10.1634
10.2866
10.1661
10.0077
10.5671
10.5359
10.3188
10.5696
10.1717
9.99001
10.4114
10.5713
10.527
10.2269
10.1702
10.3381
10.1147
10.4373
10.4952
10.3813
10.1808
9.99281
10.108
10.2455
10.1894
10.2267
10.2829
10.1859
10.4648
10.1939
10.2116
10.2807
10.2435
10.2849
10.2233
10.3127
10.2254
10.0715
10.2397
10.1028
10.3106
10.4396
10.1581
10.2805
10.1499
10.2241
10.2259
10.1839
10.1074
10.0414
10.1531
10.4157
10.1454
10.2021
10.0938
10.4223
10.2386
10.0908
10.2216
10.168
9.77827
10.09
10.2523
10.3495
10.3359
10.0524
10.2104
10.2272
10.2797
10.2136
10.101
10.0877
10.1304
10.2196
10.2445
10.0025
10.2619
10.1618
10.2796
10.2654
10.3892
10.1501
10.2368
10.2473
10.2352
10.1347
10.367
10.0986
10.2205
10.3401
9.89381
10.415
10.1125
10.2595
10.2909
10.3233
10.1532
10.0469
10.4627
10.0956
10.3406
10.184
10.2215
10.227
10.4686
10.1432
10.3035
10.2501
10.177
10.2762
10.2549
10.0664
10.1776
10.2381
10.2096
10.0545
10.1304
10.0985
10.1323
10.2905
10.2454
10.3037
10.3044
10.202
10.1928
10.109
10.0428
10.1823
10.2117
10.1728
10.3299
10.1547
10.281
10.2553
10.1945
10.1953
10.3823
10.208
10.3406
10.1104
10.1187
10.0975
10.318
10.0197
10.2749
10.2479
10.4544
10.4057
10.3768
10.3234
10.3733
10.3954
10.051
10.2989
10.1673
10.3986
10.3115
10.1843
10.3195
10.146
10.1226
10.313
10.2454
10.4597
10.2727
10.4031
10.4308
10.3162
10.0993
10.1102
10.2171
10.4424
10.3878
10.2416
10.2466
9.91973
10.2234
10.3266
9.82484
10.2826
10.2339
10.4134
10.2791
10.3217
10.3632
10.251
10.3929
10.2096
10.3643
10.2419
10.4546
10.1431
10.4962
10.3188
10.4436
10.351
9.98836
10.1501
10.1932
9.96165
10.0378
10.17
10.2466
9.95497
10.3897
10.1809
10.3393
10.1116
10.1541
10.2232
10.4666
10.1596
10.0297
10.1733
10.4617
10.1942
10.0335
10.2628
10.0659
10.1459
10.2002
10.248
10.3192
10.1252
10.3056
10.351
10.0452
10.1455
10.233
10.2885
10.2431
10.1077
10.396
10.2828
10.4925
10.5159
10.2556
10.3192
10.4318
10.044
10.1558
10.0681
10.5036
10.2267
10.3596
10.1941
10.273
10.4069
9.99906
10.0662
10.2236
10.2427
10.2128
10.2207
10.2134
10.1992
10.2843
10.1883
10.0909
10.1783
10.2664
10.3576
10.1848
10.1997
10.3478
10.2259
10.3478
10.413
10.15
10.2129
10.3454
10.3637
10.0958
10.3586
10.2159
10.3438
10.4176
10.2289
10.0939
10.1646
10.0892
10.1263
10.2175
10.1634
10.3672
10.3613
10.2696
10.2732
10.2484
10.098
10.1413
10.1676
10.2397
10.2809
10.0645
10.2433
10.4668
10.1015
10.4021
10.1701
10.2295
9.95981
10.0656
10.003
10.1738
10.4747
10.305
10.5327
10.2863
10.1065
10.0269
10.1444
10.0182
10.337
9.97657
10.0884
10.1868
10.1002
10.4228
10.3186
10.4413
10.3591
10.1405
10.1012
10.376
10.3538
10.3249
10.0347
10.0851
10.326
10.0187
10.5016
10.0047
10.2975
10.3481
10.0747
10.2644
10.2118
10.2508
10.2499
10.2582
10.4345
10.2537
9.78293
10.4541
10.2896
10.2355
10.1945
10.383
10.5104
10.2889
10.2789
10.3139
10.2277
10.4647
10.0493
10.2667
10.2185
10.2079
10.0606
10.3958
10.3076
10.1901
10.2426
10.1826
10.2518
10.2531
10.1081
10.2577
10.2842
10.3558
10.1279
10.5219
10.0906
10.0324
10.2478
10.3264
10.196
10.0967
10.2591
10.6084
10.214
10.3688
10.1264
10.1649
10.131
10.2817
10.451
9.97517
10.0714
10.1414
10.2237
10.3897
10.3026
10.2747
10.3689
10.1
10.0175
10.3761
10.3565
10.3445
10.168
10.2142
10.1934
10.2535
10.2834
10.335
10.3249
10.2085
10.2698
10.3164
10.2619
10.3345
10.2196
10.1302
10.2229
10.2766
10.1215
10.4417
10.2678
10.2406
10.2504
10.264
10.3262
10.3781
10.3001
10.3823
10.3762
10.5135
10.3255
10.5903
10.1742
10.0111
10.3701
10.1401
10.2338
10.2265
10.1483
10.2347
10.3413
10.0466
10.1161
10.4923
10.0193
10.2257
10.3473
10.0875
10.3033
10.1991
9.96044
10.4332
10.2788
10.3854
10.425
10.319
10.1191
10.5065
10.0935
10.2807
10.0893
10.1351
10.0976
10.2388
10.181
10.2341
10.0574
10.0166
10.238
10.1489
10.0378
10.2605
10.2144
10.1901
10.4073
10.3973
10.3671
10.1463
9.84243
10.0974
10.2852
10.2903
10.1194
10.4124
10.5354
10.102
10.2489
10.0731
10.1424
10.0862
10.2387
10.2318
10.1623
10.1044
10.0117
10.2115
10.209
10.2384
10.3514
10.2863
10.1247
10.2225
10.4219
10.3974
10.0304
10.3936
9.99622
10.1103
10.0456
10.2782
10.3401
10.2226
10.1903
10.175
10.2945
10.237
10.28
10.2229
10.0416
10.1356
10.3689
10.1399
10.5939
10.4601
10.0384
10.3076
10.1159
10.1364
10.2723
10.1002
10.4176
10.3748
10.2854
10.2374
10.3716
10.319
10.2032
10.0362
10.109
10.3091
10.3465
10.2151
10.4181
10.0595
10.0163
10.3576
10.3829
10.1241
10.2693
10.2493
10.1715
10.0184
10.1689
10.2081
10.0872
10.2504
10.5524
10.4347
10.2326
10.3523
10.148
10.2351
10.3331
10.2414
10.0237
10.209
10.2106
10.1211
10.1207
10.2276
10.3898
10.2327
10.1849
10.2197
9.88688
10.141
10.3828
10.192
10.0788
10.3027
10.3905
10.3754
10.2731
10.3241
10.2943
10.2659
10.1559
10.0768
10.4616
10.3659
10.3094
10.3695
9.99931
10.1312
10.2251
10.2059
10.3299
10.2895
10.1868
10.104
10.3651
10.2173
9.99993
10.2871
10.5027
10.2583
10.2493
10.2061
10.3244
10.3724
10.4108
10.1717
10.1348
10.2053
10.3428
10.4148
10.254
10.2673
10.2081
10.2843
10.4175
10.172
10.1973
10.2016
10.1842
10.5338
9.99717
10.1864
10.2167
10.5331
9.90431
9.97815
10.0088
10.1586
10.4104
10.3041
10.2023
10.3641
10.0906
10.1604
10.1903
10.242
10.1215
10.2196
10.1764
10.2745
10.2971
10.1668
10.1434
10.3511
10.2121
10.1165
10.2446
10.2269
10.1505
10.0537
10.3771
10.1592
10.1094
10.2056
10.1449
10.362
10.3865
10.3833
10.0564
10.2529
10.2121
10.3592
10.3796
10.1152
10.1452
10.3344
9.90888
10.3322
10.3629
10.245
10.2297
10.4876
10.1375
10.2465
10.1176
10.134
10.2118
10.2035
10.3446
10.2181
10.2461
10.2965
10.3768
10.2942
10.3492
10.3463
10.4002
10.3832
10.2089
10.2857
10.2616
10.2487
10.2886
10.2624
10.1634
10.3425
10.2511
10.1276
10.0971
10.3376
10.143
10.1955
10.3598
10.2547
10.3113
10.2195
10.3928
9.97349
10.0279
10.1766
10.1208
10.5688
10.3002
10.5058
10.3384
10.3861
10.3423
10.3483
10.0073
10.4086
10.1884
10.0072
10.1743
10.2034
10.2574
10.1919
10.0104
10.3958
10.2597
10.1303
10.3627
10.2631
10.2153
10.3798
10.3843
10.1856
10.1396
10.0023
10.3454
10.2555
10.3439
10.237
10.2249
10.4117
10.37
10.3241
10.2544
10.0343
10.5247
10.5086
10.2866
10.4612
10.1995
10.2154
10.3236
10.3162
10.3828
10.2509
9.96796
10.1582
10.1643
10.2952
10.1902
10.1063
10.4013
10.2807
10.4217
10.1826
10.3029
10.1859
10.3357
10.2291
10.1483
10.201
10.2117
10.1921
10.2758
10.2523
10.1678
10.1084
10.0954
10.238
10.2711
10.1519
10.1175
10.0861
10.2835
10.2612
10.1809
10.3245
10.3229
10.2317
10.3459
10.3005
10.2788
10.1335
10.1055
10.242
9.84463
10.615
10.0723
10.1647
9.89988
10.1426
10.1864
10.1983
10.3288
10.3085
10.1507
10.183
10.2452
10.1446
10.0468
10.4162
10.3059
10.3113
10.4627
10.0759
10.2543
10.5677
10.1251
10.39
10.3938
10.3801
10.1221
10.4318
10.1009
10.1868
10.1674
10.1413
10.1084
10.2595
10.3361
10.3454
10.1449
10.4896
10.3329
10.1654
9.98558
10.2496
10.0005
10.3101
10.1876
10.0549
10.1792
10.2739
10.2089
10.0792
10.2163
9.96821
10.2317
10.3229
10.3731
9.91607
10.5012
10.4402
10.3943
10.1343
10.5791
10.3056
10.3379
10.2018
10.5012
10.3741
10.2435
10.1722
10.3175
10.4722
10.0862
10.2287
10.3992
10.2933
9.90467
10.3799
10.0929
10.1988
10.1803
10.3012
10.2421
9.96856
10.3741
10.3974
10.2543
10.273
10.1793
10.0795
10.0042
10.0935
10.1751
10.2738
10.0625
10.3413
10.2859
10.4412
10.2345
10.3946
10.4421
10.5408
10.3171
10.0565
10.2611
10.1307
10.1619
10.1093
10.3377
10.1139
10.1649
9.86628
9.9678
10.442
10.4816
10.321
10.3998
10.091
10.4535
10.3626
10.1503
10.3136
10.3031
10.2649
10.3474
10.1509
10.184
10.4568
10.0653
10.2691
10.1315
10.2104
10.2435
10.4326
9.89729
10.2427
10.4616
9.84584
9.96555
10.1358
10.1073
9.98412
10.0361
10.4711
10.2707
10.2233
10.0888
10.3134
10.0316
10.3452
10.1433
10.0578
10.234
10.3177
10.457
10.2445
10.3181
10.2296
10.1126
10.3907
10.3752
10.3128
10.4159
10.108
10.1633
10.2452
10.2126
9.98059
10.3261
10.2354
10.2014
10.2582
9.93034
10.214
10.3205
10.1958
10.1989
10.1467
10.3844
10.1072
10.0432
10.3962
10.3086
10.4184
9.9736
10.6603
10.3745
10.2175
10.4762
10.353
10.3118
10.1858
10.25
10.2602
10.1537
10.1894
10.4773
10.0878
9.95706
10.0899
10.2766
10.3097
10.4288
10.2716
10.2837
10.1631
9.85252
10.2419
10.2875
10.1497
10.0933
10.4047
10.274
10.227
10.1661
10.3186
10.0775
10.5183
10.179
10.5462
10.3347
10.2106
10.0689
10.2353
10.2469
10.1824
10.1575
10.2572
10.4699
10.5274
10.1443
10.0924
10.5589
10.303
10.2105
10.1577
10.3119
10.2072
10.1726
10.3094
10.3255
10.3849
10.0432
10.1281
10.1402
10.2592
10.168
10.2217
10.3138
10.2716
10.2593
10.634
10.3224
10.0236
10.1055
10.3806
10.3147
10.2275
10.2334
10.0792
9.89694
10.3223
10.2377
10.339
10.2477
10.2186
10.421
10.3096
10.3348
10.3661
10.3933
10.475
10.4094
10.5049
10.5748
10.1666
10.3578
10.3086
10.3079
10.0892
10.189
10.0138
10.1144
10.1736
10.1387
10.284
10.1359
10.1298
10.0895
10.2098
10.1643
10.3297
10.3041
10.2832
10.2105
10.0507
10.3325
10.2895
10.4277
10.1748
10.0156
10.2287
10.3073
10.3874
10.3777
10.364
10.3137
10.2017
10.1816
10.2296
10.3034
10.1774
10.0366
10.1217
10.354
10.3586
10.025
10.403
10.4373
10.2593
10.2712
10.1643
10.1435
10.0698
10.2537
10.1356
10.368
10.0966
10.255
10.3228
10.1043
10.2484
10.2487
10.1121
10.2218
10.1105
10.2398
10.3241
10.0031
10.476
10.531
10.3057
10.4328
10.2075
10.2228
10.1087
10.1343
10.154
10.272
10.1111
10.2174
10.2135
10.1512
10.0278
10.15
10.2858
10.2652
10.2761
10.2551
10.1775
10.3229
10.3212
10.2384
10.0554
10.2699
10.5015
10.1194
10.1929
9.97311
10.1269
10.149
10.2649
10.041
10.1331
10.2918
10.3204
10.4242
10.3019
10.3658
10.361
10.0304
10.3836
10.2115
10.4496
10.2962
10.2856
10.3241
10.3213
10.0412
10.3682
10.1316
10.1442
9.95252
10.2859
10.3738
10.385
10.2085
10.1432
10.0833
10.0579
10.2197
10.28
10.4032
10.2368
10.2037
10.4229
10.1553
10.1428
10.2154
10.1748
10.4921
10.0943
10.0875
10.2898
10.312
10.2661
10.3362
10.1588
10.1715
10.4144
10.1884
10.2017
10.2409
10.2753
10.1263
10.3407
10.3293
10.3836
10.5371
10.2425
10.2742
10.1939
10.2464
10.4362
10.5624
10.0974
10.2932
10.2524
10.1808
10.1566
10.607
10.104
10.0986
10.2199
10.0978
10.4861
10.1694
10.2868
10.3038
10.2176
10.3238
10.3009
10.2841
10.4476
10.1812
10.2748
10.0962
10.0365
10.2545
10.4715
10.3608
10.1946
10.1781
10.1351
10.0838
9.97346
10.1883
10.3447
10.1822
10.1737
10.0702
10.1799
10.2227
10.2177
10.3578
9.97246
10.2386
10.1587
10.1276
10.4434
10.3966
10.165
10.4715
10.4572
10.1513
10.3412
10.1461
10.269
10.153
10.3259
10.1372
10.221
10.3547
10.1477
10.211
10.2466
10.0765
10.1245
10.0171
10.3387
10.3648
10.2918
10.3996
10.2817
10.3996
10.2164
10.333
10.2939
10.0755
10.2579
10.336
10.1123
9.98309
10.2653
10.3352
10.1796
10.5223
10.1069
10.1711
10.488
10.2799
10.1248
10.3799
10.2238
10.0625
10.3042
10.304
10.0967
10.0136
9.97219
10.4813
10.205
10.232
10.2054
10.3354
10.5838
10.3019
10.2178
10.2198
10.2441
10.3195
10.1558
10.0751
10.231
10.1259
10.3631
10.3543
9.94513
10.0037
10.1487
10.0747
10.2273
10.0931
10.0814
10.1115
10.1219
10.4199
10.2475
10.1437
10.1424
10.0818
10.1824
9.97509
10.3942
10.5612
10.1576
10.2682
10.4307
10.2299
9.99843
10.1597
10.3489
10.0585
10.3907
10.1863
10.5886
10.3508
10.224
10.3455
10.0875
10.3641
9.99763
10.2706
10.2219
10.3212
10.3875
10.0917
10.3322
10.3674
10.2366
10.0771
10.2689
10.0286
10.2813
10.1914
10.4509
10.3012
10.2545
10.2546
10.0594
10.3336
10.3645
10.3366
10.1542
10.3072
10.1316
10.1553
10.2716
10.0613
9.96181
10.3467
10.4622
10.2952
10.3423
10.258
10.1355
10.3425
10.1071
10.3332
10.0278
10.2151
10.0144
10.3296
10.5028
10.3804
10.2562
10.339
10.3957
10.0963
10.3596
10.0522
10.4618
10.3171
10.3837
10.1766
10.2827
9.82577
10.2905
10.059
10.093
10.1066
10.1204
10.2156
10.4961
10.3731
10.473
10.244
10.229
9.92246
10.3044
10.1241
10.0795
10.0001
10.1666
10.3111
10.2524
10.3507
10.0709
10.4003
10.1776
10.1848
10.2772
10.426
10.1333
10.1279
10.1774
10.4592
10.0089
10.2675
10.1629
10.2873
10.3383
10.2838
10.199
10.2621
10.2289
10.4474
10.3546
10.3709
10.2084
10.2455
10.364
10.4473
10.3576
10.271
9.87973
10.4167
10.3357
10.3204
10.1536
10.2156
10.19
10.3186
10.2525
10.3038
10.2099
10.3159
10.3183
10.1096
10.4992
10.3977
10.2835
10.2718
10.2931
10.4153
10.2819
10.1437
10.3033
10.1212
10.1054
10.314
10.327
10.3614
10.3081
10.1709
10.4272
10.3433
10.1342
10.1565
10.338
10.1574
9.96326
10.313
10.3163
10.4205
10.1459
10.2596
10.0626
10.0807
10.3639
10.2822
10.1274
10.4489
10.2609
10.3137
10.2646
10.4465
10.2777
10.2821
10.0348
10.5624
10.0752
10.2178
10.3993
10.4668
10.2114
10.1955
10.1621
10.2663
10.2368
10.1449
10.1705
10.3127
10.1101
10.202
10.0605
10.2463
10.4572
10.1463
10.238
10.4391
10.3154
10.2963
10.2284
10.1577
10.1372
10.1907
10.1624
10.2062
10.2008
10.4241
10.3257
10.2439
10.0823
10.3325
10.3307
10.0401
10.2127
10.2961
10.3243
10.3116
10.2106
10.4095
10.5006
9.98834
10.1238
9.91004
10.2184
10.1656
10.2998
10.0668
10.2648
10.2699
10.224
10.263
10.2425
10.2551
10.0917
10.0893
10.5443
10.3672
10.0412
10.4261
10.2702
10.3217
10.1459
10.0885
10.1447
10.3129
10.1288
10.3828
10.4101
10.1498
10.3855
10.2536
10.0304
9.99702
10.3048
10.2334
10.2858
10.364
10.2003
10.3793
10.096
10.0559
10.3909
10.3733
10.1314
9.9634
10.2476
10.3947
10.4466
10.0344
10.1362
10.5128
10.0538
10.1573
10.4388
10.2535
10.4315
10.2125
10.4053
10.1314
10.3203
10.0962
10.1648
10.1353
10.3553
10.0602
9.99607
10.1933
10.2942
10.2459
9.89731
10.3676
10.2777
10.3499
10.1613
10.0618
9.99477
10.2868
9.95975
10.408
10.2146
10.0651
10.4304
10.1388
10.1712
10.3017
10.0778
10.1201
10.2164
10.3396
10.0063
10.2481
10.2952
10.349
10.1959
9.98197
10.1575
10.2529
10.2177
10.3138
10.4502
10.2765
10.1317
10.1599
10.4165
10.2887
10.1428
10.2366
10.2359
10.1346
10.1319
10.3364
10.4885
10.4484
10.2272
10.2616
10.042
10.1995
10.3352
10.269
10.0716
10.3055
10.1738
10.2691
10.1835
10.3112
9.91605
10.2711
10.0247
10.2189
10.1757
10.3388
10.2965
10.174
10.2259
10.2384
10.3765
10.1674
10.3351
10.0282
10.192
9.99819
10.4174
10.1623
10.3995
10.1318
10.0484
10.1916
10.4468
10.6224
10.1847
10.467
10.0611
10.0604
10.2165
9.90143
9.96631
10.2308
10.0578
10.3823
10.1826
10.4003
10.0802
10.3144
10.1411
10.0807
10.1121
10.1859
10.3069
10.4481
10.2158
10.2268
10.1808
10.1986
10.2989
10.165
10.1229
10.1402
10.5024
10.2144
10.166
10.2355
10.244
10.0932
10.2299
10.1071
10.1473
10.2376
10.1401
10.3653
10.2021
10.3465
10.2959
10.3565
10.1881
10.2911
10.2426
9.98551
10.4245
10.0536
10.1474
10.2233
10.2983
10.2253
10.2874
10.1038
10.1091
10.2021
10.0504
10.0422
10.1544
10.1215
10.0215
10.2135
10.2092
10.1566
10.2507
10.4917
10.1386
10.2112
10.1781
10.1826
9.96371
10.5012
10.2281
10.3195
10.2124
10.1271
10.4053
10.2651
10.1579
10.1814
10.2629
10.3134
9.94339
10.2548
10.2399
10.1983
10.3017
10.3086
10.0578
10.3299
10.0711
10.1627
10.357
10.2445
10.1893
10.344
10.2733
10.1325
10.2521
10.1591
10.2621
10.3248
10.3717
10.0318
10.08
10.2154
10.1293
10.3202
10.1147
10.1753
10.2137
10.3493
10.3607
10.2302
10.4186
10.2186
10.135
10.0342
10.331
9.97899
10.0902
10.0288
10.1218
10.3198
10.1994
10.4066
10.1159
10.045
10.3162
10.3828
10.6659
10.0109
10.0948
10.1941
10.3987
10.1194
10.2418
10.1161
10.2666
10.1785
10.174
10.4077
10.413
10.4873
10.167
10.2138
10.1893
10.0543
9.99059
10.2272
10.4246
10.544
10.2169
10.1433
10.2427
10.2909
10.0406
10.0684
10.2263
10.4408
10.317
10.3126
10.0988
10.4689
10.3057
10.164
10.2383
10.0873
10.2667
10.2945
10.0687
10.136
10.3089
10.1543
9.98482
10.4486
10.3624
10.1821
10.0919
10.3435
10.288
10.0225
10.2214
10.0291
10.1791
10.7163
10.1171
10.1071
10.1192
10.3763
10.1366
10.2273
10.3108
10.2272
10.382
9.97501
10.0343
10.1012
10.2009
10.1837
10.2592
10.0307
10.2209
10.3581
10.2813
10.1429
10.4375
10.2011
10.2245
10.1999
10.4301
10.2317
10.4566
10.1747
10.0047
10.2295
10.234
10.2001
10.0788
10.0723
10.3077
10.3616
10.133
10.053
10.4297
10.4369
10.3232
10.3146
10.2479
10.3494
10.5057
10.3989
10.1943
10.1522
10.2669
10.2508
10.2209
10.0755
10.2691
9.96732
10.387
10.5113
10.2813
10.1466
10.4041
10.2815
10.1533
10.3468
10.1236
10.4959
10.1588
10.4876
10.2394
10.2067
10.1027
10.4156
10.2257
10.1427
10.0726
10.3116
10.3433
10.6404
10.1501
10.1232
9.98115
10.2546
10.3665
10.2819
10.4744
10.3529
10.1553
10.3892
10.1094
10.3629
10.2171
10.0448
10.3868
10.1998
9.93527
10.1802
10.2289
10.2336
10.309
10.1446
10.3247
10.4831
10.525
10.1147
10.3583
10.4964
10.1205
10.1739
10.1911
10.467
10.1672
10.3716
10.1712
10.2601
10.4626
9.91495
10.2696
10.243
10.3436
10.2452
10.1918
10.1577
10.3582
10.4052
10.3788
10.0752
10.3097
10.3661
10.2221
10.4188
10.0944
10.2961
10.2916
10.2759
10.2816
10.2854
10.3324
10.4417
10.2075
10.3359
10.352
10.1759
10.2947
10.2308
10.122
10.3878
10.2415
10.1283
10.2976
10.2358
10.1583
10.2494
10.2699
10.2135
10.1887
10.6251
10.2393
10.5318
10.1474
10.2525
10.2389
10.3259
10.3704
10.405
9.90502
10.325
10.2962
10.2094
10.0499
10.3254
10.1635
10.2808
10.0978
10.0454
10.1506
10.3237
10.1947
10.2794
10.2299
10.2579
10.095
10.4067
10.1731
10.3364
10.3476
10.288
10.2606
10.4556
10.275
10.3643
10.1935
10.3371
10.4393
10.0494
10.0417
10.3128
10.4971
10.321
10.4926
10.067
10.2025
10.1963
10.3131
10.4608
10.2751
10.3986
10.231
10.1483
10.173
10.305
10.1355
10.3452
10.2459
10.3051
10.2923
10.1705
10.3641
10.0198
10.057
10.2721
10.2377
10.1417
10.3302
10.2883
10.3697
10.1313
10.3423
10.0938
9.94717
10.1977
10.4883
10.344
10.0617
10.3163
10.0575
10.3127
10.3744
10.3436
10.0988
10.2958
10.3743
10.3507
10.0286
10.3271
10.0435
10.3664
10.3666
10.3334
10.2208
10.4733
10.3306
10.2947
10.3042
10.1972
10.3709
10.1763
10.3771
10.5424
10.1728
10.1451
10.3954
10.3524
10.4595
10.1873
10.2074
10.1591
10.3387
10.3436
10.0107
10.4916
10.4757
10.1883
10.2434
10.4147
10.1223
10.1752
10.187
10.327
10.2842
10.3281
10.2633
10.149
10.3175
10.1732
10.1443
10.2416
10.2324
10.1663
10.3355
10.1766
10.3363
10.2282
10.2551
10.1956
10.347
10.384
10.3044
10.5283
10.4463
10.2427
10.27
10.3886
10.1237
10.2079
10.0867
10.0548
10.4404
10.3631
10.1584
10.2865
10.1363
10.1519
10.4198
10.2227
10.0369
10.1102
10.2913
10.1072
10.4755
10.0589
10.1325
10.2067
10.275
10.1233
10.2079
10.2521
10.1942
10.2049
10.4413
10.3462
10.4994
10.223
10.1103
10.3586
10.3516
10.3644
10.2761
10.469
10.1166
10.2599
10.2987
10.2342
10.4097
10.1009
10.294
10.134
10.2671
10.2353
10.253
10.2451
10.2818
10.3705
10.4619
10.0585
10.3723
10.3933
10.1426
10.2622
10.2449
10.3076
10.3535
10.2173
10.2855
10.2255
10.1816
10.5355
10.2052
10.2863
9.9131
10.0299
10.2768
10.1031
10.5439
10.2219
10.1236
10.3809
10.2682
10.3049
10.5443
10.0067
10.3215
10.2037
10.4997
10.0015
10.0189
10.2879
10.2812
10.102
10.2752
10.2229
10.0707
10.066
10.2471
10.4155
10.1546
10.505
10.318
10.2124
10.0352
10.2915
10.4526
10.3179
10.2831
10.4327
10.2756
10.2507
10.4184
10.2569
10.1782
10.5732
10.2794
10.0379
10.1403
10.2401
10.1769
10.1289
10.6494
10.0641
10.4544
10.2219
10.2232
10.4092
10.251
10.3308
10.4222
10.0558
10.4614
10.2572
10.2631
10.2828
10.2856
10.2695
10.3468
10.249
10.3116
10.3778
10.1696
10.2488
10.3494
10.3103
10.4506
10.0265
10.2947
10.2056
9.98351
10.3225
10.1652
10.3149
10.0251
10.0353
10.2178
10.1533
10.1611
10.1922
10.51
10.0478
10.2983
10.3485
10.26
10.2447
10.3227
10.4061
10.2972
10.0066
10.3719
10.2053
10.0422
10.2297
10.2259
10.1078
10.1247
10.3527
9.92261
9.88819
10.4803
10.1877
10.1349
10.3047
10.1381
10.2122
10.0668
10.0191
10.1668
10.0387
10.214
10.3125
10.2405
10.1991
10.6297
10.2417
10.2955
10.2819
10.2386
10.0292
10.2087
10.4382
10.051
10.1754
10.0538
10.1766
10.4389
10.1285
10.1376
10.1806
10.2042
10.0994
10.1693
10.0726
10.3277
10.1506
10.1745
10.5056
10.3344
10.2881
10.4168
10.1226
10.5093
9.94889
10.4153
10.151
10.1872
10.1085
10.3228
10.4405
10.1838
10.1509
10.2742
10.4143
10.2299
10.2018
10.1917
10.4545
10.1415
10.1719
10.2457
10.4122
10.4442
10.1651
10.2898
10.1042
10.3042
10.3622
10.0542
10.0824
10.0921
10.316
10.1547
10.1851
10.2277
10.4319
10.1281
10.4694
10.2429
10.185
10.4801
10.4294
10.361
10.3251
10.3222
10.3819
10.2624
10.1537
10.2478
10.1636
10.4859
9.94065
10.0603
10.3148
10.1254
10.1986
10.3039
10.4537
10.3548
10.2203
10.1994
10.3636
10.116
10.5556
10.4699
10.2635
10.1539
10.1958
9.97817
10.2784
10.2729
10.0174
10.087
10.2921
10.1792
10.2076
9.9589
10.4757
10.3159
10.0704
10.1205
10.2489
9.77761
10.4198
10.2711
10.2833
10.3164
10.2306
10.3586
10.276
10.2978
10.47
10.3494
10.2686
10.327
10.0906
10.2837
10.2237
10.2822
10.5722
10.3224
9.95309
10.2843
10.2165
10.1287
10.3163
10.3495
10.1641
10.4914
10.0919
10.1104
10.1366
10.2871
10.0738
10.1676
10.3834
10.1429
10.292
10.3231
10.222
10.1887
9.94433
9.91517
10.1691
10.2369
10.1954
10.2451
10.2131
10.2456
10.0865
10.2576
10.0535
10.2177
10.0245
10.0915
10.0655
10.1182
10.1517
10.0229
10.4249
10.4247
10.2418
10.3463
10.0697
10.2771
10.1192
10.4338
10.3646
10.0408
10.358
10.5205
10.3494
10.2717
10.2112
10.2709
10.1979
10.052
10.16
10.0461
10.3815
10.3719
10.1945
10.0952
10.3844
10.1705
10.0912
10.2275
10.5243
10.2651
9.9476
10.1735
10.2245
10.2025
10.2576
10.1893
10.1247
10.0644
10.199
10.4016
10.13
10.3828
10.2048
10.0246
10.2107
10.3089
10.2259
10.1672
10.2317
10.2937
10.317
10.1697
10.3186
10.1862
10.0828
10.2485
10.491
10.2328
10.1866
10.0717
10.0955
10.3443
10.2647
10.3802
10.2014
10.174
10.2268
10.2398
10.2731
10.5074
10.1062
10.307
10.2322
10.2727
10.0419
10.0846
10.3858
9.89012
10.2118
10.1367
10.5199
10.2116
10.3055
10.2772
10.2416
10.1553
9.96526
10.3139
10.1915
10.3703
10.428
10.2635
10.3081
10.3244
10.3296
10.2163
10.339
10.1572
10.3772
10.0408
10.4847
9.93637
10.2638
10.1622
10.3673
10.2097
10.3073
10.1108
10.2979
10.2585
10.0337
10.3595
10.4457
10.2596
10.1668
10.2853
10.2533
10.06
10.1716
10.1308
10.3468
10.4197
10.3875
10.2056
10.0814
10.3274
10.3805
10.25
10.0956
10.2401
10.5011
10.253
10.3348
10.1203
10.6322
10.5744
10.198
10.0374
10.3073
10.3144
10.1942
10.2988
10.279
10.1822
10.2316
10.5229
10.3482
10.1255
10.5078
10.0764
10.055
10.2094
10.3134
10.2309
10.0407
10.1153
10.2653
10.2257
10.4367
10.0861
10.344
10.382
10.1066
10.284
9.99275
10.1221
10.0114
10.2694
10.3162
10.3265
10.2045
10.2765
10.3364
10.125
10.3178
10.2114
10.3026
10.2955
10.3475
10.0292
10.2575
10.2213
10.0894
10.2753
10.1422
10.0974
10.1439
10.1365
9.95586
10.3695
10.1664
10.275
10.2311
9.95645
10.2764
10.1524
10.3126
10.1734
10.0267
10.4042
10.1988
10.2519
10.2088
10.1824
10.3958
10.3234
10.2607
10.4284
10.4227
10.2811
10.4378
10.1958
10.2749
10.3136
10.2549
10.3936
10.1105
10.0709
10.2799
10.23
10.3362
10.2409
10.394
10.1616
10.3115
10.3677
10.208
10.2119
10.0338
10.6091
10.2151
10.1269
10.3787
10.1533
10.2367
10.2675
10.2597
10.2059
10.4039
10.3211
10.2049
9.93219
10.1058
10.1195
10.2799
10.3101
10.3702
10.1466
9.96578
10.3763
10.3732
10.248
9.99318
10.3507
10.2446
10.154
10.0297
10.0371
10.2209
10.189
10.2032
10.332
9.9056
10.3923
10.3702
10.2578
10.0425
10.2838
10.0802
10.2071
9.99203
10.1124
10.1957
10.2317
10.0227
10.2935
10.2988
9.88541
10.057
10.0082
10.3466
10.2699
10.2425
10.2439
10.4481
10.1159
10.1912
10.3674
10.2322
10.3015
10.2543
10.2402
10.3349
10.021
10.2125
10.3169
10.0487
9.96853
10.0843
10.2581
10.1541
10.362
10.2046
10.0464
10.3186
10.3861
10.3038
10.0202
10.2451
10.1314
10.4137
10.0861
10.2867
10.3119
10.2355
10.3599
10.1421
10.2597
10.2217
10.4427
10.219
10.2407
10.3569
10.3974
10.3676
10.4121
10.2494
9.97085
10.077
10.4627
10.064
10.1842
10.3139
10.0141
10.0038
10.1642
10.2865
10.2472
10.6139
10.3486
10.3893
10.2607
10.4353
10.2271
10.2115
10.1166
10.2476
10.3269
10.1089
10.4657
10.2135
10.1172
10.35
10.2399
10.0332
10.2671
10.3707
10.3832
10.0501
10.0059
10.1093
10.307
10.1725
9.99648
10.2919
10.4081
10.2618
10.1933
10.1028
10.3215
10.3214
10.3703
10.2301
10.3607
10.127
10.025
10.2903
10.0234
10.3059
10.0874
10.3127
10.4035
10.3907
10.3632
10.5031
10.3005
10.2492
10.3094
10.2889
10.1033
10.2563
10.311
10.2778
10.1785
10.2033
10.1764
10.1182
10.3689
10.3325
10.2148
10.2497
10.3437
10.1791
10.107
10.1781
10.2991
10.3485
10.418
10.3122
10.4058
10.2998
10.4785
10.4356
10.1438
10.2214
10.0573
10.2138
10.2439
10.2221
10.255
10.323
10.1513
10.2837
10.4325
9.98596
10.182
10.2814
10.1273
10.3165
10.3423
10.2675
10.2582
10.2757
10.3449
10.2023
10.1529
9.95447
10.1727
10.2477
10.4041
10.2047
10.2316
10.2863
9.96243
10.4073
10.1321
10.0748
10.3778
10.1938
10.3077
10.3127
10.3864
10.231
10.1543
10.1904
10.242
10.4715
10.3426
10.0128
10.2427
10.3322
10.3706
9.99051
10.2696
10.1352
10.1493
10.6117
10.6556
10.3142
10.1478
10.1646
10.2006
10.3226
10.1624
10.4122
10.4013
10.3693
10.1256
10.0656
10.1852
10.1354
10.1549
10.1866
10.1707
10.3621
10.2095
10.1474
10.3644
10.3928
10.3509
10.2356
10.1496
10.2113
10.2079
10.0343
10.3333
10.1174
10.2402
10.3309
10.1129
10.2022
10.1556
10.3623
10.2544
10.4222
10.0433
10.391
10.0528
10.2216
10.4526
10.2594
10.1935
10.3931
10.3525
10.3941
10.1458
10.2988
10.222
10.317
10.3112
10.2132
10.1612
10.2626
10.4696
10.4294
10.6254
10.2824
10.3538
10.231
10.2846
10.1325
10.3221
10.0963
10.277
10.4454
10.0834
10.3514
10.054
10.2272
10.2751
10.3083
10.4222
10.3133
9.89556
10.0809
10.1641
10.1085
10.2837
10.0249
10.3541
10.0255
10.3152
10.1531
10.2287
10.5545
10.1012
10.2045
10.1681
10.1694
10.2841
10.1762
10.2255
10.3085
10.3161
10.0155
10.3692
10.3527
10.4715
10.2001
10.286
10.1958
10.3514
10.2172
9.98556
10.2706
10.324
10.1776
10.3014
10.2181
10.2754
10.0713
10.2798
9.9898
10.053
10.362
10.3222
10.2038
10.0736
9.97792
10.2571
10.2412
10.1759
10.4077
10.0906
10.1796
10.3871
10.3702
10.1127
10.2504
10.2708
10.2662
10.1354
10.065
10.1198
10.2102
10.2003
10.1896
10.3829
10.4712
10.276
10.2684
10.0865
10.2395
10.4069
10.3767
10.206
10.2971
10.1452
10.3287
10.3367
10.1831
10.2673
10.3165
10.1371
10.0311
10.3496
10.2837
10.2299
10.3207
10.3091
10.3392
10.0534
10.0756
10.1376
10.285
10.1133
10.2969
10.0144
10.0884
10.1302
10.3291
10.4985
10.2813
10.1901
10.1736
10.107
10.3316
10.2602
10.3424
10.0799
10.3649
10.0321
10.1539
10.1462
10.4414
10.3515
10.442
10.1217
10.1771
10.3917
10.1929
10.5401
10.1931
10.4896
10.2133
9.98208
10.0281
10.1551
10.2129
10.3359
10.0513
10.2673
10.3948
10.1166
10.0878
10.4259
10.2608
10.1855
10.0729
10.1841
10.1931
10.1372
10.1736
10.1032
10.1833
10.1077
10.0219
10.2772
10.3548
10.5076
10.1933
10.0965
10.098
10.2014
10.3736
10.184
10.2888
10.3765
10.162
10.1693
10.0522
10.2104
10.0915
10.2999
10.3788
10.3009
10.5976
10.2491
10.0442
10.3221
10.1128
10.2512
10.1683
10.3208
10.1751
10.2118
10.1998
9.97239
10.4306
10.2263
10.4605
10.3383
10.2529
10.2746
10.4213
10.3508
10.1109
10.3439
10.018
10.0809
10.5543
10.4297
10.4367
10.1487
10.0777
10.1166
10.1174
10.1237
10.149
10.3121
10.3744
10.4172
10.1927
10.145
10.5625
10.1346
10.1055
10.2085
10.1903
10.1835
10.0923
10.3447
10.4232
10.1785
10.1992
10.2778
10.3044
10.2514
10.3008
10.2242
10.3485
10.1926
10.2177
10.2322
10.2983
10.1252
10.3768
10.3497
10.3783
10.1162
10.2674
10.2973
10.2214
10.1395
10.0692
10.3997
10.0658
10.0753
10.2741
10.3286
10.3517
10.1405
10.4236
10.3166
10.0353
10.2276
10.3105
10.3188
10.1322
10.1676
10.1364
10.2294
10.2727
10.1983
10.1006
9.995
10.1677
10.3459
10.2707
10.052
10.1295
10.0288
10.4944
10.4633
10.3421
10.294
10.3594
10.1867
10.1413
10.1572
10.1545
10.1455
9.93558
10.0996
10.2855
10.0051
10.3134
10.2611
9.95374
10.3514
10.1818
10.0291
10.2634
10.2622
10.1418
10.0583
10.1883
10.1526
10.5742
10.3507
10.2213
10.1044
10.1273
10.035
10.0273
10.404
10.1027
10.2303
10.2858
10.1921
10.1511
10.2702
10.1818
10.3709
10.0748
10.4102
10.1484
10.2193
10.2816
10.194
10.1277
10.4299
10.2949
10.049
10.344
10.3734
10.1773
10.0092
10.6149
10.1953
10.1342
10.0921
10.2902
10.463
10.15
10.3334
10.4111
10.1412
10.1747
10.1431
10.1392
10.0783
10.077
10.1965
10.3359
10.1142
9.98529
10.3282
10.3207
10.1318
10.1473
10.1274
10.2056
10.1398
10.374
10.1552
10.317
10.3214
10.2376
10.0891
10.3084
10.2468
10.2439
9.99292
10.389
10.2096
10.0898
10.0787
10.2002
10.531
10.468
10.3881
10.2483
10.0211
10.1091
10.2764
10.1554
10.3369
10.1775
10.3786
10.3179
9.9151
10.2104
10.3813
10.2951
10.3531
10.1678
9.97302
9.98659
10.3867
10.0794
10.0815
10.1944
10.3195
10.3156
10.3352
10.0967
10.23
10.1758
10.2488
10.2415
9.94491
10.2337
10.2969
10.096
10.3107
10.3854
10.3355
10.1881
10.2096
10.187
9.99625
10.297
10.3211
10.3785
10.4399
10.2075
10.1049
10.2083
10.192
9.97471
10.3707
10.3532
10.3048
10.4705
10.1526
10.2906
10.2253
10.11
10.3331
10.1063
10.173
10.2019
10.4524
10.2206
10.1937
10.3013
10.1217
10.191
10.1647
10.4798
10.2962
10.2113
10.1456
10.1734
10.1322
10.397
10.3492
10.3709
10.2232
10.3685
10.1503
10.254
10.1994
10.0151
10.2396
10.1075
10.3049
10.214
10.2067
10.1907
10.1654
10.1453
10.2113
10.2911
10.011
10.2682
10.1479
10.0448
10.2857
10.2344
10.4013
10.0777
10.1804
10.3498
10.1129
10.2341
10.2397
10.2096
10.321
10.2562
10.0364
10.125
10.1456
10.0339
10.1009
10.5066
10.0867
10.2147
10.3701
10.4119
10.0563
10.212
10.1053
10.2008
10.0816
10.1857
10.2685
10.347
10.3026
10.406
10.2026
10.0178
10.2461
10.5623
10.2878
10.0278
10.1557
10.4135
10.2627
10.3466
10.2378
10.3508
10.3668
10.136
10.1588
10.0933
10.0458
10.4448
10.2349
10.1304
10.4432
10.1743
10.1639
10.2526
10.2922
10.2069
10.2488
10.0997
10.3015
10.2967
10.4124
10.045
10.1942
10.3222
10.2511
10.1876
10.2782
10.1728
10.2511
10.4626
10.1609
9.97285
10.1035
10.1947
10.4158
10.1447
10.1422
10.3494
10.0521
10.1927
10.296
10.2717
10.1955
10.5372
10.3946
10.3198
10.2265
10.3894
10.475
10.4841
10.1898
10.3711
10.1985
10.3327
10.2679
10.2231
10.2412
10.1983
10.4405
10.2574
10.083
10.3299
10.2963
10.29
10.1113
10.3279
10.2585
10.3062
10.1458
9.92495
10.3983
10.23
10.4765
10.2417
10.3646
10.2212
10.1661
10.2562
10.2545
10.3116
10.3773
10.0695
10.108
10.285
10.2197
10.3736
10.2887
10.3493
10.2526
10.4374
10.48
10.3535
10.1947
10.3197
10.3164
10.6008
10.5839
9.99874
10.1504
10.0992
10.3088
10.2401
10.2968
10.5842
10.0828
10.1581
10.1565
10.2091
10.2301
10.3186
10.0616
10.1679
10.3016
10.5902
10.1361
10.2589
10.2634
10.1604
10.3994
10.2927
10.2369
10.3642
10.0749
10.1693
10.3975
10.0802
10.0261
10.1898
10.3645
10.4803
10.2498
10.2928
10.2977
10.4414
10.0915
10.2555
10.152
10.4686
10.443
10.3311
10.236
9.94857
10.4599
10.0559
10.2923
10.4627
10.3601
10.076
10.2883
10.2543
10.4423
10.2267
10.4442
10.3876
10.3863
10.3566
10.2463
10.0556
10.1114
10.29
10.3509
10.4814
10.1706
10.3432
10.0825
10.3525
10.059
10.0877
10.2278
10.2454
10.5502
10.246
10.2954
10.5153
10.1
10.1687
10.1816
10.4354
10.3205
10.2503
10.4679
10.0103
10.2615
10.0797
10.0945
10.1029
10.0821
10.5631
10.3686
10.1313
10.5908
10.1513
10.4404
10.3252
10.3264
10.383
10.3497
10.1652
10.3362
10.1453
10.1927
10.0001
10.2003
10.1949
10.4274
10.3124
10.3024
10.0384
10.1483
10.2671
10.2244
10.1517
10.3663
10.2176
10.2617
10.1445
10.0796
10.2885
10.3111
10.1246
10.3534
10.1409
9.96819
9.96865
10.1751
10.2202
10.1241
10.2563
10.0912
10.316
10.1694
10.4244
10.3251
10.3466
10.3511
10.1643
10.1625
10.2314
10.3146
10.3814
10.4054
10.4302
10.2312
10.0975
10.5158
10.3703
10.4956
10.2703
10.1479
10.0661
10.3258
9.97435
10.1811
10.0723
10.2705
10.4518
10.0496
10.364
10.2541
10.1887
10.1698
10.3426
10.2854
10.1693
10.2411
10.1283
10.2769
10.2639
10.3407
10.106
10.3144
10.1564
10.3147
10.4139
10.1928
10.2581
10.1924
10.1076
9.97805
10.559
9.87361
10.263
10.3118
10.3767
10.1544
10.3626
10.1628
10.1149
10.1789
10.1646
10.0753
10.1181
10.202
10.3912
10.1816
10.4316
10.3628
10.2075
10.1797
10.261
10.2064
10.3893
10.2878
10.1741
10.2202
10.3307
10.1341
10.1859
10.3254
10.4822
9.97736
10.1505
10.4313
10.3453
10.5408
10.4804
10.1885
10.1097
10.5035
10.361
10.4931
10.233
10.1653
10.4722
10.3941
10.1919
10.2772
9.96704
10.1755
10.5078
10.2649
10.2269
10.5914
10.3559
10.2527
10.3501
10.249
10.2166
10.3377
10.1531
10.1794
9.9634
10.2974
10.2682
10.1843
10.0645
10.1502
10.3481
10.4124
10.0892
10.163
10.2265
10.0718
10.4367
10.2494
10.355
10.1049
10.2627
10.3439
10.3055
10.0802
10.1924
10.1943
10.4244
10.2081
10.0824
10.1356
10.1688
10.1453
10.3473
10.3937
10.2804
10.2609
10.1447
10.0872
10.2475
10.2071
10.2843
10.0352
10.1382
10.3202
10.0892
10.3034
10.277
10.208
10.1419
10.2959
10.1906
10.1777
10.303
10.1121
10.3363
10.4467
10.3664
10.2721
10.2988
10.3254
10.1251
10.1631
10.1302
10.2893
10.3718
10.1751
10.4239
10.3748
10.3165
10.1604
10.2317
10.2865
10.283
10.0949
10.1845
10.141
10.225
10.2655
10.453
10.1424
10.1657
10.1306
10.274
10.1731
10.3586
10.1798
10.2331
10.2177
10.113
10.2402
10.295
10.0831
10.2592
10.1796
10.4136
10.2856
10.314
10.3535
10.1532
10.154
10.1953
10.1616
10.1947
10.2229
10.2916
10.2522
10.294
10.1478
10.0302
10.1644
10.1184
10.2116
10.1634
10.4964
10.2918
10.2115
10.3484
10.1498
10.0409
9.98445
10.3168
10.4252
10.0721
10.2527
10.1134
10.4227
10.3934
10.0693
10.294
10.3658
10.2076
10.2589
10.0749
10.4559
10.1397
10.3233
10.4727
10.2983
10.4984
10.2578
10.1727
10.2694
10.1608
10.455
9.88167
10.1836
10.4256
10.37
10.1509
10.182
10.2893
10.2816
10.293
10.0842
10.2726
10.2301
10.3731
10.0596
10.1755
10.2757
10.1593
10.1172
9.97934
10.0753
10.1366
10.2334
9.98778
10.3022
10.2464
10.4185
10.1843
10.3477
10.3239
10.3434
10.3778
10.2433
9.98291
10.4789
10.1294
10.2812
10.051
10.236
10.1497
10.3156
9.99547
10.3879
10.1457
10.1837
10.1974
10.24
10.2835
10.4493
10.1753
10.175
10.2777
10.0545
10.3896
10.2182
10.0725
10.2299
10.3745
10.2345
10.3276
10.1678
10.1433
10.223
10.2269
10.2977
10.1236
10.2015
10.1262
10.2652
10.3865
10.194
10.504
10.1779
10.1559
10.3443
10.1743
10.3726
10.1159
10.5027
10.3896
10.1791
10.1735
10.3098
10.2147
10.0927
10.2506
10.3446
10.2754
10.1919
10.4435
10.285
10.1631
10.2033
10.2805
10.3125
10.0625
9.99493
10.0591
10.26
10.227
10.4103
10.2479
10.2224
10.5311
10.2265
10.1728
10.2924
10.2699
10.245
10.3153
10.0649
10.2201
10.4129
10.2892
10.1416
10.1902
10.1488
10.1298
10.1746
10.5104
10.1363
10.1464
9.98765
10.2972
10.1053
10.3895
10.0749
10.0985
10.2212
10.2328
10.2611
9.98811
10.4027
10.0285
10.0282
10.2784
10.247
10.0623
10.3441
10.2529
10.2649
10.4201
10.3905
10.4724
10.1951
10.4011
9.98992
10.1279
10.0797
10.1783
10.4055
10.4818
10.3502
10.2803
10.3037
10.233
10.2611
10.3778
10.1825
10.0796
10.3768
10.2096
10.2441
9.95442
10.1564
10.2779
10.3317
10.1844
10.4328
10.1278
10.4957
10.2598
10.2195
10.1772
10.2696
10.3908
10.3398
10.0648
10.3558
10.4101
10.026
10.3084
10.2562
10.4821
10.295
10.1163
10.3354
10.407
10.3985
10.1632
10.4207
10.1087
10.5327
10.3956
10.1604
10.0508
10.2909
10.1538
10.3817
10.3109
10.2385
10.2319
10.2833
10.0236
10.3929
10.2192
10.5735
10.3329
10.3108
10.1575
10.279
10.1945
10.3605
10.1619
10.1124
10.2186
10.2074
10.0695
10.1381
10.2649
10.114
10.2279
10.2159
10.1167
10.0765
10.3422
10.3744
10.4192
10.143
10.3031
10.1418
10.1166
10.3858
10.1995
10.1632
10.3746
10.2147
10.1999
10.2733
10.2519
10.6483
10.2618
10.3262
10.1603
10.3504
9.98366
10.2046
10.364
10.1856
10.4465
10.1801
10.1457
10.1617
10.2865
10.1908
10.3787
10.2575
10.2231
10.1011
10.3804
10.0395
10.3818
10.2455
10.1236
10.1272
10.5702
10.2301
10.1224
10.2104
10.2188
10.2609
10.0837
10.0555
10.3899
10.3081
10.1728
10.0765
10.1834
10.3662
10.4296
10.4281
10.0565
10.1608
10.3805
10.4651
10.1589
10.0833
10.2781
10.4017
10.2887
10.1362
10.1616
10.1891
10.2098
10.2395
10.041
10.1427
10.3253
10.3258
10.3235
10.1024
10.2071
10.0724
10.0314
10.2214
10.2116
10.0916
10.2417
10.0677
10.4307
10.2748
10.3755
10.2617
10.3196
10.4491
10.2122
10.2164
10.2814
10.1227
10.1839
10.4818
10.1201
10.2909
10.3731
10.232
10.1777
9.93058
10.0773
10.444
10.3607
10.2857
10.2585
10.4113
10.3672
10.1822
10.4758
10.2431
10.0659
10.1984
10.2981
10.1813
10.4113
10.3496
10.1338
10.2364
10.609
10.4046
10.3717
10.3514
10.3306
10.0783
10.2444
10.248
10.2269
10.0046
10.1381
10.2967
10.0734
10.1574
10.283
10.3536
10.2941
10.3417
10.3158
9.96153
10.223
10.2548
10.3236
10.285
10.466
10.1232
10.3775
10.2619
10.5238
10.1366
10.375
10.4972
10.3563
10.0623
10.3032
10.3135
10.3755
10.2713
10.2348
10.2026
10.2617
10.1207
10.2435
10.0682
10.0329
10.2983
10.2521
10.4261
10.3764
10.1601
10.194
10.2746
10.2752
10.2648
10.4047
10.3005
10.2982
10.1996
10.2285
10.4283
10.1644
10.09
10.1222
10.2593
10.0676
10.2613
10.068
10.4572
10.1548
10.0653
10.2336
10.1727
10.3096
10.3997
10.0909
10.2672
10.0556
10.1867
10.2707
10.0221
10.1472
10.4909
10.3685
10.2788
10.175
10.2406
10.2579
10.3841
10.0021
10.188
10.4577
10.4236
10.2289
10.1544
10.2021
10.1655
10.1954
10.2147
10.2346
10.2904
10.335
10.2318
10.3471
10.4204
10.1512
10.1424
10.3671
10.2942
10.3488
10.3819
10.0666
10.2136
10.2183
10.3274
10.2889
10.5315
10.4359
10.3983
10.2451
10.0094
10.2518
10.1895
10.0348
10.3549
10.0457
10.3041
10.3172
10.3085
10.3229
10.3095
10.4456
10.2591
10.3235
10.1612
10.1864
10.039
10.1457
10.2122
10.1001
10.3203
10.5818
10.0499
10.0501
10.0901
10.2413
10.2134
10.1489
10.1576
9.97394
10.1056
10.3118
10.4703
10.161
10.0653
10.1607
10.4983
10.1477
10.2617
10.1442
10.1157
10.1406
10.2418
10.3976
10.0507
10.3348
10.5011
10.2265
10.2628
10.065
10.1495
10.1822
10.0397
10.3412
10.1545
10.3663
10.1887
9.97994
10.1766
10.1305
10.3798
10.2676
10.302
10.3958
10.2813
10.3629
10.197
10.2023
10.3624
10.3855
10.2339
10.3043
10.2598
10.2247
9.94747
10.2894
10.2721
10.2213
10.3823
10.2893
10.1359
10.1973
10.2988
10.3369
10.2571
10.1507
10.4253
10.4533
10.4043
10.2376
10.2382
10.2195
10.0862
10.4544
10.2705
10.1307
10.3766
10.2022
10.1584
10.2309
10.1198
10.2458
10.2705
10.0984
10.1081
10.1758
10.177
10.2086
10.1419
10.3928
10.3516
10.1306
10.2381
10.3416
10.1626
10.2
10.3213
10.207
10.1398
10.2582
10.2243
10.2085
10.2502
10.4378
10.2687
10.4285
10.314
10.0854
10.3332
10.4143
9.99025
10.2615
10.3591
10.2321
10.1246
10.2845
10.2151
10.1844
10.3054
10.1701
10.3902
10.3288
10.0902
10.2148
10.0676
10.2963
10.4386
10.1986
10.347
10.4392
10.2486
10.1023
10.099
10.2187
10.2159
10.2947
10.3155
10.4697
10.3144
10.2864
10.3334
10.356
10.1663
10.3212
10.1021
10.1584
10.1555
10.2915
10.3107
10.1565
10.2702
10.1251
10.0959
10.1108
10.1899
10.2774
10.27
10.593
10.0736
10.1328
10.3752
10.3695
9.9574
10.33
10.22
10.1242
10.1576
10.0592
10.251
10.1761
10.0497
10.0492
9.90599
10.0263
10.0807
10.3073
10.3889
10.2401
10.3704
10.349
10.0159
10.2514
10.1703
10.3093
10.0955
10.1668
10.1309
10.133
10.2655
10.118
10.5146
10.1806
10.3736
10.1329
10.254
10.2253
10.1728
10.1246
10.1631
10.2348
10.3253
10.2988
10.2483
10.2513
10.3471
10.373
10.4571
10.3592
10.3164
10.013
10.4539
10.3332
10.2499
10.1684
10.3956
10.1955
10.17
10.0371
10.212
10.3352
10.3759
10.1458
10.0189
10.2864
10.1092
9.99171
10.2829
10.3311
10.3977
10.3732
10.4261
10.1349
10.237
10.1193
10.0128
10.1182
10.2525
10.3605
10.1645
10.2664
10.3337
10.2851
10.3271
10.2697
10.1114
10.255
10.3739
10.2872
10.2299
10.2344
10.2468
10.1906
10.2259
10.2679
10.2837
10.2803
10.2552
10.3
10.209
10.3328
10.2894
9.84829
10.152
10.2519
10.2414
10.2539
9.95861
9.96974
10.3833
10.0122
10.0263
10.199
10.3054
10.0792
10.2296
10.2112
10.0629
10.246
10.4637
10.4054
10.1375
10.4767
10.2798
10.1787
10.0819
10.2479
10.0583
10.1687
10.0909
10.2082
10.43
10.2598
10.1037
10.2978
10.2023
10.2271
10.0522
10.2396
10.4125
10.4709
10.2401
10.1024
10.0671
10.2878
10.4711
10.3595
10.2587
10.4613
10.2182
10.56
10.0809
10.1744
10.3432
10.3707
10.3091
10.2506
10.2166
10.2662
10.3171
10.1705
10.1809
10.5048
10.3483
10.3329
10.0296
10.3601
10.0742
10.3016
10.2573
10.4454
10.0875
10.3822
9.90666
10.3037
10.38
10.1394
10.4147
10.4322
10.2278
10.5396
10.1382
10.0559
10.1897
10.4396
10.3048
10.1922
10.4288
10.3921
10.1961
10.3634
10.2781
10.4321
10.3318
10.346
10.4801
10.1179
10.0223
10.2796
10.2973
10.1392
10.4362
10.1774
10.0657
10.0905
10.2645
10.1929
10.195
10.4116
10.1773
10.064
10.1052
10.4419
10.305
10.4707
10.1728
10.0399
10.3104
10.0815
10.38
10.0356
10.3583
10.3379
10.2999
10.2541
10.3286
10.0456
9.96266
10.1431
10.2224
10.2525
10.4283
10.3461
10.5097
10.4094
10.4717
10.1854
10.2553
10.3515
10.2613
10.1522
10.2055
10.3335
10.2759
10.3553
10.432
10.2259
10.0303
10.1983
10.3953
10.1141
10.2787
10.4269
10.2018
10.2465
10.202
10.1813
10.4689
10.571
10.5002
10.2496
10.0836
10.1738
9.96268
10.1045
10.0476
10.16
10.0025
10.2167
10.1163
10.2282
9.98059
10.1516
10.2708
10.0692
10.172
10.2788
10.0917
10.3166
10.2106
10.2353
10.1422
10.2123
10.1552
10.5316
10.356
10.179
10.1975
10.1493
10.5551
10.5437
10.178
10.2669
10.1977
10.2199
10.2997
10.0221
10.1058
10.2006
10.2772
10.3158
10.2684
10.0588
10.0252
9.88586
10.276
10.1504
10.0496
10.0129
10.6355
10.1076
10.0341
10.139
9.90039
10.1275
10.2939
10.1251
10.1378
10.1888
10.3097
10.4184
10.1511
10.2208
10.2018
10.3366
10.2385
10.2718
10.2787
10.2378
10.2151
10.2498
10.5685
10.1863
10.0876
10.323
10.3252
10.5227
10.3203
10.1471
9.88983
10.131
10.1528
10.1226
10.3556
10.3499
10.3882
10.1627
10.2941
10.1318
10.2508
10.2252
10.1619
10.2859
9.92499
10.3357
10.3168
10.1353
10.1039
10.1634
10.3622
10.2777
10.418
10.2878
10.1284
10.431
10.3904
10.1638
10.2594
10.4436
10.2681
10.3484
10.1989
10.3194
10.5797
10.2333
10.1314
10.2578
10.0816
10.3303
10.2682
10.2797
10.3456
10.2599
10.2926
9.99274
10.1584
10.2453
10.0481
10.2808
10.1811
10.2403
10.1206
10.1538
10.1928
10.2167
10.1635
10.3466
10.3406
10.0803
10.3022
10.1265
10.2309
10.2543
10.3521
10.0932
10.0955
10.2044
10.2466
10.1435
10.2055
10.2205
10.1642
10.3626
10.3703
10.1314
10.2301
10.2629
10.1594
10.1981
10.4568
9.99714
10.0654
10.269
10.2412
10.2753
10.1541
10.0208
10.2705
10.1797
10.309
10.1387
10.2015
10.1392
10.1913
10.2821
10.196
10.254
9.91029
10.0598
10.138
10.0778
10.319
10.2393
10.1903
10.581
10.2965
10.2963
10.1827
9.97762
10.0562
10.1636
10.5286
10.2002
9.90684
10.2026
10.3901
10.278
10.3185
10.3163
10.2972
10.2528
9.99377
10.2449
10.2985
10.1991
10.3949
10.1897
10.1942
10.558
9.92391
10.2478
10.2379
10.4324
10.5398
10.2388
10.39
10.2817
10.1459
10.2112
10.118
10.0473
10.0934
10.3286
10.0937
10.1566
10.4071
10.3859
10.3691
10.4574
10.3416
10.2771
10.0925
10.216
10.2111
10.1675
10.3885
9.9885
10.4537
10.2268
10.2347
10.3108
10.2174
10.1459
10.3584
10.2276
10.2229
10.1975
10.0345
10.0933
10.0843
10.2258
10.4397
10.3749
10.4664
10.1363
10.5442
10.2798
10.2146
10.4299
10.1347
10.2335
10.2762
10.1008
10.3777
10.2659
10.1285
10.2847
10.3936
10.3666
10.2589
10.2115
10.4028
10.1059
10.0646
10.2665
10.3922
10.2201
10.2458
10.2788
10.2763
10.297
10.0249
10.208
10.1253
10.2696
10.1427
10.2938
10.4431
10.397
10.328
10.3771
10.4648
10.2439
10.1789
10.3467
10.2709
10.3182
10.0805
10.3347
10.2987
10.1199
10.0608
10.2342
10.3773
10.5035
10.2312
10.3177
10.2629
10.4713
10.1401
9.9049
10.1262
10.2468
10.067
10.0382
10.0929
10.212
10.0255
10.4168
10.0808
10.2537
10.1799
10.3428
10.3819
10.3028
10.2818
10.2403
10.2668
9.96736
10.055
10.0694
10.1951
10.1441
10.4064
10.0109
10.1693
10.2605
10.2713
10.3919
10.3242
10.0141
10.269
10.4179
10.3922
10.2319
10.333
10.3956
10.0881
10.27
10.1742
10.4505
10.2749
10.1439
10.2721
10.288
10.0614
10.2108
10.293
10.0994
10.1151
10.3714
10.2325
10.3779
10.0786
10.3111
10.2584
10.0864
10.0869
10.028
10.2936
9.99789
10.527
10.3582
10.2029
10.1502
10.323
9.98002
10.1411
10.393
10.2792
10.0508
10.1604
10.0506
10.2792
10.1582
10.0914
10.2565
10.3985
10.072
10.1996
10.402
10.1898
10.2283
10.2675
10.2467
10.1793
10.1075
10.043
10.2899
10.2937
10.3055
10.2251
10.1591
10.2773
10.2384
10.3341
10.2576
10.1684
10.4426
10.1608
10.2006
10.1503
10.2838
10.1369
10.1976
10.2036
10.2634
10.1975
10.3721
10.2054
10.1821
10.075
10.4369
9.94975
10.1554
10.3178
10.3793
10.3327
10.1769
10.2802
10.257
10.3002
10.4918
9.84032
9.9695
10.2233
10.1753
10.3015
10.3192
10.284
10.4606
10.2345
10.1046
10.428
10.0902
10.4405
10.2148
10.3113
10.2896
10.2762
10.1261
10.0264
10.3815
10.0676
10.0308
10.5232
10.3813
10.1714
9.99274
10.2267
10.2185
10.1822
10.2676
10.4352
10.4146
10.2205
10.2358
10.1065
9.98649
10.1084
10.4485
10.3403
10.0779
10.2143
10.1071
10.1634
10.2974
10.1509
10.2257
10.1241
10.2967
10.0575
10.2507
10.094
9.92242
10.2247
10.0439
10.3599
10.1502
10.221
10.1874
10.2493
10.235
10.2607
10.1728
10.0635
10.3203
10.2247
10.3812
10.1594
10.4893
10.3747
10.2646
10.37
10.3157
10.2028
10.3256
10.0574
10.1093
10.3381
10.3181
10.3006
10.4572
10.3255
10.2527
10.1278
10.1877
10.366
10.1561
10.1407
10.3634
10.0794
10.466
10.2489
10.2183
10.2366
10.2471
10.1603
10.3638
10.2259
10.1764
10.1504
10.1594
10.3384
10.2318
10.2944
10.0937
10.0108
10.2504
10.2739
10.3308
10.3513
10.6073
10.3131
10.217
10.4662
10.4188
10.1448
10.3568
10.209
10.2219
10.3378
10.1648
10.1235
10.3173
10.1327
10.2354
10.2421
10.192
10.1634
10.2318
10.3244
10.5071
10.1286
10.1982
9.98736
10.067
10.1441
10.5586
10.6666
10.1317
10.2812
10.1559
10.4595
10.2811
10.2003
10.4106
10.5603
10.2735
10.206
10.2218
10.2683
10.244
10.2255
10.1501
10.1568
10.2966
10.2112
10.2423
10.2557
10.2415
10.386
10.4444
9.94742
10.2172
10.166
10.281
10.3937
10.3199
10.061
10.3571
10.3186
10.0641
10.3647
10.4167
10.2603
10.3694
10.4677
10.2352
10.2519
10.3341
10.1145
10.2782
10.154
10.4382
10.1174
10.3571
10.1902
10.3153
10.4347
10.4751
10.3269
10.2091
10.2425
10.3643
10.3523
10.1466
10.0497
10.3421
10.2498
10.2348
10.0813
10.0674
10.2794
10.3377
10.2244
10.1343
10.1577
10.1917
10.0867
10.2821
10.2421
10.2721
10.1351
10.261
10.3326
10.3904
10.234
10.4062
10.2678
10.4662
10.0114
10.1362
10.0603
10.1872
10.2761
10.2918
10.3988
10.0239
10.2423
10.4429
10.3259
10.3822
10.4488
10.0804
10.4524
10.1815
10.088
10.248
10.1001
10.1419
10.4486
10.0572
10.3385
10.371
10.4513
10.3948
10.3152
10.1353
10.3309
10.2842
10.1283
10.1353
10.2284
10.083
10.3247
10.1091
10.2454
10.2629
10.1651
10.1835
10.1672
10.3132
10.1002
10.2481
10.2493
10.3813
10.3848
10.0351
10.4343
10.2159
10.2728
10.2331
10.4704
10.3788
10.2562
10.2624
10.2208
10.265
10.1041
10.2652
9.99107
10.1506
10.2182
10.1948
10.2631
10.4166
10.3128
10.2087
10.0928
10.2989
10.1878
10.3129
10.1284
10.3793
10.3187
10.2484
10.1689
10.3118
10.3392
10.6762
10.0744
10.1076
10.3052
10.1112
10.2205
10.31
10.0184
10.1916
10.1503
10.316
10.1783
10.3327
10.2453
10.2608
10.3349
10.3933
10.2443
10.3458
10.0548
10.3048
10.3761
10.2644
10.3252
10.3925
10.3332
10.2549
10.0986
9.90781
10.1973
10.3408
10.1474
10.1374
10.0732
10.3794
10.0924
10.2507
10.0569
10.4217
10.1732
10.3664
10.0894
10.3131
10.2008
10.0823
10.3081
10.2094
10.3041
10.4045
10.1927
10.0325
10.1682
10.1861
10.232
10.2851
10.273
10.3716
10.2048
10.2768
10.1522
10.3796
10.4933
10.0804
10.1202
10.3403
10.0619
10.1072
10.4295
10.1313
10.2681
10.2072
10.1746
10.1503
10.2569
10.2963
10.1899
10.1494
10.3673
10.3564
10.2595
10.2326
10.077
10.2465
10.415
10.0969
10.0215
10.2256
10.0624
10.5017
10.2645
10.5484
10.1615
10.2696
10.232
10.4011
10.0948
10.3973
10.1002
10.1836
10.572
10.446
10.1352
10.3824
10.158
10.2796
10.344
10.3949
10.3018
10.208
10.0242
10.1994
10.1992
10.2811
10.2847
10.1027
10.2065
10.1837
10.2174
10.2474
10.4704
10.3302
9.88524
10.1587
10.1906
10.3565
10.2631
10.4699
10.2999
10.0089
10.4724
10.1265
10.4964
10.3654
10.32
10.2957
10.2822
10.5033
10.0735
9.96598
10.3794
10.2447
10.3919
10.2042
10.4777
10.117
10.0592
10.1448
10.3022
10.4347
10.0227
10.2277
10.2913
10.0062
10.0496
10.2698
10.5263
10.1358
10.4192
10.3736
10.0814
10.3538
10.2494
10.3318
10.1591
10.3903
10.5169
10.2224
10.1792
10.1746
10.1643
10.0661
10.3385
10.0933
10.0997
10.242
10.2756
10.185
10.0457
10.4114
10.3523
10.1743
10.3401
10.3352
10.2831
10.2623
10.217
10.1572
10.2245
10.4377
10.2758
10.3962
10.1151
10.2657
10.1721
10.3858
10.2531
10.2278
10.312
10.1449
10.2226
10.2916
10.4797
9.97862
10.0762
10.3763
10.1096
10.1421
10.2042
10.5818
10.0798
10.2997
10.2747
10.2279
10.1426
10.0859
10.303
9.85513
10.3243
10.1182
10.3175
10.0958
10.2071
10.081
10.3164
10.2185
10.207
10.1236
10.3174
9.98861
10.2853
10.3048
10.0265
10.3518
10.2074
10.3717
10.2513
10.0259
10.0141
10.2325
10.3332
10.4228
10.2495
10.2275
10.1071
10.2464
10.2777
10.2916
10.0354
10.236
10.1787
10.3248
10.2275
10.1119
10.307
10.1486
10.1513
10.5428
10.2981
10.2444
10.2649
10.3703
10.3053
10.2497
10.01
9.82906
10.2184
10.3192
10.2462
10.437
10.343
10.4684
10.3149
10.2984
10.3091
10.0699
10.3405
10.4767
10.2012
10.255
10.3249
10.4362
10.4282
10.2131
10.3531
10.1625
10.017
10.2188
10.0397
9.98965
10.1376
10.2839
10.3253
10.3009
10.1046
10.2062
10.1527
10.2368
10.1486
10.2017
10.194
10.1455
10.1089
10.1155
10.1589
10.2018
10.225
10.1065
10.2464
10.3783
10.2273
10.0822
10.221
10.4309
10.2472
10.2963
10.334
10.4702
10.0717
10.2932
10.1822
10.2354
10.0943
10.4782
10.3221
10.3406
10.0729
10.1143
10.1126
10.4181
10.1086
10.1499
10.266
10.4996
10.1939
10.1836
10.6181
10.31
10.0922
10.1399
10.3312
10.2466
10.4717
10.1848
10.1262
10.511
10.0649
10.3977
10.1955
10.0579
10.1177
10.4378
10.0811
10.0892
10.4154
10.16
10.0428
10.218
10.2443
10.1473
10.5262
10.2462
10.5386
10.4152
10.4247
10.2172
10.2583
10.281
10.3549
10.0855
10.1346
10.2941
10.0942
10.0052
10.1674
10.3777
10.1256
10.2906
10.2821
10.209
10.2699
10.3047
10.2308
10.2159
10.0021
10.1648
10.1376
9.85849
10.3757
10.348
9.99181
10.2059
10.0988
10.0495
10.5087
10.4274
10.3484
10.2261
10.1941
10.1328
10.2812
10.4134
10.3175
10.2373
10.3075
10.3596
10.2942
10.1353
10.2023
10.1769
10.236
10.2451
10.2273
10.271
10.2374
10.1195
10.2117
10.2381
10.493
10.3431
10.1559
10.3397
10.1868
10.1787
10.2669
10.5261
10.3517
10.3669
10.3831
10.2559
10.5221
10.4254
10.312
10.2358
10.2347
10.6482
9.98835
10.1258
10.2453
10.2609
10.2318
10.4643
10.4058
10.1922
10.2731
10.2255
10.3186
10.3048
10.2835
10.3665
10.3163
10.3196
10.0928
10.2425
10.0706
10.3504
10.2959
10.2075
10.4207
10.0766
10.2826
10.5269
9.97745
9.95081
10.1597
10.0539
10.4155
10.3632
10.2578
10.3594
9.89975
10.2389
10.3521
10.3592
10.1719
10.3136
10.3651
10.2808
9.9525
10.1034
10.437
10.5207
10.3019
10.2435
10.2324
10.2201
10.3452
10.0211
10.2977
9.96849
10.2401
10.29
10.4447
10.4442
10.1549
10.0856
10.2705
9.87725
10.2924
10.1738
9.94061
10.4133
10.1788
10.1845
10.2081
10.2161
10.3128
10.3717
10.3141
9.92518
10.2442
10.2912
10.5333
10.1711
10.0484
10.2653
10.2145
10.2875
10.1427
10.2386
10.525
10.4644
10.3593
10.4252
10.2303
10.2019
10.4272
9.999
10.154
10.5916
10.3115
10.2257
10.0206
10.23
9.85664
10.1811
10.1453
10.2896
10.3296
10.1977
10.2175
10.044
10.5453
9.84134
10.2216
10.2464
10.1951
10.1712
10.2083
10.398
10.5148
10.2874
10.1651
10.2395
10.3568
10.3965
10.2913
10.3144
10.3738
10.2084
10.4296
10.3364
10.0539
10.0175
10.2306
10.1224
10.0009
10.5197
10.2727
10.1411
10.3229
10.288
10.2967
10.2733
10.3025
10.0404
10.2871
10.2631
10.3905
10.2848
10.3944
10.2902
10.2409
10.388
10.3222
10.2365
10.1699
10.1609
10.2215
10.1596
10.3436
10.4177
10.0117
10.4502
10.4027
10.2618
10.0855
10.1391
10.312
10.0923
10.0569
10.5036
10.1287
10.256
10.2009
10.1402
10.2419
10.2442
10.3506
10.3812
10.1715
10.3111
10.29
10.1194
10.3396
10.095
10.4298
10.3582
10.0698
10.3824
10.1185
10.2286
10.2196
10.3602
10.2713
10.2723
10.2772
10.1556
10.2319
10.0694
10.2311
10.5043
10.4233
10.0773
10.5107
10.2887
10.2657
10.1073
10.3013
10.365
10.0645
10.2571
10.115
10.1726
10.2637
10.1974
10.2054
10.3018
10.3468
10.3762
10.3014
10.4006
10.1951
10.4076
10.1182
10.1945
10.3944
10.119
10.1536
10.2913
10.3346
10.2182
10.274
10.488
10.254
10.3168
9.91779
10.3006
10.4067
10.1806
10.0883
10.2539
10.0695
10.3014
10.1192
10.2662
10.4367
10.2819
10.2534
10.4728
10.0523
10.195
10.0843
10.3312
10.1824
10.1834
10.2898
10.1469
10.0817
10.5654
10.4675
10.1848
10.1772
10.3985
10.3799
10.287
10.2399
10.2455
10.0762
10.2324
10.4403
10.1575
10.4178
10.2282
10.2042
10.3287
10.3035
10.3712
10.2097
10.1277
10.4148
10.1584
9.94257
10.1372
10.3553
10.2668
10.2206
10.3981
10.5288
10.2564
10.2202
10.321
10.2792
10.2026
10.3156
10.334
10.464
10.2516
10.3897
9.84251
10.4365
10.2093
10.0887
10.2306
10.1946
10.1738
10.3891
10.278
10.2118
10.2034
10.1796
10.5605
10.1649
10.05
10.1578
10.467
10.3783
10.5417
10.2288
9.96227
10.3417
10.2645
10.3625
10.3399
10.4363
10.1074
10.1319
10.1648
10.236
10.2783
10.2177
10.214
10.2865
10.2453
10.189
10.4419
10.1709
9.95646
10.2153
10.3168
10.054
10.2436
10.1207
10.3087
10.1782
10.2514
10.2121
10.3794
10.2974
10.0718
10.4238
10.1428
10.2002
10.1675
10.4095
10.2276
10.1174
10.2572
10.1779
10.2538
10.4806
10.2367
10.3642
10.1951
10.4237
10.3873
10.1187
10.2259
10.1362
10.3435
10.1139
10.411
10.4484
10.3327
10.3823
10.3868
10.3574
10.3809
10.2682
10.3016
10.2222
10.2126
10.2564
10.255
10.0825
10.3169
10.1563
10.2413
10.0344
10.3047
10.3337
10.3919
10.1319
10.3921
10.2915
10.3172
10.1085
10.2472
10.3037
10.6028
9.97731
10.2827
10.2068
10.1368
10.5444
10.3574
10.2882
10.186
10.3116
10.2966
10.5209
10.2622
10.2875
10.2589
10.3285
10.2313
10.1529
10.1808
10.2183
10.1171
10.3782
10.0845
10.1363
10.2837
10.2166
10.122
10.3651
10.3521
10.1263
9.91559
10.3171
9.9516
10.1477
10.1769
10.0917
10.3131
10.4348
10.0745
10.0167
10.3963
10.3352
10.1784
10.4067
10.151
10.2816
10.2222
10.207
10.123
10.2707
10.218
10.1179
10.1569
10.3494
10.2402
10.2094
10.2605
10.0124
10.0949
10.1325
10.2394
10.0942
10.1687
10.2296
10.2093
10.2268
10.2754
10.0078
10.1049
10.3266
10.2573
10.0253
10.0283
10.3686
10.248
10.2197
10.2213
10.2866
10.4303
10.3365
10.3348
10.2734
10.2348
10.3789
10.2998
10.3113
10.1655
10.2329
10.0167
10.34
10.3077
10.1986
10.2028
10.2393
10.1934
10.4257
10.3643
10.5029
10.3161
10.1513
10.2178
10.0797
10.4509
10.2327
10.1078
10.0915
10.4015
10.2934
10.2795
10.2146
10.1203
10.0817
10.475
10.2968
10.3382
10.4617
10.2748
10.1627
10.4101
10.309
10.2412
10.4035
10.2021
10.501
10.2834
10.1289
10.3108
10.3654
10.1377
10.263
10.0803
10.2912
10.4133
10.378
10.2693
10.1594
10.2587
10.0934
10.1183
10.1965
10.1229
10.1772
9.95105
10.3466
10.3073
10.1778
10.1553
10.3728
10.2275
10.2995
10.2476
10.1914
10.3276
10.3296
10.3701
10.1817
10.2736
10.1288
10.3562
10.1905
10.335
10.4165
9.89553
10.246
10.4799
10.0109
10.5259
10.2177
10.3575
10.3936
10.4738
10.3428
10.0996
10.3045
10.4332
10.4477
10.3852
10.246
10.2173
10.2221
10.2258
10.0335
10.1626
10.1095
10.2187
10.3698
10.1535
10.066
10.217
10.2467
10.3129
10.1608
10.1544
10.3676
10.264
10.4818
10.3698
10.3347
10.148
10.143
10.445
10.0664
10.0766
10.4297
10.3456
10.3786
10.2748
10.2106
10.2204
10.1474
10.341
10.2972
10.3388
10.1966
9.98196
10.3339
10.3284
10.3485
10.2373
10.049
10.0346
10.1986
10.1815
9.95088
10.0834
10.2081
10.0366
10.4287
10.5291
10.3212
10.434
10.2694
10.3522
10.3974
10.4439
10.2791
10.4107
10.5015
10.3316
10.2221
10.1941
10.1476
10.2589
10.08
10.2365
9.97558
10.0796
10.1872
10.11
10.1984
10.2683
10.3784
10.0678
10.2317
10.3985
10.318
10.1644
10.1606
10.3843
10.0515
10.3484
10.2507
10.2946
10.1301
10.3305
10.1834
10.3299
10.2017
10.1589
10.2466
10.4124
10.1191
10.2957
10.1067
10.3284
10.265
10.3862
10.2579
10.29
10.2208
10.1311
10.2023
10.1872
10.1887
10.3356
10.4328
10.1318
10.3656
10.2744
10.198
10.2382
10.216
10.2252
10.4282
10.3342
10.1487
10.2266
10.3241
10.3678
10.1872
10.3312
9.96169
10.3874
10.3258
10.0746
10.129
10.1555
10.1703
10.5238
10.2761
10.3497
10.162
10.38
10.3598
10.1955
10.2809
10.5178
10.052
10.5137
10.5765
10.2381
10.2786
10.4352
10.2369
10.4098
10.2247
10.3404
10.3159
10.1828
10.2367
10.4921
10.3343
10.2634
10.2086
10.2783
10.3916
10.3601
10.3017
10.237
10.084
10.2889
10.43
10.393
10.3404
10.152
10.1839
10.5508
10.1827
10.053
10.1167
10.2655
10.361
10.188
10.3558
10.2786
10.4232
10.2659
10.132
10.2755
10.2273
10.2349
10.1678
10.2728
10.068
10.3099
10.5074
10.3802
10.2719
10.4301
10.4193
10.3524
10.1696
10.493
10.167
10.3521
10.4597
10.2224
10.3435
9.98273
10.2045
10.288
10.1559
10.1767
10.1588
10.2119
10.08
10.4503
10.3654
10.0828
10.2186
10.3853
10.1838
10.6232
10.3457
10.3316
10.3193
10.2921
10.264
10.5734
10.3142
10.7812
10.1972
10.1111
10.2144
10.1519
10.2214
10.0351
10.3236
10.2947
10.6156
10.0478
10.2171
10.1113
10.3542
10.2801
10.2132
10.3752
10.2426
10.6178
10.2947
10.0949
10.3141
9.98092
10.3015
10.4238
10.0341
10.1214
10.2602
10.1204
10.3223
10.2418
10.2842
10.2363
10.4256
10.1802
10.1032
10.0017
10.3804
10.3504
10.1388
10.1723
10.2151
10.1508
10.065
10.1829
10.2283
9.99609
10.256
10.2295
10.1556
10.362
10.3651
10.0451
10.1909
10.0631
10.1311
10.1461
10.2842
10.4302
10.2485
10.2672
10.2297
10.1387
10.1325
10.106
10.0635
10.4128
10.1894
10.3097
10.1578
10.1803
10.3438
10.2562
10.0735
10.4847
10.0618
10.2591
10.3001
10.2626
10.4091
10.7391
10.3578
10.2206
10.2121
10.2759
10.2088
10.0594
10.3667
10.2484
10.2287
10.1756
10.3116
10.1995
10.3092
10.3956
10.1951
10.2553
10.0466
10.1828
10.385
10.4073
9.94521
10.2877
10.3063
10.2279
10.2103
10.1757
10.2251
10.3384
10.3946
10.0684
10.2423
10.4815
10.1068
10.2653
10.1598
10.0374
10.3462
10.2027
10.1404
10.1695
10.1882
10.3445
10.1136
10.318
10.2523
10.3853
10.0041
10.1558
10.4902
10.3709
10.4576
10.0838
10.3398
10.2485
10.1116
10.2707
10.1988
10.1579
10.1107
10.3736
10.2362
10.2288
10.3293
10.0131
10.3962
10.3453
10.2903
10.3526
10.1013
10.4132
10.4109
10.3786
10.4294
10.3598
10.2214
10.431
10.3313
10.1884
10.3111
10.2427
10.0563
10.2579
10.5851
10.4009
10.4051
10.3785
10.3568
10.0632
10.1368
10.2592
10.3266
10.4234
10.3317
10.2377
10.2994
10.275
10.2255
10.1156
9.99033
10.1562
10.0942
10.2055
10.2514
10.2225
10.3083
10.2313
10.0561
10.2429
10.4144
10.3041
10.2321
10.1974
10.2903
10.1248
10.1239
10.3806
10.0724
10.4465
10.2905
10.286
10.0469
10.379
10.2573
10.1576
10.3783
10.2672
10.1571
10.3914
10.2088
9.99425
10.3602
10.205
10.0248
10.2272
10.4213
10.2453
10.305
10.4224
