10.2598
10.2515
10.2448
10.255
10.2116
10.2734
10.2504
10.2138
10.2537
10.2353
10.2471
10.249
10.2826
10.2555
10.2228
10.2324
10.2294
10.2352
10.2613
10.2162
10.2596
10.2598
10.2581
10.2623
10.2347
10.2318
10.2653
10.2436
10.2578
10.2395
10.2109
10.2279
10.2809
10.2317
10.2387
10.2309
10.235
10.2563
10.2475
10.2355
10.2418
10.2088
10.2434
10.2419
10.2687
10.223
10.2554
10.247
10.2243
10.2519
10.279
10.2491
10.2588
10.2293
10.2757
10.2611
10.2666
10.2456
10.2656
10.2239
10.2399
10.2399
10.2007
10.2336
10.2483
10.2163
10.2566
10.2089
10.2117
10.2327
10.2602
10.2264
10.2408
10.2818
10.2459
10.2589
10.2456
10.249
10.2559
10.2381
10.2526
10.2481
10.2463
10.2305
10.2709
10.2181
10.2243
10.2353
10.2438
10.2321
10.2336
10.2467
10.2467
10.2067
10.2224
10.2554
10.2078
10.2326
10.2426
10.241
10.2686
10.2357
10.2258
10.2226
10.2603
10.2343
10.213
10.2464
10.2217
10.2326
10.2347
10.2559
10.2531
10.2712
10.2341
10.2499
10.2171
10.255
10.1904
10.232
10.2564
10.2229
10.2486
10.2165
10.2602
10.2393
10.1982
10.2526
10.2509
10.2752
10.2323
10.2556
10.2265
10.2343
10.2224
10.2321
10.2702
10.2215
10.2207
10.2393
10.2531
10.2128
10.2677
10.2395
10.222
10.241
10.2486
10.2527
10.2655
10.2372
10.2329
10.2904
10.2279
10.2547
10.2596
10.2175
10.2655
10.2505
10.2766
10.2343
10.2306
10.2249
10.2237
10.2753
10.2203
10.2322
10.2691
10.2354
10.2581
10.2399
10.2478
10.2436
10.2156
10.2626
10.254
10.2635
10.242
10.2446
10.221
10.2482
10.2407
10.2536
10.2502
10.2346
10.2366
10.2428
10.2504
10.288
10.2073
10.2295
10.2139
10.2236
10.2483
10.2413
10.2546
10.2493
10.2465
10.2285
10.2684
10.2416
10.231
10.2137
10.2544
10.2636
10.2529
10.271
10.2525
10.2659
10.246
10.2186
10.2465
10.2661
10.2533
10.249
10.2861
10.2059
10.2369
10.2594
10.2437
10.2637
10.256
10.2505
10.2564
10.2464
10.2538
10.2308
10.2219
10.2538
10.245
10.2347
10.2443
10.2296
10.2466
10.2591
10.2546
10.2561
10.2266
10.2068
10.2637
10.2693
10.2387
10.2671
10.2237
10.2559
10.2522
10.2184
10.2193
10.2633
10.2181
10.2402
10.243
10.2532
10.2386
10.2537
10.2202
10.2354
10.2765
10.234
10.2455
10.2098
10.2257
10.2596
10.2653
10.219
10.2556
10.2216
10.2467
10.2281
10.2499
10.2234
10.2167
10.2594
10.2036
10.2374
10.229
10.2733
10.2653
10.2321
10.2154
10.2242
10.2209
10.2372
10.2436
10.2456
10.2413
10.2269
10.2417
10.2566
10.2354
10.2215
10.2402
10.2707
10.2388
10.2332
10.1894
10.2729
10.2498
10.2736
10.2479
10.2609
10.2616
10.2462
10.2175
10.2165
10.2303
10.2729
10.2235
10.2436
10.2766
10.2677
10.2363
10.2595
10.2614
10.198
10.2065
10.2508
10.2273
10.2547
10.2313
10.2316
10.2485
10.2729
10.2453
10.2553
10.2838
10.2566
10.2324
10.2626
10.2426
10.2297
10.2335
10.2443
10.2297
10.2576
10.2751
10.244
10.2686
10.2277
10.2281
10.251
10.2661
10.2251
10.2617
10.2237
10.2297
10.2005
10.2436
10.2347
10.249
10.2483
10.2488
10.2417
10.2364
10.2545
10.2275
10.2177
10.2349
10.237
10.2666
10.2382
10.2486
10.2429
10.2463
10.2643
10.2202
10.2325
10.2196
10.236
10.261
10.254
10.2576
10.2232
10.2489
10.2136
10.2449
10.2754
10.2547
10.2449
10.253
10.2511
10.2317
10.2325
10.2684
10.2282
10.2541
10.2426
10.2841
10.2454
10.2497
10.2354
10.251
10.2511
10.2656
10.2439
10.2274
10.2188
10.2166
10.228
10.278
10.2497
10.2395
10.2364
10.2419
10.2214
10.2759
10.2496
10.2493
10.2221
10.2551
10.2344
10.2529
10.2587
10.215
10.2239
10.2492
10.2331
10.2224
10.2547
10.2248
10.235
10.2397
10.2243
10.215
10.2302
10.2345
10.2468
10.2254
10.2356
10.2386
10.2467
10.2686
10.2125
10.2581
10.2353
10.2208
10.2503
10.23
10.2454
10.2482
10.2311
10.2444
10.2551
10.2525
10.2427
10.2583
10.2676
10.2155
10.2288
10.2615
10.2561
10.2568
10.2421
10.2252
10.2109
10.2156
10.2511
10.2248
10.2391
10.2858
10.2508
10.2588
10.2398
10.2548
10.2546
10.2416
10.2659
10.2216
10.2431
10.233
10.2354
10.2483
10.2497
10.2677
10.1966
10.2298
10.2252
10.2505
10.2817
10.2331
10.2634
10.2235
10.2526
10.2482
10.2144
10.2385
10.2562
10.2658
10.2403
10.2648
10.2615
10.2319
10.2502
10.258
10.2526
10.2293
10.2373
10.2404
10.224
10.2387
10.2081
10.2532
10.2367
10.2577
10.2219
10.2203
10.2532
10.2198
10.2583
10.2184
10.252
10.2069
10.2272
10.2346
10.2398
10.2069
10.2443
10.2783
10.2288
10.2594
10.2481
10.2397
10.2728
10.2522
10.2329
10.236
10.2584
10.2534
10.23
10.2306
10.2027
10.2289
10.2161
10.2603
10.1996
10.2812
10.2996
10.2131
10.2574
10.2618
10.2152
10.2409
10.2425
10.2158
10.265
10.2068
10.2381
10.222
10.2312
10.2636
10.2192
10.2407
10.2325
10.2555
10.2674
10.2445
10.2499
10.215
10.2446
10.2344
10.2676
10.2433
10.2334
10.2605
10.2337
10.251
10.2214
10.2451
10.2294
10.2422
10.2309
10.2975
10.2298
10.2498
10.2409
10.2007
10.2291
10.252
10.209
10.2545
10.2002
10.2207
10.2464
10.2274
10.274
10.2382
10.2241
10.2733
10.252
10.2314
10.261
10.2636
10.2611
10.2933
10.2053
10.2361
10.2225
10.2294
10.2336
10.2752
10.2359
10.2561
10.2087
10.2238
10.2386
10.2302
10.2232
10.2644
10.25
10.2247
10.2666
10.2391
10.2506
10.2486
10.2262
10.2421
10.2511
10.2486
10.2276
10.2371
10.2133
10.2026
10.249
10.226
10.2521
10.2114
10.2455
10.2244
10.2519
10.2557
10.2428
10.2324
10.2253
10.2737
10.2589
10.2562
10.2518
10.1937
10.2484
10.275
10.2388
10.2543
10.2502
10.2298
10.219
10.2408
10.2434
10.2643
10.2561
10.2589
10.2437
10.2591
10.277
10.2336
10.2339
10.2133
10.2571
10.219
10.211
10.2459
10.2349
10.2427
10.2505
10.2553
10.2217
10.2329
10.2317
10.2092
10.238
10.2415
10.2186
10.2265
10.2254
10.2455
10.2262
10.2379
10.2658
10.2401
10.2323
10.2539
10.2422
10.2377
10.2554
10.234
10.2394
10.2458
10.2614
10.2419
10.2842
10.2624
10.2188
10.2351
10.2468
10.271
10.2524
10.2277
10.2575
10.2359
10.2218
10.2337
10.2328
10.2577
10.2334
10.2154
10.2319
10.2271
10.2581
10.2263
10.2152
10.2397
10.2553
10.2416
10.2749
10.2061
10.2388
10.1974
10.2073
10.2358
10.2453
10.2451
10.233
10.2562
10.2318
10.2521
10.253
10.2355
10.2477
10.255
10.2518
10.2417
10.2841
10.2099
10.2091
10.2123
10.2181
10.2366
10.2322
10.2514
10.257
10.227
10.2315
10.2554
10.2387
10.2245
10.2236
10.2357
10.2146
10.1939
10.221
10.2442
10.2505
10.2685
10.2472
10.243
10.2581
10.2459
10.2249
10.2162
10.2347
10.2369
10.2497
10.2452
10.2142
10.1977
10.2725
10.2458
10.2151
10.2459
10.2622
10.2513
10.2288
10.2212
10.231
10.242
10.2383
10.2449
10.2067
10.2261
10.2429
10.2719
10.2009
10.2382
10.2395
10.218
10.2468
10.2244
10.2233
10.2042
10.2617
10.2544
10.2308
10.2436
10.2614
10.2265
10.2512
10.2483
10.239
10.2563
10.2349
10.2708
10.213
10.2096
10.2186
10.2432
10.2248
10.2514
10.2517
10.2721
10.2475
10.2884
10.2129
10.2736
10.2309
10.2558
10.2747
10.2388
10.2863
10.1794
10.2367
10.2602
10.2781
10.2452
10.268
10.2116
10.2528
10.2319
10.2547
10.2331
10.2764
10.239
10.2307
10.2677
10.2254
10.2312
10.2791
10.2318
10.2509
10.2271
10.2668
10.2534
10.2432
10.2196
10.2329
10.2171
10.2514
10.2703
10.2306
10.2604
10.1981
10.2166
10.2609
10.217
10.2432
10.247
10.2145
10.2462
10.236
10.2091
10.2613
10.2654
10.2069
10.2505
10.228
10.2581
10.2257
10.2194
10.2528
10.2421
10.2289
10.2192
10.2759
10.2592
10.2283
10.2371
10.2296
10.2894
10.2391
10.2324
10.2276
10.2144
10.2269
10.2105
10.2351
10.2598
10.2269
10.2362
10.2126
10.2106
10.2472
10.2568
10.2646
10.24
10.2419
10.2602
10.1954
10.2676
10.22
10.2779
10.2508
10.268
10.2408
10.2802
10.2299
10.2567
10.2496
10.2399
10.2159
10.2312
10.2201
10.2468
10.2199
10.233
10.2042
10.2415
10.223
10.2644
10.2313
10.2707
10.2472
10.2283
10.2434
10.2316
10.2311
10.2404
10.2613
10.2168
10.2649
10.227
10.2132
10.2488
10.2405
10.2376
10.2466
10.19
10.2199
10.2779
10.2406
10.228
10.2525
10.2391
10.2165
10.2259
10.2111
10.244
10.2651
10.2101
10.258
10.2624
10.2694
10.282
10.2426
10.2451
10.2621
10.2322
10.2138
10.2581
10.2347
10.2296
10.2315
10.1947
10.2523
10.2316
10.2401
10.2631
10.229
10.2282
10.28
10.2382
10.2386
10.2354
10.2372
10.2443
10.2197
10.2367
10.2185
10.2411
10.2218
10.2611
10.2158
10.2188
10.2784
10.2459
10.2201
10.2402
10.249
10.2482
10.2368
10.2774
10.2657
10.249
10.2413
10.2334
10.2491
10.2421
10.2224
10.1945
10.3037
10.2662
10.223
10.2319
10.2166
10.2602
10.2352
10.2359
10.245
10.2316
10.2358
10.2487
10.2455
10.211
10.2513
10.267
10.2435
10.2818
10.2656
10.2219
10.2442
10.248
10.259
10.2373
10.2453
10.2545
10.2798
10.2436
10.2516
10.2556
10.2139
10.2569
10.2426
10.2394
10.2581
10.2596
10.2258
10.2513
10.2293
10.2436
10.227
10.2202
10.2647
10.239
10.2333
10.2504
10.2164
10.2187
10.2546
10.2575
10.2516
10.2428
10.2131
10.2497
10.2534
10.253
10.2545
10.2276
10.2487
10.2531
10.2508
10.2479
10.2104
10.245
10.2383
10.2341
10.2502
10.2322
10.2843
10.2362
10.2728
10.2265
10.2156
10.2211
10.2631
10.2387
10.2233
10.2704
10.2626
10.2301
10.2516
10.2502
10.2577
10.2438
10.2364
10.2318
10.227
10.2685
10.2241
10.2592
10.1995
10.217
10.2506
10.2457
10.2337
10.2525
10.1917
10.2559
10.2573
10.2439
10.2441
10.2589
10.2554
10.2136
10.2242
10.2519
10.2546
10.2559
10.2523
10.316
10.2296
10.2672
10.2372
10.2493
10.2957
10.2541
10.2374
10.2532
10.2129
10.2657
10.2365
10.2456
10.2647
10.258
10.2268
10.2473
10.2543
10.2277
10.2285
10.2029
10.2613
10.2681
10.2212
10.2548
10.2395
10.2258
10.252
10.2541
10.2336
10.2244
10.256
10.2437
10.2442
10.2213
10.2616
10.2339
10.2261
10.2495
10.2219
10.2205
10.2191
10.2578
10.2212
10.2172
10.2566
10.2189
10.2595
10.2552
10.2454
10.2129
10.233
10.2601
10.2695
10.2538
10.2247
10.2106
10.2308
10.2542
10.2776
10.2411
10.2282
10.2714
10.2257
10.2145
10.2399
10.2598
10.2223
10.2208
10.2715
10.2579
10.2577
10.2566
10.2496
10.2596
10.2396
10.2243
10.2252
10.2398
10.2236
10.2534
10.2253
10.2199
10.2525
10.2192
10.2404
10.2179
10.2744
10.2543
10.2306
10.2173
10.2482
10.236
10.2554
10.238
10.2848
10.2262
10.2319
10.2164
10.2627
10.242
10.275
10.2139
10.2109
10.2169
10.227
10.2384
10.2401
10.2311
10.2617
10.2427
10.2574
10.2772
10.2062
10.2421
10.2689
10.2409
10.2432
10.2385
10.2419
10.241
10.2379
10.211
10.2545
10.2661
10.2478
10.23
10.2363
10.2143
10.2283
10.2668
10.2409
10.256
10.2537
10.2856
10.2259
10.2193
10.2608
10.2556
10.2254
10.2017
10.2287
10.2646
10.2743
10.2294
10.2204
10.2468
10.2406
10.2652
10.2281
10.227
10.2252
10.2441
10.2197
10.2333
10.2143
10.225
10.2433
10.2759
10.217
10.2085
10.2381
10.2371
10.2367
10.2387
10.2485
10.2486
10.2488
10.2235
10.2704
10.24
10.2752
10.2719
10.2145
10.2099
10.2438
10.2578
10.2305
10.2421
10.2079
10.2705
10.2266
10.2232
10.2466
10.2848
10.2736
10.2412
10.2257
10.2122
10.2788
10.2645
10.2122
10.2441
10.2143
10.2302
10.2266
10.2254
10.2467
10.2493
10.2382
10.2257
10.2154
10.1972
10.2322
10.2445
10.2454
10.2021
10.2608
10.2522
10.2419
10.238
10.2553
10.2728
10.2467
10.2188
10.27
10.2385
10.2412
10.2473
10.2392
10.2523
10.2353
10.2462
10.2173
10.226
10.2655
10.2089
10.269
10.2008
10.2227
10.2425
10.2384
10.2574
10.2111
10.2711
10.2144
10.2518
10.2331
10.2655
10.2531
10.2383
10.258
10.2531
10.225
10.2754
10.2561
10.2748
10.2487
10.2482
10.2785
10.2517
10.216
10.242
10.2204
10.2282
10.2118
10.262
10.2068
10.2435
10.248
10.2655
10.2654
10.2299
10.213
10.2735
10.2788
10.2491
10.242
10.2303
10.2267
10.2554
10.2464
10.2391
10.2583
10.2
10.211
10.2693
10.2618
10.2285
10.2591
10.2348
10.2454
10.2553
10.2552
10.2338
10.2325
10.2381
10.2269
10.2083
10.2244
10.2376
10.2076
10.2267
10.2445
10.2572
10.2296
10.2457
10.2668
10.2339
10.2677
10.2556
10.2332
10.2335
10.2328
10.2212
10.2413
10.2326
10.2525
10.2547
10.2069
10.2459
10.2535
10.2394
10.2194
10.2446
10.2261
10.2123
10.2522
10.2344
10.251
10.2385
10.2665
10.2571
10.2434
10.2302
10.2765
10.2492
10.2542
10.2261
10.2729
10.2318
10.2354
10.2362
10.2131
10.2365
10.2356
10.2509
10.2511
10.217
10.2499
10.2495
10.2288
10.2362
10.2395
10.2527
10.2281
10.2475
10.2471
10.2399
10.2208
10.2224
10.2134
10.2372
10.2219
10.2591
10.2501
10.2268
10.2533
10.2474
10.2222
10.221
10.2578
10.2439
10.2461
10.2203
10.2172
10.2447
10.2348
10.2073
10.2139
10.231
10.2494
10.2568
10.245
10.2436
10.2201
10.2298
10.2257
10.2345
10.2195
10.2502
10.2232
10.2577
10.2535
10.2422
10.2337
10.258
10.2324
10.2582
10.2207
10.2333
10.2148
10.2895
10.2322
10.2021
10.2348
10.2304
10.2412
10.2571
10.2373
10.2379
10.2498
10.2555
10.2407
10.2357
10.2285
10.2269
10.2398
10.26
10.2496
10.2542
10.2357
10.2512
10.2722
10.2659
10.2598
10.2398
10.2317
10.2331
10.2443
10.2326
10.2004
10.253
10.2506
10.2437
10.2762
10.2318
10.2541
10.2131
10.2174
10.2112
10.2413
10.2655
10.2616
10.2567
10.2507
10.2351
10.2489
10.2398
10.2486
10.2295
10.2295
10.2441
10.2315
10.1945
10.1972
10.2088
10.2395
10.2466
10.2474
10.2437
10.2365
10.2251
10.254
10.223
10.2252
10.2372
10.2334
10.2478
10.2166
10.2672
10.2459
10.2521
10.2259
10.2363
10.241
10.2464
10.2212
10.2221
10.2418
10.2553
10.2548
10.2323
10.2731
10.2295
10.2309
10.2198
10.2673
10.2178
10.2339
10.2529
10.2495
10.2423
10.2216
10.2307
10.2918
10.2374
10.2279
10.2092
10.2161
10.228
10.2465
10.2742
10.2362
10.2682
10.2382
10.2454
10.2424
10.2473
10.256
10.2736
10.2019
10.2483
10.2496
10.2554
10.2712
10.234
10.2566
10.2077
10.2334
10.2224
10.2386
10.23
10.2482
10.2397
10.2325
10.2616
10.232
10.224
10.2295
10.2853
10.1943
10.2434
10.2726
10.2493
10.274
10.2637
10.2548
10.2025
10.2115
10.24
10.2482
10.2659
10.2268
10.2571
10.2346
10.2382
10.2549
10.2602
10.2762
10.2712
10.2434
10.2466
10.2319
10.246
10.2412
10.2434
10.2574
10.2342
10.2288
10.2199
10.2116
10.2461
10.2698
10.2478
10.2444
10.2321
10.2372
10.2656
10.2332
10.2081
10.2032
10.2162
10.2374
10.2402
10.2633
10.2133
10.246
10.2869
10.2064
10.2859
10.2483
10.2607
10.2443
10.2395
10.2078
10.2385
10.2492
10.2629
10.2278
10.2373
10.2378
10.2469
10.2564
10.2618
10.2335
10.255
10.2255
10.2541
10.2269
10.2427
10.2318
10.2359
10.2794
10.2472
10.2382
10.2557
10.2727
10.2349
10.2469
10.2563
10.2411
10.2443
10.2447
10.2138
10.2435
10.2473
10.2259
10.2451
10.2517
10.2561
10.2363
10.2361
10.2589
10.2358
10.2748
10.2132
10.2306
10.2405
10.2408
10.2458
10.2607
10.2311
10.2271
10.241
10.2373
10.25
10.2238
10.2577
10.2178
10.2428
10.2386
10.2474
10.2473
10.2653
10.2566
10.2583
10.2406
10.2366
10.2644
10.2188
10.2504
10.2494
10.2097
10.2383
10.2214
10.2521
10.2471
10.2325
10.2723
10.2287
10.234
10.2291
10.2802
10.2297
10.2545
10.2403
10.201
10.2759
10.2376
10.2494
10.2927
10.2188
10.2266
10.2678
10.2586
10.225
10.2592
10.225
10.2261
10.2241
10.2287
10.2377
10.2207
10.2163
10.2495
10.2377
10.214
10.2401
10.2647
10.2476
10.2318
10.26
10.2582
10.2475
10.2393
10.2554
10.2462
10.2516
10.239
10.2281
10.2397
10.2166
10.2787
10.2431
10.2414
10.261
10.2334
10.2509
10.2159
10.2475
10.2716
10.2577
10.2214
10.2291
10.2498
10.2258
10.2438
10.2515
10.2079
10.2471
10.2288
10.2583
10.209
10.2535
10.2322
10.2462
10.2563
10.2207
10.2624
10.2395
10.2115
10.2254
10.2293
10.2126
10.2203
10.208
10.2411
10.2372
10.2711
10.2481
10.2546
10.2581
10.2563
10.2482
10.2348
10.2819
10.2507
10.2469
10.2556
10.234
10.2452
10.2182
10.2703
10.2514
10.2314
10.2357
10.2259
10.2812
10.2326
10.264
10.2048
10.228
10.3009
10.206
10.2677
10.2587
10.2436
10.2618
10.2597
10.2453
10.2213
10.2354
10.2541
10.2566
10.2595
10.2602
10.2473
10.2293
10.2418
10.2254
10.2196
10.2296
10.2165
10.2786
10.2418
10.2697
10.2236
10.2228
10.2646
10.2465
10.2352
10.247
10.253
10.207
10.213
10.2495
10.2192
10.2233
10.2458
10.2618
10.2427
10.2248
10.2577
10.2289
10.243
10.2332
10.2639
10.2379
10.2468
10.2296
10.2397
10.2415
10.2588
10.2382
10.2545
10.2821
10.2526
10.2266
10.2576
10.2288
10.2418
10.2392
10.2331
10.2341
10.2081
10.2527
10.2698
10.2479
10.2359
10.1958
10.2488
10.24
10.2622
10.2296
10.2542
10.2157
10.2294
10.2829
10.2211
10.2252
10.2497
10.2232
10.2407
10.2597
10.2658
10.2484
10.2526
10.2291
10.2537
10.2356
10.2359
10.2307
10.2447
10.2221
10.2461
10.2064
10.2339
10.2326
10.2302
10.2474
10.1989
10.2475
10.2354
10.2314
10.2437
10.2124
10.2192
10.2373
10.2467
10.2463
10.1913
10.2162
10.2532
10.2437
10.1868
10.2377
10.2187
10.2429
10.2769
10.1952
10.2369
10.2437
10.233
10.2463
10.2431
10.2338
10.2338
10.216
10.229
10.2623
10.2513
10.2387
10.2755
10.2439
10.2571
10.2496
10.286
10.2277
10.2508
10.254
10.2339
10.2367
10.2285
10.2376
10.2517
10.2516
10.2366
10.2668
10.232
10.2221
10.2431
10.2431
10.2349
10.2456
10.258
10.2333
10.2221
10.2129
10.1862
10.2296
10.2079
10.2233
10.243
10.251
10.2242
10.2512
10.2479
10.2466
10.2285
10.2472
10.2186
10.2575
10.2307
10.2326
10.2478
10.2338
10.2473
10.2504
10.2565
10.2538
10.2694
10.2293
10.2379
10.2277
10.232
10.211
10.2479
10.2699
10.2124
10.2753
10.2419
10.2251
10.2281
10.2668
10.2528
10.2255
10.2198
10.2333
10.2245
10.229
10.2398
10.2554
10.2445
10.242
10.2357
10.2503
10.2576
10.2333
10.2018
10.2634
10.2534
10.2447
10.221
10.2409
10.2171
10.2284
10.2162
10.25
10.2572
10.215
10.2287
10.2481
10.2496
10.2259
10.2269
10.228
10.2706
10.224
10.2535
10.2399
10.2509
10.2665
10.2207
10.2457
10.2316
10.2632
10.2489
10.2414
10.2633
10.2181
10.2478
10.2478
10.2461
10.2337
10.2239
10.2768
10.2395
10.2675
10.2721
10.2546
10.2351
10.2372
10.251
10.2427
10.2394
10.2649
10.2161
10.2635
10.2545
10.24
10.23
10.2125
10.2134
10.2264
10.2589
10.2737
10.2658
10.2531
10.2156
10.2235
10.2535
10.2558
10.2086
10.2598
10.2363
10.2362
10.2394
10.2122
10.2341
10.1962
10.253
10.2478
10.1895
10.2472
10.2717
10.2254
10.2304
10.2319
10.2206
10.2447
10.2867
10.217
10.2215
10.2596
10.2435
10.252
10.2477
10.241
10.2217
10.2568
10.2497
10.2209
10.2496
10.2476
10.2356
10.2499
10.2394
10.2281
10.2056
10.2166
10.277
10.2425
10.2381
10.2263
10.228
10.2547
10.2343
10.2333
10.2008
10.2498
10.2266
10.2815
10.2129
10.246
10.2628
10.2274
10.2333
10.2407
10.2327
10.2391
10.215
10.2442
10.2364
10.2024
10.259
10.2284
10.2587
10.2453
10.2154
10.2577
10.2764
10.2698
10.2455
10.2456
10.2441
10.2386
10.2178
10.2334
10.2124
10.208
10.25
10.2318
10.283
10.2482
10.2584
10.2625
10.2373
10.2181
10.2541
10.2476
10.2418
10.244
10.2823
10.2511
10.2485
10.2241
10.2314
10.245
10.2849
10.2152
10.2243
10.2449
10.2232
10.2324
10.267
10.2509
10.2815
10.2367
10.21
10.2829
10.2369
10.2528
10.2602
10.2028
10.2081
10.2671
10.2409
10.2115
10.2449
10.2615
10.2396
10.2354
10.2557
10.2407
10.247
10.226
10.2231
10.2518
10.2346
10.2228
10.2398
10.2589
10.2717
10.2246
10.2283
10.2697
10.2505
10.2255
10.2445
10.2364
10.2393
10.2632
10.2214
10.2532
10.2249
10.2652
10.2453
10.2523
10.2425
10.2449
10.2671
10.256
10.2138
10.2467
10.2592
10.2358
10.258
10.2551
10.2366
10.2249
10.2749
10.2261
10.2684
10.2478
10.2426
10.2485
10.2236
10.2425
10.2524
10.2286
10.2331
10.2707
10.2125
10.234
10.2211
10.2596
10.2417
10.2057
10.2605
10.2657
10.2383
10.2132
10.2157
10.2368
10.2348
10.2532
10.2679
10.2309
10.2631
10.2378
10.2399
10.2551
10.2441
10.2706
10.2268
10.265
10.2423
10.2928
10.2494
10.2251
10.2644
10.2204
10.2137
10.2241
10.248
10.2655
10.2606
10.2502
10.2452
10.2242
10.2561
10.2192
10.2268
10.2416
10.2516
10.2441
10.2416
10.2485
10.2418
10.2447
10.2385
10.2405
10.2497
10.2202
10.2452
10.2172
10.2106
10.2673
10.2404
10.2335
10.2007
10.2559
10.2415
10.2187
10.2234
10.24
10.2527
10.2344
10.2365
10.2117
10.2618
10.255
10.2591
10.2374
10.2374
10.2522
10.2241
10.2406
10.2134
10.2362
10.2498
10.2435
10.2294
10.2242
10.2417
10.2437
10.2714
10.2575
10.2604
10.2164
10.2284
10.2497
10.2198
10.2644
10.2424
10.2232
10.2732
10.2476
10.2585
10.2028
10.246
10.2641
10.2256
10.2476
10.239
10.2642
10.2588
10.2376
10.2441
10.2226
10.2315
10.2104
10.2339
10.2482
10.228
10.258
10.2591
10.2602
10.2288
10.2082
10.2657
10.2273
10.2344
10.229
10.2356
10.1733
10.2501
10.2812
10.2604
10.2199
10.2627
10.2352
10.2401
10.2634
10.2668
10.2657
10.2577
10.2609
10.2655
10.2246
10.2198
10.2189
10.2587
10.2406
10.2521
10.2586
10.2065
10.2415
10.237
10.2698
10.2005
10.2572
10.2283
10.2732
10.2381
10.2648
10.2107
10.2398
10.2352
10.2781
10.2463
10.236
10.2276
10.2866
10.223
10.2256
10.2273
10.2411
10.248
10.2275
10.2216
10.2594
10.23
10.248
10.2252
10.22
10.2128
10.2156
10.2225
10.2937
10.2603
10.2461
10.2121
10.2307
10.2109
10.2258
10.2485
10.2464
10.2397
10.2432
10.232
10.2207
10.2387
10.2312
10.252
10.2612
10.2048
10.2274
10.2158
10.2803
10.2704
10.2222
10.2379
10.2246
10.2345
10.2627
10.2527
10.2476
10.2375
10.2622
10.2224
10.2517
10.2187
10.2002
10.234
10.2415
10.2501
10.2153
10.3082
10.221
10.2498
10.2399
10.2666
10.2219
10.2186
10.2469
10.2409
10.2634
10.2704
10.2348
10.2421
10.2433
10.2383
10.2621
10.2598
10.2229
10.2153
10.2472
10.2251
10.2899
10.2253
10.2453
10.2377
10.2239
10.2317
10.22
10.2189
10.2051
10.2401
10.2241
10.2764
10.2454
10.2598
10.2279
10.2478
10.2636
10.2325
10.2499
10.2426
10.2242
10.2568
10.2671
10.2208
10.222
10.2062
10.2441
10.2893
10.2248
10.2613
10.2384
10.2339
10.2205
10.2193
10.2383
10.2436
10.2236
10.2074
10.2525
10.2247
10.2602
10.2346
10.2368
10.233
10.2201
10.2187
10.2224
10.2246
10.2555
10.2481
10.2312
10.2293
10.2402
10.2237
10.2756
10.2018
10.2583
10.2418
10.2554
10.2089
10.2282
10.2305
10.2635
10.1922
10.2487
10.2206
10.2701
10.2559
10.242
10.241
10.239
10.2639
10.2851
10.284
10.2665
10.2849
10.2514
10.2506
10.2342
10.2426
10.2224
10.2258
10.2262
10.236
10.2414
10.2259
10.235
10.236
10.2757
10.2509
10.248
10.2549
10.2326
10.2506
10.237
10.2312
10.2459
10.2472
10.2389
10.2545
10.2112
10.2396
10.2396
10.2491
10.2476
10.2498
10.2307
10.2294
10.2425
10.2555
10.2568
10.229
10.2196
10.2145
10.2385
10.2163
10.24
10.2426
10.2343
10.2334
10.207
10.2323
10.2562
10.2296
10.21
10.23
10.2445
10.2199
10.2387
10.2522
10.2468
10.2706
10.2233
10.2669
10.2549
10.2044
10.2021
10.2683
10.2473
10.2603
10.2205
10.2558
10.2204
10.2331
10.2219
10.2811
10.2258
10.2471
10.2163
10.2449
10.2569
10.2358
10.2512
10.2268
10.2312
10.2206
10.1986
10.199
10.2515
10.2458
10.2657
10.2486
10.2315
10.2227
10.2783
10.2472
10.2305
10.2487
10.2329
10.2829
10.2136
10.2675
10.2618
10.2219
10.2494
10.2312
10.2306
10.2173
10.2355
10.226
10.2432
10.2942
10.2533
10.2196
10.2695
10.2483
10.2627
10.2967
10.2399
10.2298
10.2505
10.2366
10.2342
10.2696
10.2013
10.2259
10.2196
10.2074
10.2422
10.2576
10.2408
10.2198
10.2651
10.2423
10.2231
10.2424
10.2367
10.2585
10.2554
10.2379
10.2272
10.2663
10.248
10.2586
10.2563
10.2574
10.2738
10.226
10.2484
10.2424
10.2646
10.232
10.2477
10.2692
10.2412
10.2725
10.2516
10.1972
10.2422
10.2907
10.2167
10.2114
10.2599
10.2701
10.2078
10.2347
10.2038
10.2265
10.2195
10.259
10.1796
10.262
10.25
10.2371
10.2328
10.2525
10.2348
10.2437
10.2331
10.2443
10.2614
10.2594
10.2484
10.2464
10.2497
10.2532
10.2561
10.2622
10.218
10.2627
10.2447
10.2328
10.2525
10.2445
10.2518
10.281
10.2235
10.2392
10.2488
10.232
10.2425
10.2344
10.2526
10.2639
10.2322
10.2981
10.2367
10.2326
10.234
10.2397
10.236
10.2403
10.2527
10.282
10.2664
10.2218
10.2374
10.2401
10.2249
10.2425
10.2475
10.2413
10.2672
10.258
10.253
10.227
10.252
10.2545
10.2362
10.2649
10.2185
10.2415
10.2411
10.2227
10.2478
10.2335
10.2144
10.2257
10.238
10.2504
10.234
10.2136
10.2562
10.2385
10.2123
10.2644
10.2277
10.262
10.2432
10.239
10.2395
10.2181
10.2342
10.2418
10.2083
10.2039
10.2024
10.2162
10.2875
10.218
10.2378
10.2274
10.2444
10.2404
10.2301
10.2529
10.216
10.201
10.2469
10.2391
10.2398
10.2548
10.2166
10.2622
10.2511
10.2468
10.2502
10.2294
10.2247
10.2353
10.2358
10.2559
10.2575
10.2202
10.202
10.2409
10.2291
10.222
10.2232
10.2248
10.2577
10.2812
10.2355
10.2252
10.2448
10.2324
10.2434
10.2511
10.2407
10.2499
10.2352
10.2589
10.2428
10.2374
10.2607
10.2052
10.2495
10.2383
10.2341
10.2082
10.2582
10.2495
10.2179
10.2122
10.193
10.1931
10.2277
10.276
10.2122
10.252
10.2327
10.2541
10.2346
10.2368
10.2376
10.2682
10.2473
10.2561
10.2714
10.2345
10.2191
10.2512
10.2226
10.252
10.2291
10.2269
10.2438
10.2535
10.2434
10.2463
10.2231
10.2474
10.2271
10.19
10.2457
10.2726
10.2373
10.2669
10.2177
10.2351
10.2674
10.2192
10.2588
10.2371
10.2575
10.2571
10.2378
10.2434
10.2627
10.2202
10.1951
10.2725
10.2311
10.2451
10.2489
10.2651
10.2551
10.2257
10.2721
10.2514
10.238
10.2415
10.2265
10.248
10.2347
10.2204
10.2627
10.214
10.2495
10.2535
10.2268
10.2231
10.2806
10.2494
10.246
10.2576
10.23
10.2733
10.2537
10.212
10.2294
10.2696
10.2349
10.2357
10.2447
10.2327
10.26
10.2156
10.2349
10.2604
10.2528
10.2529
10.2585
10.2329
10.2423
10.2326
10.2306
10.2521
10.1937
10.2529
10.265
10.2344
10.2388
10.2282
10.2462
10.2209
10.2317
10.2305
10.2235
10.2455
10.2046
10.2154
10.2618
10.2427
10.25
10.2271
10.2211
10.2751
10.2396
10.2355
10.2578
10.2452
10.2526
10.2461
10.216
10.2128
10.2389
10.2312
10.2355
10.2474
10.26
10.2062
10.2459
10.2379
10.2545
10.2234
10.2324
10.2187
10.2615
10.2411
10.2296
10.2439
10.2195
10.2482
10.2313
10.2492
10.2351
10.2403
10.2266
10.2357
10.2557
10.2432
10.2255
10.257
10.2226
10.2065
10.2369
10.1928
10.241
10.2715
10.2252
10.2526
10.2035
10.276
10.2251
10.2537
10.2368
10.2449
10.2188
10.236
10.2529
10.2377
10.2288
10.1904
10.2509
10.2422
10.2067
10.2305
10.2338
10.2711
10.2395
10.2443
10.2282
10.228
10.2469
10.2774
10.1968
10.2105
10.2469
10.2452
10.2631
10.2592
10.2645
10.2387
10.2165
10.2363
10.2368
10.2658
10.2625
10.2166
10.2349
10.2513
10.2396
10.2659
10.2522
10.2381
10.2022
10.2618
10.2285
10.2512
10.2286
10.2357
10.2757
10.2299
10.2573
10.2158
10.2544
10.2355
10.2363
10.2515
10.2572
10.2512
10.2276
10.2518
10.2402
10.2783
10.2521
10.2718
10.2943
10.2367
10.2383
10.2663
10.2558
10.2517
10.2106
10.2227
10.2354
10.241
10.2226
10.2416
10.2748
10.2333
10.222
10.2785
10.259
10.2503
10.2442
10.2362
10.2508
10.2585
10.2435
10.2605
10.2558
10.2707
10.2671
10.2718
10.2388
10.2245
10.2651
10.2244
10.2376
10.2448
10.2307
10.2497
10.2213
10.218
10.2288
10.2902
10.2423
10.2632
10.2592
10.2323
10.2358
10.2147
10.2356
10.2278
10.2743
10.2314
10.2212
10.2759
10.2259
10.2635
10.2414
10.2352
10.2418
10.2374
10.2336
10.2074
10.2393
10.2307
10.2747
10.2361
10.2436
10.2603
10.2831
10.237
10.2541
10.2294
10.2218
10.2505
10.2307
10.2304
10.2561
10.1983
10.2526
10.2414
10.2523
10.2536
10.2422
10.2429
10.2344
10.2185
10.2547
10.28
10.2465
10.206
10.2436
10.2071
10.2256
10.2459
10.2557
10.2356
10.2477
10.28
10.2479
10.2518
10.2278
10.222
10.2302
10.2596
10.2653
10.2617
10.2164
10.2349
10.2222
10.2328
10.2324
10.2124
10.2635
10.2195
10.2261
10.2028
10.2481
10.2222
10.2331
10.2306
10.2112
10.2434
10.2368
10.2283
10.2524
10.218
10.2325
10.246
10.2518
10.2293
10.2468
10.232
10.2413
10.2704
10.2529
10.2554
10.2032
10.2396
10.2467
10.2418
10.2385
10.2676
10.2291
10.2302
10.2291
10.2638
10.2605
10.2445
10.2503
10.2645
10.2497
10.2346
10.2465
10.2642
10.2448
10.2569
10.2179
10.2486
10.2915
10.2818
10.2468
10.2479
10.2764
10.2622
10.243
10.2485
10.2369
10.247
10.2394
10.2216
10.2475
10.2174
10.2328
10.2335
10.2245
10.2211
10.2545
10.2483
10.2415
10.271
10.2226
10.2309
10.2511
10.2514
10.2409
10.2361
10.256
10.2609
10.2253
10.222
10.2634
10.2467
10.2568
10.2047
10.2712
10.2378
10.2773
10.2376
10.2498
10.2464
10.2269
10.2564
10.2563
10.2348
10.2418
10.2162
10.259
10.2519
10.2246
10.2327
10.2648
10.2701
10.1964
10.2532
10.2762
10.2377
10.2428
10.231
10.2501
10.2237
10.2472
10.2438
10.2199
10.2134
10.2431
10.2334
10.2498
10.2821
10.2379
10.2506
10.2376
10.2246
10.2105
10.23
10.2688
10.2312
10.2353
10.24
10.2012
10.2271
10.2575
10.2248
10.217
10.2387
10.2186
10.2423
10.2606
10.2539
10.237
10.2543
10.2506
10.2511
10.2594
10.2671
10.2545
10.2649
10.2644
10.2505
10.2379
10.2856
10.219
10.2363
10.2348
10.2483
10.2524
10.2588
10.2325
10.2303
10.1991
10.2493
10.2597
10.2258
10.2362
10.256
10.238
10.2536
10.2112
10.2314
10.239
10.2353
10.2349
10.2361
10.2697
10.2032
10.2503
10.2238
10.2489
10.23
10.2214
10.229
10.223
10.2228
10.2242
10.2567
10.2736
10.2323
10.2269
10.2259
10.2286
10.2389
10.2322
10.2328
10.2331
10.2639
10.2326
10.2656
10.2186
10.2355
10.2282
10.219
10.2093
10.2443
10.25
10.2801
10.2525
10.2305
10.2273
10.2327
10.2114
10.2473
10.2479
10.2293
10.2681
10.284
10.1922
10.2363
10.2407
10.2257
10.2232
10.2401
10.2321
10.2203
10.2344
10.2351
10.2582
10.2431
10.2844
10.2562
10.2601
10.2422
10.226
10.2378
10.2338
10.2203
10.2172
10.2302
10.2652
10.2045
10.2125
10.2617
10.2384
10.2495
10.2326
10.2637
10.22
10.2242
10.2384
10.2746
10.2251
10.2286
10.196
10.2319
10.2835
10.255
10.2518
10.235
10.2404
10.2297
10.2622
10.2479
10.2535
10.2693
10.254
10.2468
10.262
10.2163
10.2594
10.2511
10.2586
10.2503
10.2427
10.2632
10.2583
10.2432
10.2553
10.2238
10.2717
10.2681
10.2078
10.2545
10.2545
10.235
10.2366
10.1954
10.2371
10.2104
10.2623
10.2162
10.2356
10.2344
10.2503
10.2282
10.2235
10.2495
10.2403
10.2158
10.2268
10.2475
10.224
10.2464
10.2466
10.2305
10.2579
10.2244
10.2264
10.2328
10.2783
10.2572
10.2454
10.247
10.2358
10.2203
10.2265
10.2284
10.2426
10.2448
10.261
10.2542
10.2519
10.2341
10.2725
10.2391
10.239
10.2384
10.2262
10.24
10.2402
10.2584
10.2327
10.2539
10.2459
10.247
10.257
10.2564
10.2488
10.2079
10.2388
10.2769
10.2487
10.277
10.2217
10.2286
10.228
10.2502
10.2985
10.2138
10.2662
10.2602
10.2294
10.2371
10.259
10.2408
10.2602
10.218
10.2677
10.2822
10.2615
10.2729
10.2389
10.2125
10.2581
10.2447
10.2306
10.2307
10.275
10.2431
10.247
10.2148
10.2318
10.2337
10.2538
10.2347
10.2126
10.2344
10.2478
10.2756
10.2441
10.2974
10.2365
10.2044
10.2592
10.2454
10.238
10.2395
10.2213
10.2658
10.2188
10.2514
10.2389
10.2363
10.2423
10.2119
10.2443
10.2407
10.2153
10.2344
10.2145
10.2533
10.2462
10.237
10.2415
10.2405
10.2658
10.2358
10.2139
10.2477
10.2523
10.2564
10.2332
10.2386
10.2132
10.229
10.2425
10.2895
10.2367
10.2257
10.2922
10.2314
10.2392
10.2272
10.2079
10.2906
10.2498
10.2395
10.2302
10.2362
10.2368
10.2353
10.2306
10.2535
10.2479
10.2589
10.2459
10.2639
10.2098
10.2084
10.2154
10.2626
10.2372
10.2119
10.2217
10.2388
10.262
10.2541
10.2306
10.2329
10.2299
10.2201
10.235
10.2711
10.2758
10.2102
10.2481
10.227
10.2454
10.2554
10.2433
10.2436
10.2342
10.2143
10.2358
10.2187
10.2277
10.2532
10.2246
10.2251
10.2057
10.2175
10.2518
10.2066
10.2206
10.2225
10.2189
10.2536
10.2585
10.2421
10.2148
10.2553
10.25
10.2871
10.2048
10.2291
10.2343
10.2181
10.2419
10.1991
10.2442
10.2396
10.2118
10.2123
10.2625
10.247
10.242
10.1978
10.2122
10.2534
10.2622
10.2122
10.2012
10.2901
10.2123
10.2686
10.2531
10.2336
10.258
10.2619
10.2436
10.2481
10.2231
10.2272
10.2582
10.2306
10.2694
10.224
10.2052
10.2206
10.269
10.2473
10.2215
10.2339
10.2193
10.2112
10.2138
10.2172
10.2548
10.2302
10.2564
10.2172
10.2789
10.242
10.2369
10.22
10.2179
10.2293
10.2235
10.2384
10.2554
10.2526
10.2653
10.2166
10.2591
10.2668
10.2477
10.2504
10.2315
10.2224
10.2474
10.2402
10.2641
10.2856
10.239
10.255
10.2238
10.2334
10.2328
10.2417
10.2526
10.2425
10.2234
10.2119
10.251
10.2494
10.2606
10.2678
10.227
10.2719
10.2681
10.2425
10.2265
10.2537
10.2713
10.2256
10.2611
10.246
10.2319
10.2398
10.2465
10.2302
10.2587
10.2495
10.257
10.2353
10.2662
10.1963
10.2529
10.2438
10.2299
10.2578
10.2214
10.2456
10.2556
10.2597
10.2413
10.2342
10.2441
10.2489
10.2426
10.2283
10.2633
10.2287
10.258
10.2336
10.2355
10.276
10.2191
10.2561
10.2384
10.2221
10.2506
10.2337
10.2248
10.2265
10.266
10.2342
10.2347
10.2151
10.2367
10.257
10.2374
10.2526
10.224
10.2678
10.2461
10.2465
10.2684
10.2428
10.2379
10.2237
10.193
10.2566
10.2566
10.2574
10.2875
10.2108
10.2678
10.2338
10.2383
10.2311
10.2391
10.2641
10.2592
10.2631
10.2428
10.2236
10.224
10.2396
10.2256
10.247
10.2314
10.2649
10.2324
10.2524
10.2513
10.2516
10.2409
10.2385
10.2392
10.269
10.2404
10.2631
10.2239
10.2482
10.2655
10.2607
10.2379
10.2564
10.2589
10.2283
10.2774
10.2555
10.2271
10.2674
10.2337
10.2702
10.2425
10.2385
10.2388
10.2561
10.1952
10.1905
10.2455
10.2223
10.2109
10.2488
10.2234
10.2241
10.2168
10.213
10.2608
10.2169
10.2112
10.2551
10.2561
10.2457
10.2376
10.251
10.2616
10.2183
10.2145
10.2391
10.2026
10.2257
10.2738
10.262
10.2238
10.2364
10.2586
10.208
10.2267
10.2552
10.2031
10.2529
10.2745
10.2292
10.2273
10.24
10.2348
10.2177
10.2318
10.2516
10.2567
10.2426
10.1936
10.2685
10.246
10.2478
10.2554
10.2686
10.2358
10.2578
10.2661
10.2431
10.226
10.2464
10.2725
10.229
10.2423
10.2476
10.2638
10.2396
10.2464
10.2315
10.253
10.2361
10.2378
10.2449
10.2509
10.2363
10.2376
10.2456
10.2495
10.2484
10.2659
10.2044
10.2259
10.2245
10.238
10.2378
10.2261
10.2549
10.2255
10.2419
10.2549
10.2011
10.2105
10.2432
10.229
10.2551
10.2421
10.2516
10.2248
10.244
10.251
10.2224
10.2813
10.2273
10.231
10.2318
10.2344
10.2133
10.2792
10.2482
10.2598
10.2479
10.247
10.2473
10.2633
10.2237
10.2545
10.2461
10.2109
10.2559
10.2339
10.2554
10.277
10.2667
10.2446
10.2566
10.2507
10.2395
10.2425
10.2329
10.2132
10.2553
10.2783
10.2327
10.241
10.2364
10.2309
10.2173
10.2527
10.2289
10.242
10.2332
10.2612
10.2442
10.236
10.2357
10.2462
10.2433
10.2458
10.2249
10.2596
10.2275
10.2441
10.2197
10.2674
10.2559
10.255
10.2184
10.2081
10.2429
10.2399
10.2586
10.245
10.2163
10.2296
10.2273
10.2248
10.2502
10.2617
10.2783
10.2422
10.2376
10.2512
10.2653
10.2457
10.2416
10.2249
10.2402
10.2364
10.2597
10.2381
10.269
10.2596
10.2531
10.2471
10.2582
10.2328
10.2567
10.2171
10.2555
10.2349
10.2174
10.1905
10.2298
10.2343
10.2683
10.26
10.1843
10.2733
10.2607
10.2203
10.2445
10.2216
10.2378
10.2143
10.2068
10.2375
10.25
10.2539
10.2434
10.2573
10.2694
10.2481
10.2492
10.2449
10.2468
10.2499
10.2637
10.2336
10.2353
10.2282
10.2311
10.2321
10.2164
10.2368
10.2581
10.2272
10.2475
10.224
10.2263
10.277
10.2518
10.2042
10.2318
10.2309
10.2193
10.2109
10.2659
10.2544
10.2737
10.2266
10.2401
10.2427
10.2768
10.2548
10.2328
10.238
10.2439
10.2443
10.236
10.2486
10.2521
10.2692
10.2447
10.2269
10.2389
10.2292
10.2378
10.2238
10.2628
10.2212
10.2433
10.2235
10.2456
10.2561
10.2366
10.2409
10.1814
10.2468
10.2493
10.2238
10.2642
10.2502
10.2782
10.2309
10.2356
10.2513
10.2432
10.2697
10.2473
10.224
10.232
10.2664
10.272
10.2097
10.2638
10.2362
10.2397
10.2433
10.2323
10.2296
10.2688
10.2476
10.2412
10.2218
10.2841
10.2122
10.2446
10.2814
10.2511
10.2098
10.25
10.2424
10.2296
10.2535
10.2249
10.2263
10.2804
10.2529
10.2914
10.2511
10.2557
10.2466
10.2244
10.2766
10.267
10.2368
10.2218
10.2568
10.2621
10.2343
10.2464
10.2159
10.2581
10.247
10.2197
10.2431
10.2466
10.291
10.2004
10.23
10.2521
10.2034
10.2572
10.2361
10.2323
10.2682
10.2469
10.2006
10.2472
10.2809
10.2541
10.2213
10.2358
10.2094
10.2543
10.2308
10.216
10.2549
10.2113
10.2161
10.239
10.243
10.2113
10.2736
10.2433
10.2273
10.2511
10.2342
10.2087
10.2327
10.2348
10.239
10.2538
10.2403
10.2374
10.2335
10.219
10.2371
10.256
10.2584
10.2709
10.2306
10.2642
10.2399
10.2777
10.2615
10.2615
10.2165
10.2526
10.2534
10.2586
10.2273
10.2086
10.2201
10.2238
10.2382
10.2422
10.2172
10.2236
10.25
10.2428
10.2401
10.2539
10.2348
10.2297
10.2328
10.2609
10.2356
10.2566
10.2152
10.2289
10.2417
10.1976
10.2501
10.2525
10.272
10.2517
10.2352
10.2413
10.2394
10.249
10.2712
10.2646
10.2174
10.2146
10.2519
10.2109
10.2514
10.2322
10.2278
10.2308
10.2205
10.2259
10.2366
10.2388
10.2491
10.228
10.2159
10.2804
10.2427
10.2454
10.2139
10.2176
10.2429
10.2436
10.2463
10.2102
10.2306
10.2289
10.2623
10.2381
10.2377
10.2689
10.2118
10.2357
10.2291
10.2111
10.2485
10.2495
10.2449
10.2335
10.2372
10.2239
10.2269
10.256
10.2615
10.2113
10.2298
10.1875
10.2435
10.2404
10.2226
10.2536
10.2168
10.2152
10.2338
10.2431
10.2296
10.2574
10.2189
10.2463
10.246
10.2294
10.2317
10.2134
10.2509
10.247
10.2265
10.2452
10.2599
10.2367
10.2455
10.2806
10.2614
10.2504
10.266
10.2622
10.2247
10.2419
10.2465
10.2325
10.2461
10.2407
10.239
10.2118
10.2178
10.2508
10.219
10.2401
10.2197
10.2263
10.2174
10.2581
10.2497
10.2259
10.2378
10.2696
10.2377
10.2141
10.2234
10.2244
10.2497
10.2663
10.2263
10.2695
10.2221
10.2455
10.2393
10.2611
10.2397
10.1922
10.2363
10.2711
10.2326
10.2429
10.252
10.2528
10.2458
10.2691
10.2194
10.2283
10.2474
10.2449
10.2512
10.2516
10.2531
10.2298
10.2526
10.2355
10.2649
10.208
10.2293
10.2651
10.2364
10.2118
10.2365
10.2131
10.2398
10.2417
10.2343
10.2284
10.2234
10.2382
10.205
10.224
10.2479
10.2209
10.2405
10.2475
10.2374
10.2337
10.2213
10.2377
10.2402
10.2356
10.2052
10.2688
10.2497
10.2563
10.246
10.2132
10.2439
10.2038
10.2727
10.2488
10.2197
10.2305
10.2377
10.2334
10.2451
10.2632
10.2223
10.2323
10.2547
10.2151
10.2336
10.2768
10.2419
10.2636
10.2138
10.2277
10.2544
10.26
10.2779
10.219
10.2662
10.2736
10.211
10.2558
10.2039
10.2256
10.1904
10.2509
10.2571
10.2531
10.2228
10.2405
10.2305
10.241
10.2125
10.2627
10.2378
10.2773
10.2634
10.2104
10.2189
10.2652
10.2433
10.2267
10.2515
10.2421
10.2459
10.2431
10.2401
10.218
10.2526
10.2283
10.2414
10.2452
10.2431
10.2333
10.2301
10.2451
10.2308
10.2321
10.2259
10.2298
10.2038
10.2333
10.2443
10.2181
10.2492
10.2556
10.2398
10.2571
10.2262
10.243
10.223
10.2195
10.2431
10.2182
10.2554
10.2243
10.2256
10.2555
10.262
10.2417
10.2396
10.2346
10.2384
10.2543
10.2339
10.2531
10.2436
10.2019
10.2027
10.2277
10.2577
10.2463
10.2162
10.2422
10.2651
10.2447
10.2447
10.2413
10.2409
10.2487
10.2543
10.2106
10.2477
10.245
10.2121
10.2668
10.2913
10.2672
10.2504
10.2305
10.2657
10.2249
10.217
10.2279
10.2711
10.2458
10.2448
10.2317
10.2475
10.2371
10.2244
10.2516
10.2467
10.2426
10.2012
10.2448
10.2658
10.231
10.2429
10.2306
10.2223
10.2382
10.2416
10.2138
10.2203
10.2417
10.2394
10.2399
10.2681
10.2359
10.2376
10.2375
10.2482
10.2377
10.2591
10.264
10.2667
10.2115
10.2197
10.2153
10.2776
10.2724
10.2357
10.2377
10.2398
10.238
10.2163
10.2562
10.2429
10.2418
10.2597
10.2177
10.2308
10.2406
10.2505
10.2302
10.2405
10.2123
10.2518
10.216
10.237
10.2551
10.2336
10.23
10.2446
10.2777
10.2437
10.2553
10.2074
10.2112
10.2429
10.2314
10.2274
10.2705
10.2107
10.2478
10.2279
10.2072
10.2153
10.2279
10.2267
10.2437
10.2497
10.2331
10.2791
10.2391
10.1886
10.2322
10.2764
10.2289
10.2547
10.2361
10.2577
10.2747
10.2478
10.2514
10.2232
10.2569
10.2855
10.2268
10.2574
10.2089
10.2275
10.2505
10.2656
10.2201
10.2452
10.2782
10.2338
10.2377
10.2969
10.2436
10.2173
10.2486
10.2163
10.265
10.2107
10.2603
10.2398
10.2186
10.2247
10.2531
10.2636
10.2526
10.2844
10.2109
10.2299
10.22
10.2338
10.2485
10.2566
10.2049
10.2581
10.255
10.2465
10.2448
10.2336
10.2432
10.2331
10.2574
10.2247
10.2585
10.2456
10.2323
10.2631
10.2543
10.2734
10.2436
10.2695
10.224
10.2714
10.2443
10.2099
10.2486
10.2183
10.266
10.2506
10.2772
10.2559
10.2287
10.2207
10.2499
10.2664
10.236
10.2486
10.2242
10.227
10.2235
10.2312
10.2683
10.2327
10.2513
10.2337
10.2387
10.2816
10.2577
10.2552
10.2434
10.2575
10.2322
10.2035
10.2322
10.2445
10.2351
10.238
10.21
10.2057
10.2456
10.254
10.2626
10.2217
10.242
10.2224
10.2627
10.2373
10.2121
10.2463
10.2474
10.272
10.2499
10.2249
10.1847
10.2482
10.2551
10.2263
10.2482
10.2326
10.2667
10.2528
10.2187
10.2586
10.2379
10.2593
10.2363
10.2557
10.2216
10.2367
10.2791
10.2107
10.2046
10.2058
10.2285
10.2631
10.2218
10.2622
10.2523
10.2125
10.2336
10.2241
10.2261
10.2202
10.2531
10.2459
10.2388
10.2119
10.2291
10.2682
10.2667
10.2661
10.2205
10.2254
10.2612
10.2546
10.2502
10.2369
10.2358
10.2646
10.2577
10.2451
10.2657
10.2579
10.2676
10.185
10.2341
10.2482
10.2687
10.2424
10.2796
10.2282
10.2169
10.236
10.2329
10.2286
10.2587
10.2285
10.2591
10.2249
10.2391
10.257
10.262
10.2522
10.2534
10.2102
10.2664
10.2231
10.2519
10.2353
10.26
10.2432
10.2208
10.2694
10.24
10.2416
10.2329
10.2064
10.2723
10.232
10.238
10.2343
10.2445
10.2127
10.2652
10.2517
10.2258
10.2269
10.2688
10.2276
10.2405
10.2228
10.2562
10.2548
10.2249
10.2302
10.2644
10.2242
10.2108
10.2714
10.2672
10.2577
10.2301
10.2535
10.2357
10.2699
10.2372
10.256
10.2542
10.2546
10.2549
10.2371
10.1871
10.2948
10.2463
10.2462
10.2434
10.228
10.2911
10.2295
10.2611
10.2338
10.2378
10.2359
10.2487
10.2096
10.2449
10.2581
10.2313
10.2062
10.226
10.2528
10.2554
10.2512
10.2421
10.2323
10.2263
10.2347
10.2239
10.2207
10.2722
10.2231
10.3016
10.2104
10.2231
10.2251
10.2396
10.254
10.225
10.2482
10.2553
10.2319
10.2731
10.2346
10.2309
10.2586
10.2543
10.2692
10.2425
10.244
10.2279
10.2425
10.259
10.221
10.2451
10.2738
10.2287
10.2242
10.2512
10.2477
10.2285
10.2385
10.2694
10.2291
10.2118
10.2269
10.2489
10.2506
10.2858
10.2612
10.215
10.256
10.2406
10.2473
10.2619
10.2243
10.2304
10.2578
10.2461
10.2436
10.2588
10.2548
10.2511
10.2431
10.253
10.2322
10.2022
10.2635
10.2228
10.2394
10.228
10.2436
10.2163
10.2518
10.2583
10.2327
10.221
10.2534
10.2403
10.2498
10.2927
10.2611
10.2099
10.2361
10.2545
10.2465
10.225
10.2424
10.2206
10.2192
10.2219
10.2585
10.2523
10.2652
10.2344
10.2534
10.2411
10.2178
10.245
10.2462
10.2109
10.2289
10.2339
10.2012
10.2146
10.272
10.2315
10.2515
10.2026
10.2254
10.2161
10.2487
10.2403
10.2241
10.226
10.2163
10.2658
10.2286
10.2263
10.2306
10.2374
10.2285
10.2513
10.2498
10.2297
10.2692
10.2522
10.24
10.234
10.2323
10.2208
10.2454
10.2211
10.2552
10.261
10.2156
10.2775
10.2337
10.266
10.2188
10.2247
10.2496
10.2378
10.2189
10.2572
10.2595
10.2984
10.2275
10.2782
10.2455
10.2547
10.2247
10.2466
10.1995
10.255
10.2448
10.2331
10.2378
10.2488
10.2691
10.2608
10.2538
10.2527
10.2316
10.2351
10.2627
10.2555
10.2311
10.2524
10.2187
10.2805
10.2211
10.2055
10.2452
10.2155
10.2138
10.2203
10.2485
10.227
10.2137
10.2428
10.2269
10.2257
10.2419
10.2464
10.2569
10.2318
10.2261
10.2039
10.2198
10.2119
10.2077
10.2527
10.2226
10.2493
10.2074
10.2722
10.2306
10.2582
10.2179
10.2297
10.2731
10.284
10.2538
10.208
10.251
10.231
10.2445
10.2475
10.2169
10.2164
10.2394
10.2602
10.2876
10.2498
10.2476
10.2023
10.2427
10.2794
10.2543
10.2597
10.2459
10.2513
10.2522
10.2614
10.247
10.254
10.2369
10.2482
10.2445
10.2319
10.2181
10.2428
10.2558
10.2575
10.2344
10.2316
10.2105
10.2245
10.2595
10.2542
10.2448
10.2578
10.225
10.2369
10.2096
10.2468
10.2144
10.2677
10.2419
10.2503
10.2259
10.2451
10.2855
10.2015
10.2614
10.2609
10.2283
10.2546
10.2194
10.2315
10.2407
10.2381
10.2577
10.2555
10.2379
10.2496
10.258
10.209
10.2129
10.264
10.2498
10.2569
10.2551
10.2501
10.2694
10.2383
10.2489
10.2651
10.257
10.2422
10.246
10.2282
10.2361
10.207
10.2323
10.2521
10.2605
10.2383
10.2289
10.2314
10.2343
10.2484
10.2472
10.2341
10.2534
10.2264
10.2589
10.2638
10.2453
10.2456
10.249
10.2513
10.2303
10.2767
10.2608
10.255
10.2585
10.2676
10.2646
10.257
10.2502
10.2073
10.2435
10.2131
10.2668
10.2445
10.2144
10.2254
10.2553
10.2591
10.2597
10.2487
10.2228
10.2202
10.232
10.1962
10.2291
10.2351
10.2076
10.2257
10.2503
10.2377
10.2534
10.2489
10.2465
10.227
10.2112
10.2433
10.2551
10.2522
10.2619
10.2709
10.235
10.2267
10.2414
10.2396
10.2005
10.2431
10.2348
10.2487
10.2475
10.2578
10.2698
10.2417
10.2336
10.2336
10.2625
10.2306
10.2499
10.2323
10.2468
10.2412
10.2418
10.2407
10.2506
10.2369
10.2595
10.242
10.2509
10.2413
10.2295
10.2842
10.2472
10.2507
10.2871
10.2137
10.2752
10.2339
10.2381
10.2591
10.2156
10.2281
10.2386
10.2615
10.2335
10.2568
10.2517
10.2556
10.2436
10.2199
10.2127
10.2041
10.2283
10.2512
10.226
10.2511
10.22
10.2215
10.2552
10.2332
10.2679
10.2349
10.2622
10.2229
10.2199
10.2311
10.2147
10.2169
10.2156
10.2476
10.2463
10.2459
10.2557
10.2302
10.2694
10.2455
10.2317
10.2444
10.2301
10.2359
10.226
10.2725
10.2573
10.2208
10.2413
10.2484
10.2712
10.2285
10.2153
10.23
10.2404
10.2481
10.2342
10.2242
10.2358
10.2282
10.2462
10.2344
10.2342
10.2562
10.2414
10.2229
10.239
10.2394
10.2396
10.2456
10.2563
10.2291
10.226
10.2681
10.241
10.264
10.2333
10.2239
10.2518
10.2329
10.2116
10.2342
10.219
10.2365
10.2556
10.263
10.2413
10.2443
10.2593
10.2515
10.2202
10.2375
10.2541
10.2466
10.2245
10.2321
10.2721
10.2192
10.2442
10.2444
10.2625
10.2361
10.2824
10.2406
10.2509
10.2352
10.2398
10.2462
10.2453
10.2254
10.2749
10.258
10.2598
10.2234
10.2297
10.2453
10.2639
10.2658
10.2647
10.2489
10.2449
10.2673
10.2527
10.2571
10.2055
10.2587
10.2579
10.2194
10.2195
10.2493
10.2163
10.2259
10.2569
10.1925
10.2509
10.2532
10.2348
10.2078
10.2308
10.1973
10.2428
10.2251
10.2603
10.2243
10.2403
10.2646
10.2349
10.2662
10.2674
10.2399
10.2428
10.2389
10.2387
10.2258
10.2357
10.242
10.2244
10.246
10.2549
10.2389
10.2504
10.2478
10.2642
10.2802
10.2612
10.2525
10.2464
10.2321
10.2407
10.2526
10.251
10.2301
10.2462
10.2447
10.2571
10.24
10.2252
10.2315
10.2572
10.2416
10.2393
10.1867
10.247
10.2508
10.2363
10.2271
10.2249
10.2323
10.228
10.2248
10.2213
10.2103
10.2215
10.2637
10.2209
10.2518
10.2528
10.247
10.2356
10.241
10.288
10.2547
10.2414
10.2308
10.2314
10.247
10.2339
10.2211
10.2462
10.2233
10.2627
10.2256
10.2437
10.2242
10.2307
10.237
10.2312
10.205
10.248
10.2479
10.257
10.2676
10.2298
10.239
10.2531
10.2421
10.2298
10.2484
10.218
10.2276
10.2325
10.2142
10.2358
10.2217
10.2554
10.2495
10.2878
10.2426
10.2277
10.2701
10.2562
10.2334
10.2255
10.2398
10.2472
10.2362
10.2528
10.2297
10.2434
10.2057
10.2448
10.2682
10.2543
10.222
10.2437
10.244
10.2263
10.2335
10.2537
10.2347
10.2704
10.2529
10.2711
10.265
10.2667
10.2437
10.2589
10.2659
10.2434
10.27
10.2289
10.2425
10.2238
10.241
10.2223
10.2202
10.2712
10.1935
10.2481
10.2089
10.2649
10.2603
10.2681
10.2181
10.2553
10.2516
10.2187
10.2207
10.2643
10.2444
10.2204
10.261
10.2256
10.2591
10.2346
10.1965
10.2415
10.2443
10.2405
10.21
10.2449
10.2454
10.2116
10.2519
10.2385
10.262
10.1965
10.2202
10.2318
10.2385
10.2256
10.225
10.2667
10.2415
10.2395
10.2131
10.2313
10.2447
10.2225
10.2088
10.208
10.2618
10.2209
10.226
10.2513
10.2426
10.213
10.2635
10.2544
10.2711
10.2348
10.2293
10.2569
10.2422
10.2528
10.2634
10.2308
10.2541
10.2594
10.2632
10.2372
10.2372
10.2256
10.2642
10.228
10.2417
10.2302
10.2342
10.2352
10.2559
10.2515
10.2088
10.2765
10.2633
10.244
10.2761
10.2474
10.2594
10.2649
10.2726
10.217
10.2382
10.2128
10.2486
10.2237
10.2614
10.2575
10.26
10.2507
10.2508
10.2319
10.2864
10.2185
10.2269
10.2343
10.2374
10.2409
10.2182
10.2281
10.2348
10.2276
10.2292
10.259
10.2629
10.2379
10.252
10.2362
10.2812
10.2241
10.2506
10.234
10.2453
10.2043
10.2261
10.2183
10.2371
10.2688
10.2036
10.2645
10.2711
10.2591
10.2142
10.2558
10.2678
10.2232
10.2475
10.2034
10.2206
10.3006
10.23
10.2082
10.2034
10.2638
10.2441
10.2289
10.2145
10.2432
10.218
10.2073
10.2346
10.2087
10.2311
10.2215
10.2674
10.2672
10.2443
10.2437
10.2611
10.2372
10.221
10.207
10.2385
10.2288
10.2403
10.2388
10.2204
10.2437
10.2329
10.255
10.2404
10.2297
10.2484
10.2375
10.2692
10.2559
10.2449
10.2447
10.2514
10.2524
10.2481
10.2504
10.2347
10.2829
10.2357
10.2469
10.2333
10.236
10.2546
10.2519
10.2624
10.259
10.2216
10.2467
10.2276
10.2492
10.2164
10.2235
10.2365
10.2263
10.2435
10.2661
10.2194
10.2184
10.2233
10.261
10.2624
10.2495
10.2752
10.2646
10.2528
10.2604
10.2023
10.2366
10.2001
10.2419
10.2463
10.2287
10.2409
10.2744
10.2312
10.2173
10.2364
10.2178
10.2103
10.2573
10.2351
10.2642
10.278
10.2204
10.2511
10.251
10.2435
10.2243
10.2268
10.2703
10.2389
10.2143
10.2532
10.2467
10.245
10.2452
10.2808
10.2444
10.2503
10.255
10.2425
10.2344
10.2518
10.2124
10.2242
10.2769
10.2346
10.2373
10.2472
10.2776
10.2605
10.2326
10.263
10.2396
10.2473
10.2595
10.2711
10.2017
10.2532
10.2112
10.2452
10.2269
10.2628
10.2274
10.2194
10.2586
10.2585
10.2518
10.2421
10.2407
10.231
10.26
10.2404
10.2187
10.2251
10.2193
10.2682
10.2376
10.2381
10.1939
10.2049
10.2319
10.231
10.2496
10.2794
10.2526
10.255
10.243
10.2083
10.2336
10.2008
10.2454
10.2586
10.2198
10.2455
10.2505
10.2335
10.224
10.2274
10.2392
10.2591
10.2533
10.2498
10.2537
10.251
10.2482
10.2447
10.2712
10.2138
10.2236
10.2495
10.2309
10.2194
10.2077
10.2296
10.2251
10.2354
10.2295
10.2359
10.2349
10.2731
10.2381
10.2263
10.2371
10.2279
10.2565
10.2533
10.2287
10.2007
10.2187
10.2509
10.2661
10.2781
10.2452
10.2331
10.2329
10.2148
10.2487
10.2179
10.2348
10.2693
10.253
10.2355
10.2596
10.2533
10.2496
10.2351
10.24
10.2361
10.2429
10.2349
10.2287
10.2535
10.2599
10.2551
10.2267
10.2763
10.2267
10.2517
10.209
10.2515
10.2783
10.2737
10.282
10.2272
10.2556
10.2193
10.2604
10.2353
10.2102
10.2419
10.2452
10.2745
10.263
10.2758
10.2172
10.2238
10.2394
10.2716
10.2224
10.228
10.2249
10.2413
10.2447
10.2214
10.2546
10.2288
10.2418
10.232
10.2455
10.2582
10.1937
10.2623
10.2371
10.2327
10.2378
10.2447
10.2133
10.2383
10.2261
10.2394
10.2521
10.2517
10.2492
10.2028
10.262
10.2165
10.2243
10.2395
10.2215
10.2352
10.2455
10.2537
10.2389
10.2345
10.2525
10.2265
10.2127
10.2574
10.2329
10.2249
10.22
10.2667
10.2319
10.2262
10.2459
10.2806
10.249
10.2431
10.2239
10.2457
10.2379
10.2603
10.2405
10.273
10.2597
10.2163
10.2479
10.2643
10.2355
10.2733
10.2629
10.2564
10.2204
10.2485
10.234
10.2704
10.2469
10.2741
10.2191
10.2817
10.2417
10.2029
10.246
10.2484
10.2505
10.2248
10.285
10.2543
10.21
10.2494
10.2167
10.2509
10.2069
10.2419
10.2422
10.2491
10.2169
10.2401
10.2817
10.2482
10.2412
10.2412
10.2273
10.212
10.307
10.2445
10.2438
10.2207
10.255
10.2166
10.2291
10.2115
10.2575
10.2354
10.2377
10.2366
10.2506
10.2244
10.2433
10.2421
10.2388
10.2427
10.256
10.2657
10.2079
10.2487
10.2406
10.2473
10.264
10.2337
10.2604
10.2526
10.2354
10.2159
10.2373
10.2414
10.239
10.2329
10.2216
10.1919
10.2501
10.2646
10.2465
10.2812
10.2382
10.2343
10.2344
10.2537
10.2111
10.2751
10.2249
10.2463
10.2186
10.2312
10.2425
10.2784
10.2536
10.2378
10.2934
10.2459
10.2611
10.2402
10.2564
10.2415
10.2173
10.2251
10.2574
10.2062
10.2358
10.222
10.1899
10.2699
10.2506
10.2342
10.276
10.2724
10.2666
10.2248
10.2725
10.2651
10.2556
10.2495
10.2014
10.2253
10.2404
10.2516
10.2103
10.245
10.2412
10.2125
10.2227
10.2233
10.2681
10.2618
10.2396
10.2742
10.2379
10.25
10.2573
10.2027
10.2785
10.2335
10.2526
10.2193
10.2701
10.2441
10.2556
10.2423
10.2253
10.2482
10.2317
10.2419
10.2215
10.2346
10.2286
10.2458
10.2447
10.1945
10.2414
10.2323
10.261
10.2442
10.2512
10.2109
10.268
10.2467
10.2303
10.2558
10.2276
10.248
10.242
10.2095
10.2057
10.2221
10.2324
10.2347
10.2557
10.2167
10.1996
10.282
10.2342
10.26
10.2442
10.2613
10.2223
10.2827
10.2181
10.2106
10.2169
10.2147
10.2715
10.2208
10.2392
10.2501
10.2323
10.2542
10.2773
10.1897
10.2196
10.2505
10.222
10.2281
10.2237
10.264
10.217
10.2531
10.2526
10.237
10.2281
10.2275
10.2164
10.2226
10.232
10.2255
10.2445
10.2269
10.2266
10.2405
10.252
10.2576
10.2239
10.2728
10.2585
10.2188
10.202
10.2357
10.2582
10.2491
10.2292
10.2376
10.2463
10.2576
10.2186
10.2396
10.2359
10.2385
10.2525
10.2561
10.271
10.2827
10.2321
10.2535
10.2517
10.2635
10.2656
10.2562
10.2436
10.2353
10.2455
10.2465
10.2347
10.233
10.2697
10.2032
10.2318
10.2529
10.2553
10.2656
10.2685
10.2632
10.234
10.26
10.2104
10.247
10.2325
10.2821
10.2109
10.2649
10.2399
10.2697
10.2685
10.2248
10.2432
10.2646
10.2603
10.2161
10.2401
10.2169
10.2142
10.2366
10.2358
10.2956
10.2206
10.273
10.2588
10.2449
10.2508
10.2546
10.2549
10.2309
10.2132
10.2172
10.2462
10.2621
10.2588
10.2196
10.237
10.2581
10.2118
10.2523
10.2512
10.2101
10.2509
10.2208
10.2358
10.1856
10.2452
10.2491
10.2519
10.2385
10.2544
10.2313
10.2695
10.2474
10.2353
10.2299
10.22
10.2547
10.2237
10.2406
10.2609
10.2223
10.2293
10.2339
10.2858
10.2488
10.2306
10.2293
10.2099
10.2543
10.2493
10.2454
10.2457
10.257
10.2213
10.2411
10.2236
10.2405
10.2679
10.2713
10.2278
10.2462
10.2385
10.2485
10.2254
10.2494
10.2306
10.2558
10.2532
10.2636
10.2477
10.2414
10.215
10.2397
10.2973
10.2257
10.2753
10.2196
10.1999
10.2532
10.3051
10.2508
10.2409
10.2389
10.2963
10.2419
10.2404
10.2727
10.2187
10.2342
10.2095
10.2428
10.2508
10.2414
10.2537
10.2806
10.2434
10.2075
10.2314
10.2615
10.2529
10.2654
10.237
10.2341
10.261
10.2377
10.2389
10.2395
10.2608
10.2276
10.2104
10.2217
10.22
10.2657
10.2344
10.2544
10.2599
10.2522
10.2534
10.227
10.1998
10.2516
10.2395
10.2202
10.2409
10.2382
10.2578
10.2409
10.2516
10.2321
10.2481
10.2304
10.2362
10.2305
10.2502
10.2519
10.254
10.21
10.2322
10.2588
10.2556
10.2162
10.1734
10.2638
10.2163
10.2498
10.2369
10.2418
10.2315
10.2415
10.2224
10.2288
10.2398
10.2295
10.271
10.26
10.2062
10.2535
10.2495
10.2636
10.2535
10.2516
10.2483
10.2361
10.2451
10.2663
10.2569
10.2021
10.2773
10.223
10.2617
10.2343
10.2425
10.2402
10.2574
10.2476
10.2272
10.2444
10.2433
10.2916
10.2125
10.2648
10.212
10.2476
10.2382
10.2315
10.231
10.2933
10.2622
10.2173
10.2427
10.2568
10.2324
10.2063
10.2137
10.2194
10.2707
10.2289
10.2337
10.2073
10.264
10.2395
10.2638
10.2406
10.2451
10.2542
10.2973
10.2423
10.241
10.2504
10.2389
10.2195
10.2587
10.2411
10.2114
10.2363
10.2537
10.2329
10.2615
10.2229
10.2063
10.2426
10.2691
10.2434
10.2115
10.2456
10.2564
10.2593
10.2275
10.2533
10.2276
10.2245
10.2318
10.2221
10.2327
10.2625
10.2417
10.2354
10.2194
10.2571
10.245
10.1992
10.2342
10.2348
10.2438
10.273
10.2787
10.2325
10.2483
10.2415
10.2585
10.2441
10.2287
10.2613
10.267
10.247
10.2217
10.2207
10.2555
10.275
10.2725
10.2687
10.2521
10.2229
10.216
10.2652
10.2509
10.2034
10.2391
10.2506
10.2484
10.237
10.2615
10.256
10.2591
10.239
10.2632
10.2639
10.2233
10.2351
10.2428
10.2745
10.2363
10.2429
10.2329
10.239
10.2606
10.2726
10.2765
10.2238
10.2178
10.2396
10.2666
10.2232
10.2348
10.238
10.2391
10.2473
10.2654
10.2147
10.2272
10.2481
10.2283
10.2577
10.2496
10.2181
10.2137
10.2357
10.2212
10.2572
10.2624
10.2207
10.2179
10.2349
10.2481
10.183
10.2265
10.2323
10.2194
10.2408
10.2366
10.2605
10.2682
10.2288
10.2428
10.2021
10.2403
10.2243
10.2131
10.2606
10.2657
10.2314
10.2282
10.2337
10.2364
10.2797
10.2693
10.2147
10.2142
10.248
10.233
10.2202
10.2137
10.225
10.2497
10.2291
10.231
10.2859
10.2319
10.227
10.2371
10.244
10.2445
10.2298
10.1958
10.2556
10.2211
10.2412
10.2218
10.2358
10.2431
10.2352
10.2003
10.2585
10.2073
10.24
10.26
10.2407
10.2522
10.2346
10.2248
10.2683
10.2376
10.2398
10.2354
10.2452
10.2488
10.2313
10.2731
10.2774
10.2318
10.2376
10.2286
10.2173
10.2144
10.2267
10.2499
10.2328
10.2363
10.2174
10.2407
10.2232
10.2329
10.2342
10.2577
10.2293
10.2395
10.2389
10.2546
10.2339
10.2364
10.2116
10.2537
10.2435
10.213
10.2248
10.2358
10.2677
10.2139
10.2539
10.2321
10.2418
10.2637
10.2448
10.2686
10.232
10.2456
10.2183
10.2594
10.2378
10.2593
10.2432
10.242
10.2833
10.2552
10.2107
10.2441
10.2313
10.252
10.2445
10.2444
10.2337
10.2742
10.2393
10.2708
10.2234
10.2355
10.2237
10.2522
10.2718
10.2238
10.2489
10.2373
10.2633
10.2369
10.2478
10.2455
10.2313
10.234
10.2125
10.2683
10.2566
10.2408
10.2339
10.2115
10.2532
10.2122
10.2368
10.2486
10.2663
10.2485
10.2397
10.2706
10.2196
10.2931
10.2333
10.2411
10.2354
10.1955
10.2655
10.2359
10.2366
10.2347
10.2635
10.2209
10.2228
10.2035
10.2167
10.2351
10.2264
10.2611
10.238
10.2228
10.2552
10.2767
10.221
10.2509
10.2386
10.2084
10.2252
10.2435
10.245
10.2578
10.2708
10.2518
10.2651
10.1889
10.2836
10.2354
10.2437
10.263
10.2468
10.2299
10.2516
10.2313
10.2068
10.2385
10.2317
10.2289
10.2215
10.231
10.2315
10.2577
10.2238
10.2405
10.2505
10.2099
10.2558
10.2313
10.2644
10.2059
10.2774
10.22
10.2432
10.2282
10.2443
10.2378
10.221
10.2406
10.2116
10.2392
10.2143
10.2284
10.2528
10.2427
10.2682
10.2332
10.2393
10.2523
10.2344
10.2442
10.2342
10.2118
10.2292
10.2101
10.2429
10.2492
10.2275
10.2366
10.2512
10.1946
10.2504
10.2373
10.2155
10.2248
10.2124
10.2296
10.2493
10.2352
10.2272
10.2354
10.2348
10.2401
10.2471
10.2383
10.2575
10.2399
10.232
10.2406
10.2315
10.2325
10.2298
10.2485
10.2147
10.2414
10.2421
10.2205
10.2169
10.1998
10.2529
10.2631
10.2097
10.2485
10.2466
10.2311
10.252
10.1978
10.2396
10.2357
10.2492
10.2461
10.2544
10.2505
10.2334
10.2321
10.2112
10.2415
10.2253
10.2264
10.2624
10.227
10.2441
10.2097
10.2444
10.193
10.2386
10.2801
10.2508
10.2237
10.2266
10.2533
10.2379
10.217
10.2352
10.2333
10.2276
10.2471
10.2278
10.2637
10.2337
10.2228
10.244
10.2627
10.2745
10.2415
10.2364
10.2819
10.2067
10.2458
10.2441
10.2455
10.2347
10.2188
10.2467
10.2258
10.2577
10.2197
10.2289
10.2496
10.2391
10.2596
10.2457
10.2597
10.2278
10.2405
10.2296
10.2423
10.2641
10.259
10.2385
10.2216
10.2426
10.2406
10.2756
10.2543
10.2329
10.2115
10.2635
10.2795
10.22
10.2367
10.2114
10.2655
10.2317
10.2483
10.2601
10.2561
10.2353
10.2087
10.2554
10.2455
10.275
10.2363
10.2308
10.2332
10.2445
10.2293
10.2565
10.2278
10.2288
10.2444
10.2489
10.26
10.2196
10.2604
10.2385
10.2621
10.2453
10.2519
10.243
10.2205
10.2374
10.2334
10.2486
10.2363
10.2355
10.2464
10.2292
10.2478
10.2664
10.258
10.2388
10.2243
10.2439
10.2343
10.2222
10.2675
10.2639
10.2683
10.2313
10.3076
10.2291
10.2399
10.2266
10.2352
10.231
10.2284
10.2923
10.2271
10.2643
10.2192
10.2085
10.2802
10.2272
10.2717
10.215
10.2528
10.2203
10.2077
10.2418
10.2317
10.2486
10.2297
10.1982
10.2357
10.232
10.2389
10.2692
10.2491
10.2184
10.2849
10.2728
10.2538
10.2282
10.259
10.2338
10.2666
10.2251
10.2716
10.2254
10.2234
10.2722
10.2484
10.2449
10.2027
10.2621
10.2219
10.253
10.2502
10.1998
10.2711
10.2429
10.2282
10.2186
10.2418
10.2624
10.2423
10.2446
10.2404
10.2394
10.2326
10.2262
10.2168
10.2388
10.2217
10.2576
10.2632
10.2303
10.2253
10.2411
10.2301
10.2456
10.2215
10.2252
10.2179
10.2591
10.2427
10.2316
10.2331
10.2554
10.2218
10.2354
10.2181
10.2644
10.2528
10.237
10.2132
10.2167
10.2398
10.2562
10.2284
10.2636
10.2032
10.2639
10.2063
10.2478
10.245
10.2051
10.2353
10.258
10.2695
10.2527
10.2465
10.2773
10.2357
10.2453
10.2154
10.2472
10.2263
10.286
10.191
10.2499
10.2455
10.2247
10.2149
10.2319
10.2384
10.2508
10.2182
10.2403
10.2272
10.2337
10.2707
10.2193
10.2439
10.2073
10.2528
10.2488
10.2494
10.219
10.2143
10.2666
10.2393
10.2684
10.2451
10.2374
10.2557
10.2642
10.2611
10.2246
10.2759
10.249
10.2416
10.2587
10.1994
10.266
10.2286
10.2514
10.2439
10.2339
10.2734
10.2469
10.2395
10.2587
10.2553
10.2396
10.2409
10.2293
10.2642
10.2501
10.2358
10.2189
10.2193
10.2929
10.2362
10.2262
10.2429
10.2412
10.2407
10.252
10.2145
10.2292
10.2596
10.2313
10.2505
10.2322
10.2136
10.247
10.2644
10.2297
10.2759
10.2423
10.2665
10.2359
10.2239
10.2452
10.2264
10.2373
10.2479
10.2611
10.2454
10.2658
10.2631
10.2462
10.2387
10.2109
10.2428
10.2287
10.2106
10.1969
10.2456
10.25
10.2287
10.2352
10.2556
10.2425
10.2302
10.2532
10.2364
10.2606
10.2107
10.2235
10.2338
10.2328
10.2267
10.2253
10.2461
10.2532
10.2585
10.2426
10.2606
10.2561
10.2294
10.2518
10.2789
10.2392
10.2357
10.2509
10.2499
10.2345
10.2812
10.277
10.2595
10.2705
10.2619
10.268
10.2522
10.1933
10.2113
10.22
10.2655
10.2222
10.2366
10.2324
10.2199
10.2259
10.2216
10.2574
10.2204
10.2272
10.2442
10.2451
10.2001
10.2349
10.2837
10.2221
10.2464
10.2532
10.244
10.224
10.2403
10.2373
10.2715
10.231
10.2557
10.2368
10.2163
10.2168
10.2293
10.2322
10.2144
10.2187
10.302
10.2585
10.238
10.2166
10.2409
10.2472
10.2421
10.2383
10.2596
10.2031
10.2283
10.2559
10.2374
10.2097
10.2299
10.2078
10.2559
10.254
10.2587
10.2109
10.2212
10.269
10.2454
10.2305
10.2388
10.2294
10.2122
10.2837
10.2553
10.262
10.2419
10.2464
10.249
10.2149
10.2141
10.2679
10.2201
10.2233
10.2416
10.2198
10.2595
10.2322
10.268
10.2561
10.2312
10.2318
10.2321
10.2068
10.2366
10.2467
10.235
10.2617
10.2335
10.2328
10.2463
10.2183
10.2599
10.2578
10.2244
10.2103
10.2437
10.2189
10.2482
10.2564
10.2484
10.2383
10.2311
10.2499
10.2579
10.2412
10.2496
10.2523
10.2103
10.2143
10.2538
10.2148
10.2483
10.2451
10.2417
10.2437
10.2441
10.2272
10.2488
10.1935
10.2619
10.2619
10.2166
10.2506
10.2245
10.2553
10.2157
10.2531
10.2416
10.2629
10.2229
10.23
10.237
10.246
10.2431
10.261
10.2326
10.2883
10.2237
10.2358
10.2172
10.2558
10.2157
10.2398
10.2098
10.237
10.2267
10.2728
10.2379
10.2223
10.2249
10.2564
10.2603
10.2212
10.2348
10.2445
10.2569
10.2269
10.205
10.2235
10.2402
10.2257
10.2316
10.2133
10.2517
10.2258
10.2136
10.2489
10.2413
10.2339
10.2338
10.2637
10.2465
10.2258
10.218
10.2324
10.2312
10.2264
10.2535
10.2224
10.2298
10.2179
10.2207
10.2518
10.2419
10.2318
10.2113
10.2298
10.2468
10.2555
10.2555
10.2172
10.2254
10.2652
10.2232
10.1717
10.2829
10.229
10.1974
10.2465
10.2318
10.2398
10.2353
10.2498
10.2421
10.2572
10.2073
10.2136
10.2279
10.2403
10.2561
10.2571
10.2615
10.2345
10.2506
10.2288
10.2681
10.2485
10.2552
10.2514
10.2363
10.22
10.2095
10.2159
10.2492
10.2687
10.2116
10.2422
10.2289
10.2491
10.2304
10.2266
10.2326
10.2351
10.1868
10.2393
10.2364
10.2459
10.2716
10.2291
10.2243
10.2794
10.2412
10.2422
10.2907
10.2475
10.2459
10.2682
10.2153
10.2129
10.2445
10.2642
10.2432
10.2476
10.2448
10.2235
10.2346
10.2647
10.2549
10.2386
10.217
10.2664
10.2523
10.199
10.2452
10.2697
10.246
10.2219
10.2336
10.2369
10.2635
10.2104
10.1978
10.2501
10.2708
10.2248
10.2524
10.2537
10.2148
10.2422
10.2158
10.2501
10.2357
10.2198
10.2605
10.2642
10.2644
10.2529
10.1928
10.2434
10.2486
10.2704
10.2213
10.2205
10.2459
10.2408
10.2538
10.2059
10.2351
10.2373
10.2637
10.2444
10.2138
10.2454
10.2366
10.2329
10.1839
10.2409
10.2653
10.2684
10.2649
10.2036
10.2339
10.2264
10.2239
10.2198
10.2369
10.2449
10.2624
10.2257
10.2524
10.2437
10.2378
10.2537
10.2299
10.235
10.2622
10.2491
10.2576
10.2457
10.2513
10.2661
10.2498
10.2727
10.1995
10.2517
10.2157
10.2511
10.2375
10.2413
10.2302
10.2242
10.2477
10.2498
10.2537
10.247
10.2651
10.2116
10.2436
10.2562
10.2063
10.2206
10.2531
10.2535
10.2263
10.2424
10.2575
10.2501
10.2373
10.2744
10.2364
10.242
10.2234
10.2446
10.2321
10.2685
10.2457
10.2508
10.2352
10.2439
10.2776
10.2177
10.2475
10.2519
10.2355
10.2479
10.2223
10.2152
10.2545
10.2616
10.2358
10.1986
10.2363
10.2189
10.2338
10.2349
10.2124
10.2412
10.2196
10.2464
10.2399
10.2147
10.2325
10.2593
10.2468
10.2061
10.2532
10.2402
10.2336
10.2592
10.2453
10.2517
10.2231
10.2684
10.2371
10.2757
10.2243
10.2029
10.2609
10.2258
10.2125
10.2173
10.2373
10.2648
10.2308
10.2405
10.2665
10.2219
10.2477
10.2414
10.243
10.222
10.2589
10.245
10.2421
10.2338
10.2137
10.2102
10.2497
10.2279
10.2117
10.2318
10.2235
10.2222
10.2082
10.2637
10.2356
10.2468
10.2314
10.2698
10.2282
10.2261
10.2171
10.2406
10.1884
10.2873
10.2564
10.2119
10.2198
10.2369
10.2239
10.2434
10.2669
10.237
10.2282
10.2699
10.2197
10.2355
10.259
10.2316
10.2461
10.262
10.214
10.2847
10.225
10.2033
10.2365
10.2508
10.2149
10.2705
10.255
10.2709
10.2206
10.2614
10.2315
10.2546
10.2654
10.2225
10.2403
10.2352
10.226
10.2462
10.2224
10.2322
10.2319
10.2388
10.2662
10.2348
10.2324
10.2569
10.2377
10.2191
10.2517
10.2505
10.2104
10.2366
10.2454
10.2362
10.242
10.2778
10.1939
10.2437
10.2546
10.2432
10.2592
10.242
10.2675
10.2396
10.247
10.2614
10.2603
10.2026
10.2399
10.2699
10.203
10.2374
10.2336
10.2521
10.2158
10.271
10.2454
10.2776
10.2384
10.2314
10.2297
10.2471
10.2205
10.2483
10.2349
10.2213
10.2649
10.2471
10.2693
10.2437
10.2487
10.2601
10.2393
10.2693
10.2442
10.21
10.2723
10.23
10.2723
10.2652
10.2204
10.2429
10.2297
10.2431
10.2321
10.2285
10.2443
10.2658
10.2521
10.2411
10.2681
10.2473
10.2533
10.2416
10.2549
10.2149
10.2482
10.2267
10.2594
10.2594
10.2236
10.2204
10.2422
10.2644
10.2511
10.2358
10.2599
10.2141
10.2437
10.259
10.2144
10.2275
10.1982
10.1987
10.2812
10.2514
10.2382
10.2541
10.2439
10.2355
10.2603
10.2526
10.248
10.2328
10.2318
10.2449
10.2345
10.2563
10.2667
10.2335
10.2303
10.2489
10.2436
10.2161
10.2615
10.2029
10.2093
10.2754
10.1998
10.2364
10.2362
10.222
10.2349
10.2508
10.2373
10.2562
10.2351
10.2448
10.2433
10.2428
10.2031
10.2505
10.252
10.2389
10.2458
10.2439
10.2253
10.2326
10.24
10.2659
10.2436
10.2263
10.2457
10.2271
10.246
10.231
10.2217
10.2307
10.2681
10.2464
10.2082
10.2528
10.2431
10.2704
10.2735
10.2463
10.2625
10.25
10.2216
10.238
10.2623
10.2141
10.2417
10.2509
10.2025
10.2561
10.2311
10.2521
10.2373
10.2503
10.236
10.2444
10.2417
10.2227
10.2212
10.2357
10.2049
10.2438
10.2288
10.2445
10.2569
10.2553
10.2439
10.2501
10.2244
10.209
10.2887
10.2241
10.2457
10.2254
10.2973
10.2348
10.2183
10.2171
10.2508
10.2629
10.2483
10.2269
10.2617
10.235
10.2424
10.21
10.2497
10.2148
10.2511
10.2427
10.2323
10.255
10.21
10.2598
10.2314
10.2249
10.2269
10.2278
10.2235
10.2596
10.2396
10.2311
10.2623
10.2431
10.2546
10.2276
10.2049
10.2389
10.2393
10.2302
10.256
10.2447
10.2249
10.2848
10.2162
10.2875
10.2286
10.221
10.2451
10.2536
10.2535
10.2372
10.2242
10.2437
10.2745
10.2541
10.2572
10.2565
10.2729
10.2083
10.2336
10.238
10.2416
10.2437
10.2369
10.2273
10.2374
10.2304
10.2291
10.2505
10.285
10.2369
10.2457
10.2668
10.2067
10.2671
10.2136
10.2023
10.242
10.243
10.2201
10.2481
10.2464
10.229
10.2163
10.2421
10.277
10.2192
10.2571
10.2354
10.2404
10.2563
10.2589
10.2651
10.2455
10.2217
10.2511
10.2438
10.2383
10.277
10.2776
10.2405
10.263
10.2051
10.253
10.2384
10.2405
10.2328
10.2843
10.2544
10.2576
10.2319
10.2074
10.2213
10.2622
10.2415
10.2398
10.2421
10.2301
10.2428
10.2193
10.239
10.2426
10.2408
10.2394
10.252
10.2558
10.2479
10.2403
10.2617
10.2298
10.259
10.2245
10.2576
10.2505
10.2532
10.2575
10.2362
10.2386
10.2382
10.2242
10.2547
10.2475
10.2446
10.2783
10.2813
10.2313
10.2321
10.2471
10.223
10.2612
10.2381
10.2529
10.2461
10.2526
10.2304
10.2327
10.2574
10.2646
10.2409
10.2144
10.2599
10.2679
10.2631
10.2509
10.2584
10.2317
10.2573
10.2447
10.2218
10.2457
10.223
10.2511
10.2328
10.2361
10.2345
10.2389
10.2463
10.2297
10.2484
10.2344
10.2131
10.2405
10.2584
10.2463
10.2602
10.2684
10.2356
10.2107
10.2688
10.2592
10.2339
10.2383
10.2367
10.2137
10.249
10.2568
10.2199
10.175
10.232
10.2912
10.2165
10.2605
10.2637
10.2435
10.2429
10.2303
10.2331
10.2558
10.2553
10.2677
10.2049
10.2723
10.2581
10.2189
10.2373
10.2825
10.2396
10.2198
10.2188
10.2499
10.2416
10.2188
10.2424
10.2046
10.2373
10.2557
10.2451
10.2121
10.2166
10.2416
10.2019
10.2407
10.227
10.2598
10.2195
10.2351
10.243
10.2722
10.2333
10.2462
10.2399
10.2109
10.2677
10.2401
10.2126
10.252
10.2505
10.2556
10.2545
10.2462
10.2599
10.2662
10.2471
10.2305
10.2314
10.2232
10.2188
10.2398
10.2388
10.2312
10.2163
10.218
10.1938
10.2611
10.2356
10.2336
10.2068
10.2619
10.2543
10.2681
10.2169
10.2644
10.2463
10.248
10.2784
10.2577
10.2429
10.2527
10.2289
10.2128
10.253
10.264
10.2805
10.2357
10.2375
10.2185
10.2602
10.2524
10.2073
10.2353
10.2273
10.2454
10.2802
10.2598
10.244
10.2188
10.238
10.1971
10.2469
10.247
10.2332
10.2593
10.2267
10.2412
10.2652
10.2458
10.2544
10.214
10.2238
10.2626
10.2447
10.2289
10.2553
10.2501
10.2099
10.2512
10.2381
10.2426
10.2515
10.2545
10.2526
10.2337
10.248
10.2453
10.2242
10.258
10.2403
10.2453
10.2267
10.24
10.2657
10.2537
10.2307
10.2295
10.2343
10.2424
10.2348
10.2551
10.2019
10.2281
10.2528
10.2482
10.2711
10.2267
10.2292
10.2459
10.1916
10.2648
10.2397
10.2505
10.2274
10.2289
10.1998
10.2248
10.2133
10.2616
10.2482
10.2329
10.224
10.2453
10.2524
10.2496
10.2008
10.2541
10.2381
10.2033
10.2688
10.2792
10.2592
10.2577
10.2184
10.2137
10.2025
10.2341
10.2344
10.2632
10.2688
10.2121
10.2196
10.2034
10.2398
10.2145
10.2674
10.2493
10.2015
10.2764
10.236
10.2297
10.2306
10.236
10.2365
10.2503
10.2598
10.2217
10.2455
10.2377
10.2412
10.2536
10.2661
10.2166
10.2393
10.252
10.2523
10.2586
10.265
10.2134
10.2778
10.2321
10.2255
10.2274
10.2417
10.2503
10.2258
10.262
10.2249
10.257
10.2396
10.2654
10.2335
10.2572
10.22
10.2464
10.1911
10.213
10.2487
10.2393
10.2524
10.2387
10.2694
10.238
10.2697
10.2587
10.236
10.2393
10.222
10.2599
10.2191
10.2017
10.2527
10.221
10.2705
10.2263
10.2386
10.231
10.2074
10.2367
10.2492
10.2074
10.216
10.2621
10.256
10.2728
10.2293
10.2401
10.2394
10.2712
10.2468
10.2336
10.2313
10.2163
10.207
10.2371
10.2539
10.2646
10.2028
10.2173
10.2269
10.2516
10.2447
10.2303
10.2403
10.2451
10.2217
10.1876
10.2257
10.2661
10.2209
10.2216
10.255
10.2344
10.2453
10.2511
10.2193
10.2208
10.2391
10.2675
10.2521
10.2434
10.2246
10.2304
10.2285
10.2503
10.2469
10.2436
10.242
10.239
10.2566
10.2071
10.2541
10.2467
10.2341
10.2784
10.2286
10.256
10.2234
10.2725
10.2492
10.2285
10.2674
10.2491
10.2333
10.2633
10.2195
10.254
10.242
10.2475
10.2276
10.2529
10.2704
10.2307
10.225
10.2218
10.2236
10.2662
10.2444
10.2134
10.2465
10.2123
10.2493
10.2098
10.2432
10.2323
10.2497
10.2383
10.247
10.288
10.2174
10.2763
10.2243
10.2461
10.2691
10.2852
10.25
10.2531
10.217
10.2637
10.2391
10.2357
10.2286
10.2369
10.2463
10.2421
10.2348
10.2451
10.2448
10.2487
10.23
10.2452
10.2299
10.2177
10.2386
10.2531
10.2581
10.2461
10.2713
10.2459
10.2429
10.2477
10.2647
10.2634
10.2236
10.2457
10.241
10.208
10.289
10.2225
10.2643
10.2437
10.2444
10.247
10.2457
10.2282
10.2343
10.2737
10.257
10.2132
10.2724
10.2429
10.2477
10.2358
10.2492
10.2231
10.2404
10.2553
10.2242
10.2536
10.2441
10.2235
10.2566
10.2546
10.2499
10.2379
10.2451
10.2604
10.2519
10.224
10.2894
10.2441
10.2499
10.2633
10.2679
10.2409
10.2691
10.2264
10.2352
10.2361
10.2363
10.2266
10.2623
10.2696
10.2619
10.2605
10.2299
10.2292
10.2151
10.2637
10.2571
10.2368
10.2265
10.2533
10.2324
10.2354
10.2591
10.2466
10.2233
10.2312
10.2273
10.2134
10.1954
10.2591
10.2574
10.2179
10.2739
10.223
10.2576
10.2462
10.2481
10.2341
10.2356
10.221
10.2774
10.2459
10.2496
10.2371
10.2385
10.2262
10.2475
10.255
10.2396
10.2336
10.2352
10.2112
10.246
10.2425
10.2559
10.2545
10.2641
10.2279
10.2535
10.2075
10.2453
10.2337
10.2529
10.2486
10.2468
10.2515
10.2244
10.2523
10.2468
10.2586
10.2469
10.2128
10.2225
10.2657
10.2518
10.2183
10.2377
10.2321
10.2281
10.2116
10.2732
10.2476
10.2588
10.239
10.2639
10.2454
10.2383
10.2058
10.2401
10.227
10.2248
10.2494
10.2152
10.2372
10.2564
10.2222
10.2417
10.2583
10.2682
10.2423
10.238
10.2368
10.2456
10.2622
10.2379
10.2235
10.2063
10.2479
10.2272
10.2414
10.2266
10.2272
10.2571
10.218
10.2294
10.2381
10.2513
10.2399
10.2333
10.219
10.2489
10.2339
10.212
10.1768
10.2371
10.229
10.2469
10.2672
10.2409
10.2173
10.2044
10.2174
10.2343
10.2487
10.2391
10.2108
10.2336
10.2293
10.2706
10.2852
10.2263
10.2121
10.2421
10.2308
10.2047
10.2183
10.2373
10.2305
10.2638
10.2183
10.2352
10.2461
10.2393
10.2445
10.2575
10.2545
10.2121
10.2569
10.2504
10.2709
10.2549
10.2578
10.2387
10.2445
10.234
10.2236
10.2578
10.2316
10.2562
10.2457
10.2719
10.227
10.2289
10.2376
10.2359
10.2455
10.2273
10.2695
10.2484
10.2401
10.2176
10.2458
10.2349
10.2819
10.254
10.2481
10.2512
10.2367
10.2413
10.2569
10.2575
10.2172
10.2486
10.2531
10.2512
10.2533
10.2553
10.2363
10.2278
10.2704
10.2269
10.2485
10.2235
10.2543
10.2394
10.2711
10.2372
10.226
10.2248
10.2471
10.2282
10.2453
10.2408
10.2516
10.2458
10.28
10.2629
10.249
10.2231
10.2065
10.2914
10.2498
10.2253
10.2694
10.2412
10.247
10.2485
10.2201
10.2791
10.2447
10.2293
10.2412
10.271
10.2353
10.2277
10.2595
10.2528
10.2523
10.2469
10.2253
10.2401
10.2585
10.256
10.2259
10.2721
10.2575
10.2512
10.207
10.2336
10.1979
10.2658
10.2309
10.2466
10.2444
10.2397
10.2734
10.2675
10.2274
10.239
10.2364
10.2604
10.249
10.248
10.2675
10.2566
10.2513
10.2496
10.219
10.2184
10.2006
10.238
10.2558
10.2553
10.2416
10.2185
10.2087
10.2298
10.2266
10.2271
10.2117
10.2632
10.2565
10.2301
10.222
10.2172
10.2343
10.2333
10.2669
10.252
10.2438
10.2498
10.2383
10.2441
10.2418
10.2508
10.2304
10.2325
10.2356
10.255
10.2554
10.2656
10.2359
10.2415
10.2428
10.2482
10.2179
10.2474
10.2656
10.2394
10.2329
10.2463
10.2666
10.2312
10.2997
10.2621
10.2188
10.249
10.2269
10.259
10.2532
10.2749
10.239
10.2304
10.2426
10.2249
10.2308
10.2345
10.2325
10.2728
10.2554
10.2611
10.2532
10.21
10.2567
10.2143
10.2233
10.2539
10.2425
10.2437
10.2276
10.2617
10.247
10.2585
10.2366
10.2311
10.2176
10.2637
10.239
10.2105
10.2472
10.2487
10.2179
10.2229
10.2843
10.2416
10.2218
10.2366
10.2615
10.216
10.2357
10.2529
10.2252
10.2253
10.2288
10.2144
10.2209
10.2568
10.2356
10.2282
10.2287
10.2439
10.249
10.2643
10.231
10.2352
10.1936
10.2354
10.2319
10.2487
10.2361
10.2576
10.2391
10.2484
10.2049
10.2656
10.2413
10.2277
10.2347
10.2174
10.2178
10.2548
10.2177
10.2644
10.2389
10.2346
10.2679
10.2173
10.2617
10.2308
10.2427
10.2359
10.2147
10.2242
10.2707
10.2319
10.2648
10.2589
10.2447
10.2398
10.2297
10.2496
10.2623
10.2413
10.2232
10.2629
10.2565
10.2545
10.244
10.2687
10.2227
10.226
10.2386
10.2776
10.2265
10.2477
10.2409
10.2585
10.2623
10.2327
10.2381
10.2421
10.2257
10.223
10.2604
10.2375
10.2606
10.2148
10.2477
10.2278
10.2603
10.2335
10.2776
10.2515
10.2762
10.281
10.2321
10.2481
10.2215
10.2278
10.24
10.2563
10.2529
10.1968
10.2481
10.2559
10.2539
10.2608
10.2523
10.2217
10.2756
10.2548
10.2336
10.2602
10.235
10.2338
10.2775
10.2585
10.218
10.2568
10.2479
10.2524
10.2609
10.2921
10.2586
10.2155
10.2626
10.2285
10.2656
10.239
10.2846
10.2519
10.2424
10.253
10.2144
10.231
10.265
10.2404
10.2525
10.2202
10.2238
10.2691
10.2602
10.2147
10.2359
10.2241
10.2297
10.2707
10.2561
10.2706
10.2523
10.2541
10.2175
10.2323
10.2183
10.2177
10.2314
10.2402
10.2311
10.2335
10.2414
10.2318
10.2463
10.224
10.2399
10.2742
10.2475
10.2497
10.2639
10.2556
10.2105
10.2311
10.2278
10.2396
10.2491
10.2094
10.2768
10.2388
10.2419
10.2232
10.2169
10.2113
10.2365
10.203
10.2333
10.2323
10.2592
10.2372
10.2507
10.2035
10.2473
10.2559
10.2403
10.2564
10.2216
10.2407
10.2347
10.2515
10.2359
10.2351
10.2571
10.2464
10.2361
10.2541
10.2285
10.2453
10.2719
10.2476
10.2613
10.2468
10.232
10.2269
10.2358
10.2404
10.2437
10.2602
10.2265
10.2514
10.2404
10.2308
10.2177
10.2476
10.2023
10.2335
10.2618
10.2033
10.2507
10.2509
10.3141
10.2224
10.2347
10.2159
10.2396
10.221
10.2713
10.2316
10.2498
10.2432
10.2337
10.2384
10.2643
10.2049
10.2711
10.2648
10.2427
10.2498
10.2634
10.2495
10.2311
10.2581
10.2318
10.2287
10.2238
10.2488
10.2099
10.2235
10.2364
10.2623
10.2552
10.2539
10.2169
10.2228
10.2543
10.2575
10.2384
10.2132
10.2467
10.2744
10.2615
10.2153
10.2125
10.2354
10.2523
10.2498
10.2303
10.2544
10.2914
10.1868
10.2479
10.219
10.2582
10.2571
10.2241
10.2924
10.2337
10.2247
10.2346
10.1884
10.2388
10.2506
10.2779
10.2415
10.2501
10.2633
10.2046
10.2327
10.1997
10.2228
10.281
10.238
10.2614
10.2647
10.2527
10.2374
10.2408
10.2324
10.2459
10.2538
10.2075
10.2522
10.2742
10.2296
10.2007
10.2307
10.2813
10.2133
10.2439
10.2658
10.2562
10.2254
10.2359
10.2269
10.241
10.2569
10.221
10.2605
10.2494
10.2673
10.2367
10.2645
10.2354
10.2344
10.2642
10.2364
10.2343
10.2305
10.264
10.229
10.2359
10.2191
10.2683
10.2391
10.2201
10.1957
10.2021
10.2135
10.2349
10.2275
10.2558
10.2266
10.1929
10.2471
10.2313
10.2288
10.2233
10.2637
10.2129
10.2547
10.2191
10.2102
10.241
10.2317
10.2409
10.2153
10.2478
10.2249
10.2339
10.2245
10.2792
10.2434
10.234
10.2493
10.2236
10.2217
10.2423
10.2491
10.2524
10.2458
10.2126
10.2316
10.2507
10.1706
10.2621
10.2656
10.2256
10.2395
10.2474
10.2457
10.2564
10.2299
10.1987
10.2518
10.2387
10.2188
10.2577
10.2442
10.2343
10.2381
10.2354
10.2518
10.2319
10.2439
10.2306
10.2445
10.2471
10.2523
10.2103
10.2299
10.2507
10.2528
10.2436
10.2435
10.244
10.2251
10.2333
10.2337
10.2358
10.2528
10.2754
10.2445
10.231
10.239
10.2475
10.2449
10.2386
10.2299
10.2408
10.2367
10.2466
10.2436
10.2343
10.2563
10.2641
10.2526
10.2622
10.2285
10.2642
10.2287
10.2694
10.2542
10.25
10.2216
10.2679
10.2369
10.2506
10.2558
10.2376
10.2246
10.2479
10.2444
10.2426
10.2655
10.2461
10.2265
10.2383
10.2482
10.2651
10.2501
10.2595
10.2446
10.236
10.2221
10.2691
10.2803
10.2323
10.2296
10.2361
10.2411
10.2728
10.2264
10.2441
10.2492
10.2598
10.2435
10.2032
10.2473
10.2634
10.2415
10.2308
10.2792
10.2735
10.2739
10.2378
10.2309
10.2333
10.2428
10.2438
10.2455
10.219
10.2118
10.2135
10.2516
10.2475
10.2264
10.2655
10.243
10.2558
10.2488
10.2453
10.2372
10.2436
10.2263
10.2631
10.2248
10.2326
10.2458
10.244
10.2124
10.2268
10.2519
10.2373
10.2309
10.2538
10.2323
10.2219
10.2382
10.2442
10.2331
10.2471
10.214
10.2165
10.2804
10.2506
10.2418
10.2622
10.2205
10.286
10.2271
10.257
10.246
10.2256
10.2328
10.2312
10.2129
10.212
10.2332
10.2222
10.2313
10.2597
10.2402
10.2327
10.2637
10.2345
10.2144
10.286
10.2518
10.2332
10.2585
10.278
10.2308
10.2901
10.2249
10.2472
10.2814
10.2296
10.2228
10.251
10.2513
10.26
10.2552
10.2422
10.2308
10.2293
10.2683
10.2494
10.2293
10.2426
10.2479
10.264
10.2325
10.2598
10.2575
10.2134
10.226
10.2527
10.2592
10.2015
10.2818
10.2278
10.2385
10.2654
10.2544
10.2312
10.2485
10.2107
10.2323
10.241
10.2727
10.2808
10.2421
10.2334
10.2636
10.2368
10.2762
10.2025
10.2129
10.2731
10.2275
10.2434
10.224
10.2593
10.2274
10.2692
10.245
10.2572
10.2549
10.2142
10.2207
10.2331
10.266
10.2547
10.2404
10.2493
10.2509
10.2257
10.241
10.2328
10.2522
10.2073
10.251
10.2389
10.2253
10.2678
10.2427
10.2415
10.2218
10.2326
10.2384
10.2416
10.2534
10.2172
10.2533
10.2245
10.2486
10.2393
10.2284
10.2059
10.2401
10.2166
10.2414
10.2364
10.2287
10.2302
10.2503
10.2435
10.2745
10.2397
10.2322
10.2429
10.254
10.2289
10.2513
10.2108
10.2434
10.2628
10.2392
10.2367
10.2834
10.2518
10.2439
10.2447
10.2438
10.2672
10.2429
10.2209
10.2296
10.2571
10.2466
10.2366
10.269
10.249
10.1913
10.234
10.2538
10.2291
10.2503
10.2281
10.2028
10.2026
10.2474
10.2738
10.2207
10.2515
10.2547
10.2474
10.2316
10.2584
10.226
10.2505
10.2209
10.2536
10.2837
10.2799
10.2297
10.2512
10.2259
10.2458
10.2605
10.2451
10.246
10.2577
10.2288
10.2451
10.235
10.223
10.2558
10.2513
10.2184
10.2659
10.2359
10.2457
10.2089
10.2662
10.231
10.2332
10.2639
10.2539
10.2704
10.2517
10.2353
10.2548
10.2501
10.2212
10.2453
10.2173
10.2212
10.2191
10.2542
10.2609
10.2461
10.241
10.2385
10.2495
10.2357
10.263
10.2531
10.2266
10.2355
10.2483
10.1958
10.2762
10.2432
10.2477
10.2685
10.2443
10.2346
10.2326
10.2302
10.2611
10.2587
10.2329
10.2326
10.2104
10.234
10.2574
10.2563
10.2382
10.2511
10.2615
10.2361
10.2421
10.2904
10.2222
10.1949
10.2463
10.2339
10.2352
10.2228
10.1917
10.2417
10.2413
10.2529
10.257
10.2624
10.2501
10.2197
10.2355
10.1851
10.2582
10.273
10.2399
10.2466
10.2699
10.2279
10.2302
10.2507
10.2106
10.2624
10.2564
10.2062
10.2486
10.2259
10.2289
10.2295
10.2552
10.2701
10.2675
10.2506
10.2226
10.2345
10.2526
10.2634
10.2484
10.2158
10.2108
10.2244
10.206
10.2544
10.2588
10.2685
10.2728
10.2429
10.2622
10.2385
10.2834
10.2522
10.2396
10.2548
10.2616
10.2192
10.2478
10.228
10.2207
10.2295
10.2308
10.2462
10.2487
10.2189
10.2211
10.2198
10.2145
10.2475
10.2414
10.2508
10.2599
10.245
10.2092
10.2543
10.2383
10.2306
10.2523
10.2492
10.2117
10.2347
10.2529
10.2503
10.2612
10.245
10.2255
10.2583
10.2613
10.2748
10.2341
10.2387
10.2556
10.2352
10.2531
10.2167
10.2252
10.2493
10.2262
10.2518
10.2428
10.2498
10.2481
10.2696
10.2292
10.2445
10.2655
10.2447
10.2536
10.2567
10.2591
10.2396
10.2364
10.2263
10.2202
10.2275
10.1973
10.249
10.2667
10.2365
10.2129
10.2172
10.2729
10.2532
10.2013
10.2431
10.2351
10.2505
10.2127
10.2075
10.2584
10.2473
10.21
10.2336
10.2432
10.2372
10.2203
10.2529
10.2439
10.228
10.2586
10.2506
10.2449
10.2592
10.236
10.2477
10.2571
10.2417
10.2112
10.2548
10.2759
10.2167
10.2243
10.2313
10.2645
10.2215
10.2522
10.2605
10.2326
10.2601
10.2307
10.2494
10.2302
10.2798
10.2727
10.2374
10.2411
10.2327
10.2701
10.2269
10.2057
10.2524
10.2314
10.2476
10.2401
10.2063
10.2369
10.2177
10.2129
10.2523
10.269
10.2342
10.2142
10.251
10.2304
10.2314
10.245
10.2134
10.2828
10.2573
10.2313
10.2297
10.2876
10.2225
10.2426
10.2298
10.2292
10.2075
10.1975
10.2543
10.2059
10.2574
10.2533
10.2169
10.2152
10.232
10.2874
10.253
10.2469
10.2321
10.2406
10.2653
10.2316
10.237
10.2343
10.222
10.2329
10.2376
10.2541
10.2381
10.2443
10.2444
10.2494
10.2391
10.2426
10.2185
10.2183
10.2409
10.2634
10.2283
10.2079
10.2569
10.2368
10.2347
10.2681
10.2311
10.2522
10.2522
10.2303
10.2516
10.2449
10.2279
10.2496
10.2445
10.233
10.2462
10.265
10.2427
10.2224
10.2842
10.2394
10.2239
10.2373
10.2438
10.2451
10.253
10.2308
10.242
10.2331
10.2438
10.2279
10.2523
10.2429
10.2429
10.2112
10.2282
10.2552
10.2267
10.25
10.2198
10.2224
10.2689
10.2633
10.2439
10.2185
10.2318
10.2775
10.2556
10.225
10.2417
10.2085
10.2546
10.2793
10.2413
10.238
10.2383
10.2066
10.2291
10.2791
10.2013
10.2355
10.2485
10.2221
10.2045
10.2428
10.2323
10.2611
10.2278
10.2687
10.2464
10.236
10.222
10.2428
10.2259
10.2782
10.2576
10.187
10.2402
10.2537
10.2511
10.2221
10.2451
10.2409
10.2472
10.2581
10.2285
10.2338
10.2548
10.2404
10.2646
10.2243
10.2305
10.2199
10.211
10.1998
10.2506
10.2619
10.2801
10.2243
10.2225
10.2339
10.2533
10.2329
10.2548
10.2433
10.2621
10.2153
10.2107
10.2452
10.2269
10.2369
10.2814
10.2705
10.2514
10.2242
10.2247
10.2497
10.2443
10.2536
10.2528
10.2417
10.2424
