10.2519
10.2337
10.2589
10.2551
10.2743
10.2703
10.1823
10.2284
10.1889
10.3103
10.2917
10.2603
10.2122
10.2251
10.258
10.2322
10.1741
10.222
10.2283
10.174
10.2608
10.2984
10.2041
10.2391
10.1958
10.2982
10.2232
10.264
10.1974
10.2108
10.1595
10.2365
10.2015
10.2904
10.2368
10.2904
10.2011
10.2801
10.1967
10.241
10.294
10.2913
10.3038
10.2071
10.2334
10.2181
10.2519
10.2371
10.2929
10.2882
10.2451
10.1987
10.2296
10.2728
10.2064
10.1952
10.2993
10.327
10.255
10.3094
10.2516
10.2834
10.2434
10.2757
10.1856
10.3195
10.2979
10.2528
10.2503
10.291
10.3058
10.2479
10.3036
10.2409
10.1678
10.2481
10.2493
10.26
10.2499
10.2164
10.2705
10.2429
10.3084
10.2017
10.1973
10.2892
10.2137
10.1975
10.2027
10.2447
10.2988
10.261
10.2975
10.2705
10.2718
10.2831
10.2281
10.2136
10.2701
10.2688
10.2617
10.2214
10.2763
10.3164
10.268
10.1545
10.2657
10.2309
10.1561
10.3133
10.1757
10.2043
10.2847
10.2159
10.2663
10.1675
10.1899
10.2649
10.2919
10.2664
10.2656
10.23
10.2094
10.2629
10.2769
10.2291
10.2186
10.2275
10.2754
10.2458
10.2201
10.1787
10.1818
10.2401
10.2051
10.2429
10.1719
10.2017
10.2331
10.2736
10.1919
10.2162
10.2785
10.2134
10.2096
10.2964
10.291
10.2683
10.2192
10.2658
10.1772
10.2176
10.2363
10.2657
10.2246
10.2257
10.2956
10.2913
10.2691
10.208
10.2043
10.262
10.2506
10.2927
10.2512
10.2529
10.2487
10.3296
10.1923
10.2187
10.2569
10.2596
10.26
10.2192
10.1926
10.1881
10.228
10.2268
10.2304
10.2218
10.2224
10.1839
10.2712
10.2605
10.2794
10.2896
10.2338
10.2537
10.2636
10.302
10.1482
10.1909
10.3723
10.2445
10.2376
10.1979
10.3042
10.2249
10.211
10.2949
10.2299
10.2894
10.249
10.2618
10.2296
10.1929
10.2565
10.2351
10.3122
10.2017
10.1735
10.3048
10.1781
10.266
10.3016
10.1786
10.2616
10.2615
10.2817
10.2077
10.2851
10.2187
10.2177
10.2234
10.2666
10.2428
10.3432
10.2284
10.2244
10.2746
10.287
10.2711
10.272
10.2181
10.216
10.2344
10.3051
10.2449
10.229
10.2253
10.2774
10.2387
10.2243
10.2056
10.2153
10.2555
10.2487
10.3139
10.2454
10.2114
10.2318
10.2464
10.2163
10.3341
10.2231
10.1849
10.2675
10.2507
10.3186
10.3201
10.2599
10.2579
10.2459
10.2876
10.2379
10.1827
10.159
10.2927
10.2949
10.2728
10.2881
10.2769
10.2338
10.2412
10.2726
10.2525
10.2831
10.2978
10.195
10.184
10.2197
10.2484
10.2295
10.1694
10.2583
10.2744
10.2267
10.2458
10.2497
10.2451
10.2677
10.2759
10.3455
10.309
10.1427
10.2371
10.2797
10.2441
10.2589
10.22
10.2545
10.2299
10.3048
10.2464
10.1947
10.2434
10.2605
10.2638
10.2084
10.2433
10.2909
10.1826
10.1358
10.2485
10.2708
10.259
10.2903
10.2126
10.1677
10.2536
10.2649
10.1586
10.1746
10.2149
10.255
10.31
10.2707
10.3051
10.2331
10.1852
10.2299
10.2457
10.2346
10.2411
10.2189
10.2314
10.1918
10.2709
10.1972
10.1916
10.2367
10.1795
10.2687
10.2779
10.2089
10.2589
10.2259
10.2665
10.2163
10.2453
10.216
10.1904
10.203
10.2338
10.2537
10.2354
10.2074
10.2384
10.3028
10.2577
10.2469
10.2384
10.2566
10.2856
10.267
10.2642
10.2663
10.146
10.3014
10.2297
10.2215
10.2185
10.2089
10.2104
10.2353
10.2523
10.2421
10.1833
10.3441
10.2522
10.2927
10.2532
10.2319
10.2502
10.2885
10.177
10.2842
10.2584
10.2768
10.2668
10.2114
10.2506
10.2931
10.2198
10.3131
10.2787
10.1798
10.2788
10.1683
10.1721
10.2841
10.1927
10.2698
10.232
10.251
10.2025
10.321
10.2444
10.2303
10.2987
10.1566
10.1966
10.2954
10.2414
10.1913
10.2936
10.2162
10.2616
10.2309
10.2059
10.1854
10.2055
10.2475
10.2261
10.2481
10.271
10.1414
10.2495
10.2505
10.2638
10.2748
10.1714
10.2509
10.2264
10.234
10.2645
10.2194
10.2391
10.2483
10.2384
10.2697
10.256
10.2428
10.2289
10.2021
10.1649
10.279
10.2401
10.298
10.1753
10.2745
10.1775
10.2296
10.2805
10.2537
10.2235
10.2084
10.2006
10.2026
10.2645
10.3041
10.231
10.1484
10.2483
10.2724
10.2133
10.2973
10.268
10.2019
10.2126
10.2178
10.264
10.2626
10.2989
10.3118
10.2714
10.2999
10.2349
10.2286
10.2336
10.2466
10.2168
10.2471
10.1986
10.2461
10.2523
10.2026
10.2347
10.1526
10.2291
10.2007
10.2062
10.2396
10.2787
10.2542
10.2318
10.2631
10.1847
10.2151
10.2437
10.2644
10.262
10.1808
10.2472
10.271
10.2474
10.2349
10.2616
10.1774
10.2134
10.195
10.2395
10.2335
10.2114
10.2223
10.2521
10.2885
10.2186
10.2055
10.1633
10.2879
10.2488
10.2124
10.2615
10.2575
10.2298
10.1758
10.1948
10.1883
10.2634
10.2271
10.3193
10.2558
10.2545
10.2618
10.2415
10.2718
10.27
10.3163
10.3136
10.269
10.2208
10.2321
10.152
10.2616
10.2549
10.2174
10.1836
10.1771
10.2597
10.3226
10.2693
10.2052
10.2483
10.315
10.1585
10.2467
10.2468
10.3058
10.2856
10.3049
10.1878
10.2602
10.2426
10.2725
10.2428
10.1852
10.2591
10.2335
10.2853
10.3199
10.2145
10.263
10.2918
10.2114
10.3165
10.2908
10.2432
10.2176
10.2748
10.1847
10.2361
10.1835
10.2909
10.2749
10.225
10.1994
10.2531
10.2563
10.2298
10.2914
10.2057
10.2274
10.1636
10.2421
10.2193
10.1678
10.2464
10.1952
10.24
10.1853
10.2534
10.2679
10.2202
10.2047
10.1857
10.185
10.2295
10.2617
10.1932
10.1998
10.1897
10.2648
10.2222
10.2016
10.2772
10.1936
10.2494
10.2392
10.3044
10.2481
10.1798
10.2055
10.2713
10.1641
10.2629
10.2147
10.268
10.3464
10.2048
10.2213
10.212
10.2266
10.1806
10.2637
10.241
10.24
10.157
10.231
10.2573
10.2741
10.2771
10.1984
10.3034
10.3055
10.3245
10.2782
10.2852
10.2048
10.1657
10.3021
10.1804
10.2586
10.2798
10.2161
10.2338
10.2284
10.2187
10.205
10.3395
10.292
10.2726
10.2569
10.3094
10.3063
10.21
10.332
10.2062
10.2511
10.2517
10.281
10.3074
10.2521
10.2093
10.1844
10.2361
10.2052
10.2006
10.2343
10.1739
10.2278
10.2208
10.3141
10.1917
10.2377
10.2061
10.2503
10.2079
10.224
10.2222
10.3348
10.2836
10.2637
10.2424
10.2079
10.2064
10.3001
10.1819
10.205
10.1491
10.1653
10.2635
10.3192
10.2158
10.2868
10.3598
10.2599
10.1912
10.1975
10.1702
10.2541
10.2468
10.2207
10.309
10.2786
10.2287
10.2639
10.2485
10.2391
10.3119
10.2681
10.2933
10.3474
10.2199
10.2477
10.1828
10.1852
10.1844
10.2229
10.2638
10.2387
10.2171
10.233
10.24
10.2176
10.3112
10.3366
10.2657
10.2203
10.3326
10.2392
10.3006
10.1659
10.2966
10.1915
10.2149
10.2119
10.2542
10.2139
10.2889
10.2857
10.2388
10.2577
10.322
10.2354
10.286
10.2518
10.262
10.2815
10.3025
10.2295
10.2164
10.2576
10.2548
10.2198
10.1766
10.1916
10.1682
10.217
10.245
10.2303
10.3421
10.281
10.19
10.2202
10.2271
10.2274
10.258
10.2163
10.287
10.3444
10.1534
10.3002
10.1929
10.1865
10.3087
10.2922
10.3254
10.2013
10.252
10.2596
10.2378
10.2135
10.2498
10.2987
10.2107
10.2099
10.2659
10.2147
10.2954
10.2788
10.2347
10.2203
10.2166
10.203
10.2351
10.2372
10.1685
10.2326
10.2779
10.1798
10.2555
10.3456
10.1941
10.295
10.2478
10.2161
10.1694
10.2488
10.1801
10.2417
10.2463
10.2676
10.1946
10.232
10.2421
10.2943
10.3009
10.2438
10.2322
10.2507
10.2658
10.2767
10.2979
10.2119
10.2646
10.2159
10.2413
10.2354
10.2875
10.3028
10.2434
10.228
10.214
10.2206
10.23
10.209
10.1487
10.2395
10.2503
10.1897
10.2322
10.2193
10.2709
10.2179
10.2712
10.2412
10.195
10.2225
10.1952
10.1855
10.1692
10.3186
10.2567
10.2581
10.2274
10.2543
10.2441
10.3239
10.1891
10.1794
10.2596
10.2258
10.2322
10.203
10.1778
10.1415
10.2065
10.2506
10.26
10.1664
10.1745
10.2174
10.2631
10.2836
10.2518
10.2473
10.3148
10.2266
10.201
10.2662
10.2677
10.1887
10.2133
10.1742
10.2214
10.2452
10.2527
10.2949
10.2007
10.2889
10.2715
10.2168
10.3147
10.3131
10.2739
10.1804
10.2752
10.2615
10.2424
10.2287
10.2377
10.2232
10.1447
10.2473
10.261
10.2329
10.2526
10.2731
10.3436
10.2985
10.2806
10.2331
10.2492
10.2435
10.2691
10.2069
10.3118
10.2332
10.1643
10.2325
10.2564
10.1792
10.3003
10.2445
10.3082
10.2463
10.215
10.2666
10.2577
10.303
10.2539
10.2503
10.2142
10.245
10.2577
10.2377
10.308
10.2325
10.2304
10.3104
10.1851
10.2162
10.2308
10.2533
10.2387
10.1531
10.2819
10.307
10.1957
10.2663
10.2604
10.26
10.2905
10.2031
10.2469
10.2084
10.2499
10.2141
10.2089
10.1881
10.2284
10.2411
10.3249
10.2643
10.2519
10.2709
10.2977
10.2818
10.2677
10.2465
10.1428
10.1936
10.2408
10.2028
10.1881
10.2398
10.2972
10.2445
10.2168
10.1799
10.2918
10.231
10.23
10.2365
10.2164
10.2812
10.2875
10.3076
10.2145
10.2754
10.2799
10.2432
10.2402
10.2649
10.2591
10.2377
10.2416
10.2467
10.2434
10.2428
10.2595
10.2288
10.3065
10.2483
10.2643
10.1968
10.2663
10.2494
10.2742
10.2512
10.2354
10.305
10.2765
10.2553
10.2736
10.2298
10.2644
10.2871
10.2197
10.2845
10.2496
10.2089
10.2427
10.3267
10.2877
10.2584
10.206
10.2308
10.2841
10.1764
10.2746
10.3092
10.1577
10.2061
10.2767
10.2836
10.1931
10.2076
10.2073
10.2487
10.2758
10.2718
10.3188
10.2736
10.1591
10.3142
10.2486
10.2541
10.2433
10.2254
10.1346
10.2237
10.2879
10.2589
10.2351
10.2668
10.2908
10.2965
10.2744
10.1477
10.29
10.2079
10.2453
10.28
10.2807
10.2223
10.2069
10.2653
10.2739
10.2364
10.2781
10.2924
10.2682
10.2565
10.2529
10.2289
10.2534
10.2854
10.185
10.2817
10.2728
10.235
10.2389
10.2141
10.2908
10.3309
10.2574
10.2491
10.2423
10.2172
10.2608
10.2094
10.1906
10.2651
10.2226
10.253
10.2442
10.2521
10.2371
10.3023
10.2282
10.2757
10.2495
10.2134
10.2544
10.2652
10.2199
10.2361
10.2827
10.2478
10.1515
10.2149
10.1886
10.2408
10.2977
10.2172
10.249
10.2335
10.2842
10.2535
10.2313
10.1664
10.2085
10.2527
10.2293
10.2503
10.3332
10.1578
10.1829
10.225
10.2532
10.2417
10.2802
10.2528
10.2454
10.2121
10.2916
10.2629
10.2112
10.1878
10.1208
10.3049
10.3198
10.2671
10.2026
10.2396
10.1971
10.2678
10.189
10.1487
10.1994
10.2306
10.2539
10.2487
10.2078
10.248
10.25
10.1922
10.2895
10.1988
10.3328
10.317
10.2136
10.2171
10.2502
10.2398
10.2129
10.2123
10.2348
10.2508
10.3154
10.2152
10.2743
10.2495
10.1573
10.2045
10.2586
10.203
10.3056
10.2272
10.2567
10.2746
10.2656
10.2577
10.2477
10.2421
10.2037
10.314
10.1465
10.2722
10.2159
10.2735
10.2173
10.2365
10.2285
10.2462
10.3509
10.2682
10.2633
10.244
10.1871
10.2935
10.2511
10.2363
10.3382
10.3244
10.2315
10.1656
10.2373
10.2968
10.2913
10.1702
10.2626
10.2866
10.2426
10.2371
10.204
10.256
10.2014
10.2704
10.224
10.2044
10.2372
10.2291
10.2606
10.1619
10.2238
10.2356
10.2864
10.158
10.2147
10.301
10.2573
10.2115
10.2716
10.2935
10.2242
10.2413
10.1971
10.1988
10.292
10.2034
10.3138
10.2186
10.2017
10.2527
10.2226
10.2094
10.2207
10.2282
10.2676
10.2346
10.1831
10.2297
10.1763
10.2327
10.229
10.2541
10.1677
10.2621
10.2211
10.2504
10.2446
10.2605
10.2819
10.2464
10.1956
10.2434
10.159
10.2261
10.2568
10.2351
10.2216
10.2784
10.2041
10.2774
10.2922
10.2347
10.2414
10.1996
10.3066
10.2396
10.2338
10.2152
10.227
10.2222
10.1925
10.2209
10.2101
10.2121
10.2249
10.3389
10.1923
10.2811
10.2006
10.1682
10.277
10.2447
10.2426
10.2705
10.2393
10.1643
10.2262
10.3402
10.3033
10.2236
10.2104
10.2294
10.263
10.2462
10.2679
10.2726
10.2464
10.2987
10.2419
10.1987
10.3002
10.2111
10.2334
10.2835
10.1767
10.2594
10.2902
10.1664
10.2448
10.231
10.2362
10.2496
10.2538
10.1961
10.1899
10.2514
10.3137
10.1723
10.2787
10.2365
10.2339
10.2452
10.1631
10.1822
10.3577
10.2354
10.1537
10.2422
10.1924
10.2344
10.2619
10.1686
10.2465
10.2901
10.2365
10.1365
10.2333
10.1694
10.2194
10.2561
10.2924
10.2578
10.2288
10.2535
10.1831
10.1865
10.2508
10.2375
10.2592
10.2183
10.2356
10.2604
10.3175
10.2553
10.2519
10.2452
10.2245
10.2476
10.2345
10.2419
10.2849
10.2186
10.2177
10.3009
10.2169
10.2743
10.3822
10.2284
10.2176
10.2535
10.2236
10.2271
10.1886
10.2412
10.2387
10.3035
10.3181
10.259
10.3626
10.3242
10.2533
10.306
10.2757
10.1922
10.2259
10.2388
10.2007
10.1872
10.1363
10.3199
10.1663
10.2928
10.1802
10.1891
10.206
10.1707
10.3322
10.2429
10.2237
10.2118
10.2838
10.3522
10.2431
10.2127
10.2263
10.258
10.2655
10.2166
10.1766
10.2486
10.2252
10.2157
10.2921
10.2808
10.2737
10.2781
10.2237
10.2594
10.2666
10.2505
10.2481
10.2368
10.2894
10.2267
10.2359
10.2571
10.1655
10.3266
10.3094
10.3114
10.21
10.2341
10.2081
10.2134
10.2682
10.2012
10.2185
10.311
10.2771
10.1808
10.2831
10.2042
10.2195
10.2542
10.1973
10.2774
10.2181
10.191
10.2976
10.1596
10.2564
10.0952
10.2628
10.2315
10.1845
10.272
10.2529
10.2251
10.2229
10.1864
10.2193
10.2573
10.2462
10.2717
10.2912
10.2288
10.3588
10.2447
10.2192
10.2755
10.1606
10.2674
10.2539
10.31
10.2913
10.2797
10.192
10.2534
10.2495
10.3745
10.2536
10.2703
10.2312
10.2459
10.249
10.2478
10.241
10.1895
10.2851
10.2087
10.2469
10.1885
10.2876
10.2705
10.1769
10.2592
10.2702
10.2467
10.2537
10.1685
10.2785
10.3148
10.2126
10.2557
10.2637
10.2743
10.2324
10.2207
10.2094
10.1982
10.2035
10.2128
10.1135
10.2856
10.2738
10.234
10.2269
10.3276
10.344
10.2859
10.2828
10.2607
10.226
10.2134
10.2608
10.2367
10.1838
10.2407
10.2164
10.296
10.2444
10.2044
10.3068
10.2821
10.1979
10.261
10.3973
10.1887
10.1979
10.2293
10.1981
10.2636
10.2578
10.2636
10.2496
10.2685
10.2542
10.2128
10.2515
10.1867
10.2963
10.1949
10.2865
10.2447
10.1545
10.2631
10.3142
10.2657
10.2253
10.2495
10.1943
10.2552
10.2215
10.2924
10.2478
10.2732
10.2417
10.2121
10.1698
10.2733
10.2974
10.2577
10.2317
10.2663
10.2211
10.2269
10.2777
10.2484
10.308
10.2639
10.2831
10.2712
10.2576
10.2482
10.2287
10.2499
10.2282
10.2144
10.2799
10.2491
10.2311
10.2425
10.2489
10.2827
10.2803
10.2742
10.2236
10.3316
10.1871
10.1619
10.1994
10.1675
10.2255
10.2709
10.2283
10.281
10.2128
10.2089
10.2906
10.159
10.2049
10.2822
10.2173
10.3224
10.2104
10.2526
10.2581
10.2206
10.2514
10.2646
10.179
10.303
10.2305
10.2369
10.2271
10.2327
10.2591
10.224
10.2391
10.213
10.2361
10.2077
10.2618
10.2549
10.2399
10.2234
10.2745
10.1954
10.2708
10.3195
10.3104
10.1886
10.2345
10.2403
10.2467
10.2559
10.2632
10.1937
10.2446
10.2006
10.2423
10.1927
10.2369
10.205
10.2232
10.1874
10.2395
10.2135
10.2597
10.151
10.1707
10.2444
10.3027
10.2157
10.288
10.2038
10.23
10.2067
10.2433
10.2209
10.2723
10.1865
10.292
10.2608
10.1707
10.3091
10.2229
10.2947
10.2375
10.2353
10.1889
10.2148
10.2886
10.235
10.2147
10.249
10.3272
10.1854
10.1978
10.2035
10.2824
10.2532
10.2431
10.2068
10.2516
10.3062
10.2672
10.227
10.1992
10.2201
10.2262
10.2845
10.2633
10.2594
10.2643
10.2714
10.2738
10.2386
10.2026
10.2327
10.3011
10.2227
10.2428
10.2724
10.2602
10.2159
10.261
10.2317
10.2359
10.2675
10.2661
10.2444
10.1988
10.2329
10.2569
10.2838
10.2176
10.2728
10.2197
10.2278
10.2652
10.2065
10.2404
10.2552
10.2496
10.2898
10.241
10.2635
10.2667
10.3373
10.2472
10.3043
10.2476
10.2502
10.255
10.2283
10.2591
10.2183
10.2055
10.2772
10.2449
10.3039
10.3123
10.2578
10.1987
10.2285
10.2794
10.2518
10.2566
10.2297
10.2903
10.2002
10.3049
10.2957
10.1904
10.1687
10.2598
10.2503
10.1379
10.2004
10.2113
10.2057
10.1853
10.3004
10.2347
10.2187
10.3262
10.1994
10.2715
10.2275
10.2759
10.2168
10.2439
10.2086
10.2377
10.2375
10.2152
10.2409
10.2425
10.2569
10.2417
10.2208
10.2713
10.2279
10.2139
10.1857
10.233
10.2196
10.2019
10.2923
10.2434
10.2921
10.2567
10.2361
10.2804
10.1788
10.2675
10.2439
10.2523
10.1714
10.2329
10.2384
10.2792
10.2339
10.229
10.2325
10.2087
10.2048
10.2469
10.1864
10.1747
10.2756
10.2355
10.1751
10.2598
10.235
10.1958
10.2941
10.2707
10.3368
10.2569
10.2617
10.203
10.2998
10.2548
10.2328
10.2911
10.2149
10.2567
10.2338
10.2233
10.3013
10.2768
10.2629
10.2384
10.1722
10.2898
10.2834
10.2645
10.1812
10.2844
10.2079
10.2352
10.2487
10.2331
10.2163
10.196
10.211
10.2583
10.1965
10.3068
10.2643
10.2343
10.2553
10.23
10.2093
10.1476
10.2437
10.2298
10.287
10.2711
10.2399
10.2441
10.3021
10.2384
10.2024
10.1775
10.2123
10.2274
10.2221
10.2295
10.2088
10.2624
10.2423
10.2106
10.2073
10.2706
10.1783
10.2507
10.2227
10.2047
10.222
10.2821
10.2613
10.2764
10.2196
10.2337
10.2651
10.2381
10.3331
10.2422
10.3361
10.2515
10.2366
10.3003
10.228
10.3214
10.2578
10.2593
10.2501
10.2381
10.2283
10.257
10.281
10.1932
10.2535
10.2934
10.1994
10.2037
10.2525
10.2595
10.2396
10.2555
10.2789
10.232
10.2875
10.1858
10.2136
10.2266
10.2268
10.2339
10.329
10.23
10.2672
10.2267
10.1866
10.2099
10.2505
10.2471
10.2295
10.3044
10.2492
10.2584
10.2328
10.2041
10.2785
10.1874
10.2878
10.2267
10.1995
10.2703
10.2425
10.2308
10.224
10.2661
10.2123
10.2503
10.2725
10.2549
10.2285
10.2541
10.1527
10.2624
10.219
10.2186
10.2301
10.2221
10.1768
10.1887
10.3025
10.2365
10.2856
10.287
10.2547
10.2061
10.2133
10.3183
10.2408
10.2098
10.263
10.2715
10.2651
10.2552
10.1829
10.248
10.1913
10.2399
10.2435
10.2279
10.2814
10.2087
10.2773
10.1893
10.2464
10.2718
10.2181
10.2857
10.2563
10.2732
10.2704
10.2475
10.2368
10.2787
10.2266
10.2281
10.2302
10.2467
10.2896
10.2963
10.275
10.2093
10.2085
10.3614
10.1418
10.2745
10.2563
10.2964
10.2317
10.26
10.2945
10.2134
10.285
10.247
10.248
10.2542
10.2556
10.2451
10.2511
10.2457
10.2253
10.3456
10.225
10.1295
10.2064
10.2806
10.279
10.2504
10.2113
10.2498
10.2878
10.3317
10.1334
10.286
10.2153
10.2005
10.2575
10.1693
10.2306
10.2857
10.156
10.2162
10.2224
10.2623
10.2657
10.2589
10.2252
10.2286
10.2786
10.2135
10.2267
10.2417
10.208
10.231
10.2315
10.2532
10.3205
10.2262
10.2244
10.2515
10.285
10.2395
10.1674
10.2794
10.2332
10.2285
10.2145
10.2752
10.1693
10.2592
10.1616
10.2249
10.2028
10.237
10.23
10.1912
10.2378
10.2592
10.2631
10.2353
10.2627
10.2373
10.2169
10.2272
10.2341
10.3246
10.3064
10.319
10.1529
10.2306
10.24
10.2103
10.2163
10.2335
10.2537
10.2285
10.218
10.1724
10.2463
10.2544
10.2299
10.2593
10.1905
10.2609
10.2859
10.3018
10.3005
10.1941
10.2006
10.2671
10.2836
10.1923
10.2434
10.2016
10.2158
10.1691
10.2255
10.2271
10.2192
10.2846
10.2546
10.2189
10.2918
10.2884
10.2552
10.2532
10.3311
10.3122
10.1722
10.3029
10.1897
10.2572
10.2525
10.2145
10.2293
10.2652
10.2631
10.2011
10.2271
10.1976
10.2332
10.2377
10.2186
10.2318
10.2223
10.136
10.1966
10.2509
10.2405
10.1936
10.2885
10.2999
10.3018
10.2037
10.2726
10.161
10.154
10.2217
10.2583
10.1966
10.2799
10.2319
10.2292
10.2603
10.2584
10.2402
10.198
10.2805
10.2023
10.2013
10.1909
10.1785
10.2097
10.2504
10.1553
10.2314
10.2044
10.131
10.1871
10.2824
10.304
10.2077
10.2798
10.2869
10.2111
10.2005
10.2256
10.1703
10.2536
10.1921
10.2755
10.2321
10.2683
10.2308
10.2406
10.2051
10.3236
10.2461
10.2473
10.173
10.2557
10.1936
10.2581
10.2287
10.2793
10.1722
10.2639
10.2256
10.3149
10.2004
10.2581
10.2172
10.1855
10.2651
10.2119
10.1812
10.2284
10.2643
10.2867
10.2559
10.2621
10.198
10.2718
10.2692
10.2777
10.2868
10.1989
10.3251
10.221
10.2572
10.2499
10.2996
10.2132
10.3408
10.2473
10.2735
10.2333
10.3148
10.3158
10.2653
10.191
10.2264
10.3019
10.2253
10.2021
10.2702
10.2208
10.3454
10.1956
10.2212
10.2991
10.3076
10.2045
10.2563
10.2228
10.1758
10.2121
10.2311
10.2786
10.3217
10.2216
10.2593
10.2557
10.2421
10.2209
10.2124
10.1895
10.3035
10.2341
10.2635
10.2262
10.3312
10.2723
10.2625
10.2754
10.2215
10.2601
10.2122
10.1719
10.1912
10.2608
10.2049
10.2331
10.2821
10.2827
10.2567
10.2393
10.2616
10.2606
10.2776
10.2517
10.223
10.1907
10.2361
10.3238
10.2459
10.3131
10.3349
10.2272
10.2403
10.2656
10.2329
10.2313
10.3028
10.3183
10.167
10.3244
10.2368
10.2239
10.1981
10.236
10.3066
10.2723
10.2288
10.2968
10.3328
10.2216
10.2865
10.2483
10.2709
10.2539
10.2733
10.217
10.3029
10.3022
10.2762
10.2254
10.2861
10.273
10.2329
10.2577
10.2581
10.2067
10.2015
10.2498
10.2807
10.2401
10.2636
10.2721
10.1801
10.2642
10.1636
10.2873
10.1785
10.2921
10.2318
10.3023
10.2914
10.2842
10.2585
10.1781
10.2649
10.2546
10.2251
10.294
10.1514
10.2517
10.1659
10.2253
10.2307
10.3181
10.2522
10.2145
10.2165
10.2148
10.2692
10.2039
10.2943
10.2529
10.2439
10.2531
10.251
10.198
10.2099
10.1774
10.2412
10.2129
10.222
10.2108
10.1432
10.3166
10.2117
10.199
10.2791
10.2385
10.3002
10.2279
10.2291
10.2523
10.2623
10.2436
10.234
10.2142
10.2223
10.1994
10.1919
10.2046
10.2864
10.2359
10.272
10.2334
10.2144
10.2606
10.2379
10.2548
10.2254
10.2099
10.2328
10.1782
10.254
10.2184
10.2459
10.2881
10.2055
10.2653
10.2151
10.1568
10.2269
10.2641
10.2954
10.2663
10.1737
10.2183
10.121
10.2427
10.2271
10.2588
10.2725
10.2206
10.2116
10.2021
10.2247
10.1645
10.2133
10.233
10.2679
10.2285
10.2307
10.2571
10.2306
10.1953
10.2382
10.2615
10.2981
10.186
10.2684
10.3175
10.2143
10.301
10.2661
10.3236
10.2519
10.2717
10.276
10.2352
10.2678
10.2317
10.2182
10.2939
10.2161
10.225
10.251
10.2417
10.2567
10.2278
10.208
10.2684
10.2005
10.2578
10.2002
10.2533
10.2312
10.2978
10.2499
10.2727
10.2372
10.2779
10.2363
10.2712
10.2065
10.2766
10.23
10.2953
10.2206
10.1836
10.2986
10.2587
10.2217
10.2385
10.1965
10.277
10.24
10.2258
10.2588
10.2111
10.2462
10.2256
10.1704
10.2097
10.1399
10.2883
10.245
10.2504
10.2232
10.1817
10.2907
10.2359
10.2361
10.2916
10.2693
10.2587
10.1709
10.2852
10.2579
10.2423
10.2237
10.2139
10.2226
10.2336
10.2769
10.3123
10.2719
10.1908
10.321
10.2584
10.2651
10.1979
10.1972
10.2241
10.2051
10.3512
10.2155
10.2194
10.2221
10.1765
10.1456
10.3162
10.2883
10.2419
10.2122
10.2624
10.2675
10.2905
10.2713
10.2052
10.336
10.2457
10.2654
10.1962
10.1151
10.2954
10.2135
10.2753
10.2506
10.2529
10.2083
10.2456
10.1669
10.1876
10.2636
10.2163
10.2597
10.2196
10.1948
10.2487
10.2046
10.3025
10.1828
10.2142
10.1763
10.2217
10.1792
10.2322
10.2557
10.2953
10.2825
10.1539
10.1722
10.3457
10.2319
10.2719
10.1515
10.2762
10.2593
10.2861
10.2197
10.1671
10.2828
10.2106
10.1778
10.2335
10.2957
10.2441
10.2481
10.2727
10.316
10.2186
10.2358
10.2111
10.3483
10.2392
10.214
10.1826
10.169
10.2458
10.2299
10.3455
10.2792
10.2079
10.2218
10.2226
10.2871
10.2083
10.3082
10.2721
10.2752
10.275
10.2079
10.2573
10.183
10.3127
10.2798
10.2774
10.211
10.2578
10.209
10.2506
10.3012
10.2334
10.2307
10.291
10.2137
10.2137
10.1941
10.2195
10.2476
10.2241
10.2078
10.3002
10.2704
10.2989
10.2492
10.2019
10.2705
10.27
10.1936
10.2311
10.2661
10.2733
10.2624
10.2082
10.2513
10.2493
10.281
10.2187
10.2429
10.1817
10.1847
10.2325
10.2
10.3604
10.3128
10.3024
10.3003
10.2715
10.2613
10.2239
10.2834
10.2318
10.214
10.192
10.2475
10.2976
10.2123
10.2877
10.2182
10.2673
10.2695
10.2526
10.294
10.148
10.2092
10.2702
10.2003
10.3019
10.215
10.266
10.3055
10.2039
10.2311
10.2786
10.1882
10.3289
10.2588
10.1959
10.3366
10.2974
10.2527
10.2595
10.2607
10.2587
10.2566
10.1975
10.2062
10.2208
10.0898
10.2216
10.2831
10.2208
10.2133
10.2693
10.2101
10.196
10.1791
10.1638
10.2687
10.2423
10.2267
10.2512
10.2437
10.3254
10.2301
10.2421
10.2147
10.2245
10.2372
10.1959
10.2388
10.2543
10.2532
10.2394
10.2072
10.237
10.2767
10.27
10.2341
10.2659
10.2275
10.2081
10.2027
10.2897
10.1656
10.1823
10.2456
10.3041
10.2276
10.2239
10.2539
10.2694
10.2343
10.2883
10.2843
10.2049
10.1618
10.2276
10.2512
10.2378
10.251
10.2444
10.2733
10.3065
10.2366
10.2328
10.3368
10.3702
10.2638
10.1708
10.2168
10.214
10.2281
10.1982
10.2348
10.1833
10.2083
10.1804
10.3585
10.2559
10.3077
10.2965
10.2229
10.1867
10.2871
10.3017
10.1634
10.3193
10.3552
10.2052
10.3049
10.2746
10.2388
10.2303
10.2329
10.2488
10.3266
10.2725
10.2301
10.2747
10.2648
10.2517
10.2105
10.2006
10.2818
10.2449
10.1414
10.2078
10.1804
10.2566
10.2466
10.1495
10.3178
10.169
10.2269
10.2372
10.1442
10.2934
10.1986
10.219
10.2775
10.2267
10.2454
10.2662
10.1907
10.2509
10.2446
10.2121
10.1945
10.1898
10.2307
10.3421
10.2365
10.2307
10.2392
10.1764
10.2283
10.2303
10.257
10.2329
10.2595
10.2179
10.1769
10.2177
10.2872
10.2242
10.1845
10.1919
10.2325
10.2848
10.1964
10.3155
10.2496
10.2073
10.2309
10.2858
10.2248
10.2221
10.3113
10.2598
10.185
10.2081
10.1839
10.2738
10.1837
10.2173
10.201
10.1397
10.2007
10.1987
10.2966
10.2196
10.2632
10.2601
10.2844
10.18
10.2487
10.2393
10.2415
10.322
10.2557
10.1708
10.2689
10.2122
10.2563
10.2839
10.2568
10.2458
10.2246
10.3068
10.2982
10.2207
10.155
10.268
10.256
10.2714
10.2524
10.2584
10.1684
10.2538
10.1951
10.2503
10.1475
10.2408
10.2525
10.2251
10.2464
10.2445
10.2442
10.2128
10.2104
10.1869
10.2349
10.2841
10.1831
10.216
10.2496
10.2378
10.2296
10.2085
10.1778
10.3043
10.2176
10.2679
10.2581
10.3221
10.191
10.2273
10.1663
10.2483
10.2071
10.2324
10.2573
10.3477
10.2779
10.3455
10.2509
10.1418
10.2836
10.2282
10.2091
10.2162
10.1883
10.3075
10.3273
10.254
10.2414
10.2276
10.2248
10.29
10.2354
10.233
10.2102
10.2088
10.3188
10.2159
10.2027
10.3307
10.274
10.199
10.3175
10.2663
10.24
10.2379
10.2147
10.2942
10.2033
10.305
10.2294
10.3005
10.2744
10.2965
10.2541
10.11
10.3058
10.263
10.2038
10.2055
10.2599
10.2695
10.2152
10.2954
10.2073
10.1874
10.2479
10.2035
10.2722
10.1793
10.3376
10.1958
10.2368
10.3634
10.2459
10.2481
10.2087
10.2837
10.1939
10.2475
10.2237
10.1857
10.2036
10.132
10.1978
10.2205
10.2815
10.2769
10.1823
10.1814
10.2746
10.2458
10.2311
10.2519
10.219
10.2008
10.3122
10.2392
10.2812
10.2064
10.2854
10.2296
10.2708
10.2349
10.3211
10.2439
10.2133
10.2558
10.2595
10.1736
10.312
10.1983
10.2278
10.1981
10.2224
10.1881
10.1949
10.2058
10.232
10.2581
10.249
10.2377
10.1682
10.2509
10.2602
10.1964
10.2406
10.2156
10.2707
10.199
10.2442
10.2534
10.2334
10.2708
10.2412
10.2261
10.2562
10.351
10.2532
10.2081
10.2722
10.2447
10.2009
10.3186
10.197
10.32
10.2361
10.2052
10.2243
10.1873
10.2401
10.2843
10.2336
10.2573
10.2634
10.2012
10.2091
10.2508
10.1889
10.2468
10.2436
10.2241
10.2114
10.2628
10.3453
10.2629
10.2546
10.1988
10.203
10.2554
10.2275
10.2737
10.2999
10.2176
10.1921
10.2201
10.2076
10.2246
10.166
10.2604
10.2365
10.2057
10.2342
10.2519
10.2355
10.2154
10.2391
10.2643
10.3224
10.2157
10.3048
10.3007
10.2384
10.2043
10.2651
10.2462
10.2641
10.2339
10.2315
10.2757
10.2318
10.2561
10.2675
10.3055
10.267
10.2265
10.2459
10.2727
10.2588
10.2091
10.2911
10.2001
10.2781
10.2133
10.2788
10.2493
10.2232
10.1764
10.1907
10.2566
10.1527
10.2324
10.2478
10.1904
10.1458
10.2198
10.2385
10.2559
10.2323
10.2513
10.2493
10.232
10.244
10.3328
10.2485
10.2258
10.2199
10.2738
10.2216
10.2553
10.238
10.2855
10.2954
10.2268
10.28
10.2891
10.2253
10.2703
10.1997
10.24
10.2402
10.2199
10.1648
10.3137
10.2414
10.2301
10.2356
10.1811
10.3184
10.2523
10.2202
10.2159
10.2915
10.2617
10.1941
10.2408
10.2382
10.2087
10.2785
10.2474
10.1567
10.2259
10.2373
10.2734
10.2901
10.2232
10.2187
10.1501
10.2355
10.3085
10.3436
10.2093
10.2089
10.2767
10.2794
10.3088
10.2521
10.1109
10.2081
10.2793
10.2461
10.2128
10.2568
10.2653
10.2556
10.2568
10.2188
10.2555
10.2908
10.3084
10.3073
10.2465
10.2272
10.3102
10.2509
10.1656
10.1821
10.2084
10.2698
10.2583
10.3159
10.1594
10.2378
10.2737
10.2222
10.2261
10.2148
10.2565
10.1966
10.2944
10.2819
10.3308
10.2366
10.1626
10.1959
10.199
10.1721
10.2663
10.1699
10.2045
10.2567
10.1824
10.2289
10.2856
10.2643
10.2758
10.3311
10.1912
10.2793
10.283
10.1993
10.3026
10.2783
10.2872
10.2695
10.2453
10.2212
10.284
10.2482
10.2092
10.2374
10.1913
10.2402
10.2157
10.2928
10.3087
10.1897
10.2233
10.2678
10.3277
10.275
10.2734
10.2293
10.3053
10.2693
10.2987
10.2949
10.227
10.1898
10.1537
10.1993
10.2711
10.2402
10.2972
10.2212
10.2263
10.225
10.325
10.2578
10.247
10.2478
10.2082
10.2332
10.291
10.2828
10.2412
10.2634
10.2057
10.2206
10.1204
10.2666
10.1154
10.2371
10.2284
10.2623
10.2547
10.2806
10.2658
10.2233
10.1885
10.2037
10.2235
10.3091
10.2207
10.2891
10.2949
10.19
10.1824
10.2174
10.2615
10.316
10.2527
10.2231
10.2081
10.2642
10.2152
10.2242
10.274
10.2064
10.2607
10.2393
10.2093
10.2228
10.2147
10.1976
10.2365
10.2408
10.1727
10.2262
10.241
10.2833
10.2838
10.181
10.2963
10.2639
10.1593
10.2065
10.1102
10.2333
10.2945
10.2315
10.1924
10.1348
10.3008
10.2756
10.2382
10.2177
10.1801
10.2521
10.2386
10.206
10.1986
10.251
10.2431
10.2069
10.3129
10.2336
10.2286
10.1928
10.2599
10.2626
10.2407
10.2854
10.241
10.253
10.2818
10.2166
10.2134
10.2867
10.2048
10.2604
10.2263
10.2311
10.2106
10.1615
10.1676
10.2236
10.2054
10.2476
10.2091
10.3265
10.1992
10.2358
10.2359
10.2895
10.2011
10.3042
10.2789
10.1611
10.2593
10.22
10.2392
10.2385
10.2618
10.2524
10.1722
10.2194
10.1648
10.2771
10.2387
10.1855
10.2759
10.228
10.2178
10.2094
10.2186
10.222
10.2252
10.1971
10.3055
10.2508
10.2306
10.1174
10.2651
10.2925
10.1848
10.3097
10.1946
10.2667
10.2516
10.2908
10.2078
10.2696
10.2729
10.2029
10.3205
10.2329
10.217
10.2661
10.3409
10.3036
10.2167
10.3095
10.2363
10.2328
10.2575
10.2405
10.2149
10.2797
10.3302
10.2547
10.2532
10.2681
10.2307
10.3128
10.2281
10.3253
10.2625
10.2939
10.2524
10.2563
10.2814
10.3097
10.2042
10.2243
10.2254
10.2505
10.2703
10.2417
10.2392
10.2461
10.2288
10.2576
10.2079
10.2267
10.2453
10.2555
10.1993
10.2253
10.1766
10.1691
10.2614
10.2424
10.2541
10.276
10.2314
10.3589
10.2272
10.2307
10.3171
10.1807
10.2484
10.2637
10.2461
10.2295
10.2418
10.2426
10.2742
10.2006
10.2488
10.2283
10.1891
10.2603
10.2168
10.2241
10.1861
10.2365
10.2793
10.2978
10.2905
10.2519
10.2404
10.2419
10.1963
10.2272
10.2393
10.3148
10.2497
10.1923
10.2752
10.24
10.2462
10.2251
10.2091
10.2479
10.2769
10.2904
10.2492
10.1578
10.2686
10.2297
10.2433
10.3254
10.206
10.2401
10.2845
10.1875
10.2444
10.2376
10.2738
10.1743
10.2473
10.2557
10.1992
10.2053
10.2255
10.2408
10.2199
10.2034
10.211
10.2423
10.2472
10.1728
10.1902
10.2197
10.2548
10.3206
10.2441
10.2481
10.2579
10.2283
10.1969
10.2094
10.2004
10.2044
10.2615
10.3053
10.2571
10.3168
10.2162
10.2438
10.2702
10.204
10.2628
10.1551
10.2461
10.243
10.2803
10.1832
10.2243
10.2012
10.1879
10.1777
10.1625
10.2117
10.2429
10.1615
10.2872
10.2699
10.3154
10.2986
10.1861
10.232
10.2671
10.2219
10.1864
10.2548
10.2435
10.1764
10.3311
10.1986
10.2375
10.2196
10.2482
10.1953
10.2312
10.242
10.2793
10.2915
10.2816
10.1765
10.161
10.2626
10.2526
10.2606
10.2914
10.2289
10.2598
10.2315
10.2324
10.2413
10.2508
10.2679
10.2564
10.2391
10.2953
10.2262
10.2421
10.2449
10.1453
10.3153
10.2198
10.2406
10.2556
10.2466
10.3061
10.2417
10.2339
10.2456
10.1563
10.2994
10.2148
10.2069
10.1981
10.2233
10.2745
10.2761
10.2618
10.2541
10.1625
10.1777
10.2356
10.2125
10.1954
10.2572
10.2411
10.2834
10.2535
10.2394
10.2606
10.1988
10.2039
10.1995
10.2565
10.2164
10.2859
10.1793
10.2369
10.2325
10.1878
10.261
10.2689
10.2436
10.3181
10.3002
10.2468
10.2703
10.2488
10.2602
10.2482
10.2431
10.2755
10.1914
10.2868
10.2931
10.1753
10.2533
10.2707
10.2418
10.2584
10.2535
10.2249
10.2214
10.2336
10.2537
10.195
10.2392
10.324
10.2268
10.2644
10.2486
10.2707
10.2153
10.3129
10.2407
10.2016
10.259
10.2118
10.2401
10.26
10.2771
10.236
10.2403
10.1862
10.2753
10.242
10.2878
10.1963
10.2987
10.247
10.2354
10.2877
10.2782
10.2011
10.2557
10.2729
10.2718
10.2061
10.2868
10.2731
10.2206
10.2979
10.2262
10.235
10.3115
10.1773
10.2552
10.1627
10.2371
10.2683
10.2474
10.2274
10.1924
10.2498
10.2037
10.1974
10.2443
10.1839
10.2545
10.2001
10.3072
10.2543
10.2859
10.2438
10.2863
10.265
10.191
10.1691
10.2546
10.2478
10.2293
10.2106
10.197
10.229
10.2823
10.2246
10.2583
10.2333
10.2156
10.2478
10.2389
10.2835
10.2296
10.1941
10.2756
10.2147
10.1575
10.2194
10.2047
10.2731
10.2372
10.2744
10.2317
10.2069
10.1477
10.2766
10.2887
10.2248
10.2694
10.2514
10.1728
10.1615
10.2733
10.1654
10.1876
10.2375
10.2519
10.2032
10.2328
10.2764
10.251
10.1962
10.2773
10.2604
10.2787
10.2066
10.2222
10.1591
10.2184
10.2192
10.3621
10.2383
10.2388
10.2363
10.2689
10.2796
10.2217
10.1315
10.2597
10.2147
10.2936
10.2513
10.2331
10.2493
10.2325
10.2229
10.1682
10.2634
10.3169
10.2255
10.2147
10.2159
10.2496
10.1735
10.2828
10.1695
10.2197
10.2984
10.202
10.2116
10.2732
10.2516
10.2932
10.2262
10.206
10.2086
10.229
10.2685
10.2049
10.201
10.2414
10.2021
10.1761
10.2236
10.2538
10.2306
10.3295
10.2779
10.2788
10.2409
10.3281
10.1935
10.1535
10.2649
10.2293
10.222
10.3082
10.2437
10.226
10.2767
10.2599
10.2913
10.1928
10.2181
10.2729
10.1945
10.1892
10.2126
10.2023
10.2656
10.1918
10.2006
10.2507
10.2273
10.1883
10.2409
10.3102
10.223
10.3212
10.2984
10.2594
10.1643
10.3205
10.2085
10.2369
10.2206
10.2169
10.2366
10.3073
10.3239
10.3203
10.2548
10.2839
10.2762
10.2566
10.2804
10.2802
10.2835
10.2031
10.2419
10.2285
10.2543
10.2051
10.2375
10.2383
10.1763
10.2057
10.2859
10.1777
10.2127
10.284
10.3048
10.1691
10.3093
10.2463
10.2454
10.1756
10.1816
10.2471
10.2792
10.2494
10.2435
10.1979
10.2763
10.2216
10.3328
10.2126
10.1722
10.2275
10.2802
10.2387
10.2834
10.1939
10.3071
10.2483
10.245
10.221
10.2303
10.2705
10.2318
10.2332
10.2219
10.2198
10.1893
10.1969
10.3416
10.1083
10.2722
10.2022
10.2942
10.2199
10.2374
10.2392
10.2202
10.2106
10.2796
10.2615
10.173
10.173
10.2977
10.2105
10.3398
10.2151
10.2274
10.3157
10.2022
10.1896
10.273
10.2646
10.1553
10.1362
10.251
10.262
10.2722
10.2634
10.2027
10.2431
10.172
10.2046
10.2299
10.2251
10.2346
10.2962
10.2683
10.2439
10.2734
10.2582
10.2724
10.2147
10.2452
10.2446
10.2245
10.2267
10.2571
10.2695
10.2353
10.2887
10.2565
10.2806
10.2196
10.2892
10.2386
10.2325
10.2369
10.2239
10.2807
10.267
10.2785
10.2289
10.274
10.2188
10.207
10.2462
10.2551
10.2443
10.2617
10.3022
10.1924
10.2572
10.1918
10.2701
10.2029
10.2519
10.2562
10.1932
10.2443
10.2244
10.3369
10.2459
10.2452
10.2328
10.3232
10.2953
10.2858
10.2353
10.2997
10.1799
10.2692
10.1633
10.2749
10.2443
10.2902
10.2581
10.2443
10.2805
10.2314
10.2233
10.2309
10.2001
10.2563
10.2261
10.2242
10.1973
10.1421
10.241
10.2079
10.1658
10.2223
10.2392
10.2462
10.2355
10.2685
10.2103
10.2749
10.2829
10.2594
10.2639
10.2905
10.1804
10.2892
10.248
10.2364
10.2464
10.1636
10.2859
10.2801
10.2513
10.1969
10.2175
10.2621
10.2332
10.1735
10.2391
10.2114
10.2347
10.2394
10.2222
10.2227
10.2313
10.2494
10.2523
10.3055
10.2099
10.2293
10.2276
10.2534
10.2437
10.1949
10.2088
10.1984
10.2454
10.231
10.3334
10.2417
10.1706
10.2676
10.2896
10.278
10.1454
10.2373
10.2045
10.2917
10.2078
10.1957
10.2727
10.2485
10.234
10.2251
10.3036
10.2562
10.1701
10.292
10.2669
10.1975
10.2277
10.2276
10.1708
10.2431
10.1944
10.2251
10.2317
10.2115
10.2854
10.1951
10.2425
10.2626
10.2991
10.2584
10.2496
10.2559
10.2434
10.2163
10.1971
10.2835
10.2465
10.1967
10.1609
10.2902
10.2171
10.1788
10.3069
10.2015
10.1831
10.2951
10.2784
10.2232
10.2589
10.1995
10.2711
10.2687
10.3036
10.2541
10.206
10.2317
10.1423
10.2565
10.2971
10.2839
10.2994
10.1436
10.2263
10.2025
10.274
10.2443
10.2655
10.2035
10.2434
10.1997
10.2275
10.2491
10.1244
10.2811
10.2455
10.2211
10.1589
10.2529
10.2709
10.1989
10.2635
10.1485
10.3168
10.2794
10.2563
10.1658
10.2243
10.2802
10.2329
10.2747
10.2901
10.1654
10.2437
10.2301
10.2351
10.3081
10.1841
10.2416
10.1989
10.2304
10.2529
10.2307
10.2026
10.2698
10.2331
10.3108
10.2224
10.1273
10.2507
10.2288
10.2229
10.2628
10.1696
10.2512
10.2798
10.2644
10.278
10.1806
10.2782
10.3106
10.2794
10.3045
10.2705
10.2555
10.2032
10.1789
10.3528
10.2032
10.307
10.1665
10.2348
10.2076
10.3007
10.2981
10.2341
10.1903
10.28
10.3083
10.3646
10.2612
10.2065
10.2377
10.162
10.193
10.2579
10.2941
10.1754
10.2749
10.2498
10.2707
10.1841
10.2246
10.2247
10.1915
10.2691
10.2438
10.1941
10.2073
10.2981
10.213
10.2933
10.1735
10.2264
10.2446
10.2662
10.2422
10.2865
10.2905
10.2821
10.1873
10.279
10.2031
10.2801
10.2379
10.2301
10.2282
10.3035
10.2544
10.1852
10.1762
10.2305
10.1726
10.2596
10.2725
10.2043
10.1442
10.1481
10.1695
10.1993
10.2406
10.2852
10.213
10.1534
10.2054
10.1953
10.2515
10.2769
10.2273
10.3017
10.2031
10.1705
10.2277
10.2075
10.2311
10.2131
10.1651
10.1955
10.2721
10.2225
10.244
10.1893
10.1987
10.2267
10.2078
10.2242
10.2663
10.2246
10.2252
10.2466
10.2597
10.1683
10.244
10.1787
10.2362
10.2989
10.2573
10.2082
10.2148
10.1886
10.2461
10.2228
10.2389
10.1967
10.1734
10.2152
10.2806
10.247
10.2538
10.2508
10.2975
10.2571
10.327
10.2564
10.2314
10.2879
10.2514
10.199
10.2001
10.2612
10.2542
10.2797
10.2161
10.2721
10.2628
10.2351
10.2732
10.2457
10.1819
10.3142
10.2372
10.1891
10.2678
10.2369
10.2188
10.219
10.2376
10.2885
10.1454
10.2248
10.2261
10.2615
10.2472
10.2817
10.2874
10.2342
10.2404
10.2453
10.2341
10.2652
10.2643
10.2315
10.2378
10.1815
10.1922
10.1581
10.3172
10.237
10.2806
10.274
10.2296
10.2324
10.2996
10.3052
10.2085
10.2519
10.2134
10.2668
10.3297
10.2117
10.2252
10.265
10.2085
10.1953
10.2167
10.1373
10.2889
10.1371
10.253
10.3196
10.2868
10.3006
10.2516
10.2817
10.2228
10.1897
10.2462
10.1359
10.2215
10.2178
10.2358
10.1442
10.2149
10.3502
10.2029
10.2278
10.2268
10.3108
10.3447
10.2417
10.265
10.2437
10.2023
10.2375
10.2415
10.2034
10.3317
10.2727
10.2928
10.1727
10.2573
10.2374
10.2636
10.2381
10.2637
10.3025
10.2255
10.3093
10.2729
10.2114
10.2537
10.2877
10.275
10.2455
10.2884
10.25
10.2893
10.2333
10.2915
10.2823
10.2594
10.2227
10.2633
10.2398
10.2608
10.2264
10.2515
10.2279
10.2212
10.2314
10.2712
10.2793
10.2451
10.3298
10.2192
10.2696
10.2378
10.2895
10.3002
10.2082
10.3081
10.3074
10.269
10.2165
10.2751
10.221
10.2788
10.2207
10.2974
10.1831
10.2491
10.1731
10.272
10.225
10.2287
10.2363
10.1932
10.2287
10.2622
10.2036
10.217
10.2781
10.3054
10.2118
10.3039
10.2077
10.2178
10.2285
10.1693
10.2376
10.2463
10.1836
10.3016
10.3044
10.2559
10.2407
10.2171
10.3108
10.2517
10.2425
10.2957
10.1689
10.1689
10.1936
10.1716
10.2556
10.2342
10.1685
10.2481
10.2294
10.3071
10.2037
10.2794
10.2827
10.2455
10.1595
10.2537
10.2881
10.2336
10.2012
10.1801
10.1841
10.2327
10.2155
10.1788
10.1646
10.2755
10.2164
10.1936
10.2429
10.1955
10.1954
10.3109
10.3026
10.2277
10.1947
10.2547
10.2967
10.2012
10.2413
10.2235
10.2069
10.2534
10.2194
10.2584
10.3105
10.262
10.2588
10.2391
10.2689
10.2106
10.2451
10.2254
10.2946
10.2133
10.192
10.2648
10.2649
10.2875
10.2107
10.2012
10.3083
10.1863
10.2008
10.1559
10.2758
10.1815
10.2333
10.2761
10.3416
10.2251
10.192
10.2029
10.2013
10.1751
10.2436
10.2383
10.2301
10.3202
10.1891
10.1735
10.2375
10.153
10.26
10.2485
10.3046
10.2925
10.2778
10.1957
10.242
10.2298
10.2307
10.2088
10.3032
10.1832
10.2557
10.2765
10.1631
10.2365
10.2361
10.3039
10.1777
10.2182
10.2768
10.2728
10.2319
10.2332
10.2421
10.2266
10.244
10.26
10.2927
10.2683
10.2585
10.2157
10.3386
10.2126
10.2006
10.1972
10.2063
10.2551
10.2986
10.2098
10.1441
10.2281
10.244
10.307
10.2362
10.2008
10.2496
10.254
10.1555
10.2777
10.2862
10.2429
10.2202
10.2854
10.2133
10.2139
10.309
10.2347
10.3144
10.2951
10.2705
10.2391
10.2464
10.2423
10.2269
10.201
10.3067
10.2184
10.2641
10.2889
10.1903
10.2513
10.1982
10.1892
10.3089
10.2532
10.2435
10.2878
10.2602
10.1957
10.2341
10.1353
10.2654
10.224
10.2285
10.2602
10.2759
10.2278
10.2325
10.2391
10.2881
10.3197
10.2099
10.2337
10.2727
10.2448
10.2499
10.2452
10.2762
10.2265
10.2524
10.2692
10.2395
10.2141
10.1924
10.2988
10.2954
10.3241
10.3367
10.2231
10.3588
10.2807
10.2808
10.1822
10.1839
10.3088
10.1552
10.1736
10.2443
10.2559
10.26
10.1964
10.2259
10.2188
10.2904
10.2999
10.2025
10.3125
10.2109
10.2603
10.3195
10.1901
10.2289
10.3113
10.1489
10.2306
10.2059
10.2752
10.2189
10.2813
10.188
10.2255
10.1693
10.3125
10.3016
10.327
10.1851
10.2717
10.2352
10.2759
10.2299
10.276
10.2719
10.2149
10.1481
10.2836
10.248
10.2595
10.2905
10.2925
10.2135
10.2904
10.2552
10.2156
10.2211
10.1751
10.261
10.2607
10.1999
10.1508
10.274
10.2346
10.2449
10.2047
10.2181
10.2295
10.2309
10.1952
10.322
10.318
10.264
10.2282
10.1669
10.2168
10.2644
10.2084
10.2686
10.2198
10.2001
10.3273
10.272
10.2038
10.2316
10.229
10.1623
10.2325
10.2004
10.2114
10.0595
10.2568
10.1914
10.224
10.2497
10.1977
10.2538
10.2888
10.2038
10.2432
10.3014
10.2828
10.2051
10.2972
10.2154
10.267
10.2385
10.2271
10.2715
10.2627
10.2672
10.2415
10.1688
10.287
10.2553
10.2323
10.1519
10.236
10.1926
10.2131
10.2253
10.2383
10.2459
10.3128
10.2907
10.2241
10.1742
10.2572
10.25
10.2569
10.2365
10.2881
10.2372
10.2519
10.2044
10.1566
10.1733
10.2745
10.1314
10.2023
10.2689
10.2434
10.2618
10.2886
10.2381
10.2151
10.2296
10.333
10.2437
10.2344
10.2845
10.2152
10.2325
10.1379
10.1897
10.1402
10.1874
10.2322
10.1698
10.139
10.2598
10.1897
10.2337
10.1755
10.1717
10.2841
10.216
10.2188
10.2464
10.2653
10.182
10.2772
10.213
10.3479
10.2581
10.2339
10.1958
10.2302
10.2669
10.1843
10.2934
10.2662
10.2861
10.1923
10.2466
10.2531
10.3555
10.2687
10.2401
10.2511
10.1988
10.2518
10.2065
10.2356
10.2159
10.2707
10.2651
10.2545
10.2369
10.2485
10.1627
10.2815
10.2229
10.2657
10.2662
10.2965
10.0649
10.2697
10.1678
10.2099
10.2005
10.31
10.3022
10.3125
10.2152
10.2129
10.2661
10.171
10.2348
10.2492
10.2524
10.2129
10.2306
10.2794
10.2327
10.2672
10.257
10.2596
10.2231
10.2359
10.2309
10.3061
10.2141
10.2865
10.2462
10.1898
10.232
10.2991
10.2064
10.185
10.2776
10.2482
10.2261
10.2103
10.1973
10.2207
10.2446
10.1636
10.2454
10.1747
10.1838
10.2442
10.2889
10.2014
10.2408
10.2391
10.278
10.188
10.283
10.2225
10.2695
10.2574
10.2253
10.1845
10.2903
10.1956
10.2933
10.2443
10.252
10.2862
10.2453
10.2363
10.2063
10.2407
10.2412
10.256
10.3314
10.2351
10.2458
10.2686
10.3455
10.2415
10.2562
10.2474
10.2594
10.198
10.3488
10.1964
10.2692
10.2362
10.1961
10.1859
10.1808
10.2533
10.2094
10.1884
10.2767
10.2871
10.2183
10.2484
10.322
10.2271
10.1549
10.267
10.2321
10.2464
10.2304
10.3242
10.2372
10.1812
10.239
10.1495
10.2737
10.2325
10.2708
10.3009
10.2706
10.2265
10.3331
10.2636
10.2161
10.3076
10.1514
10.2513
10.2426
10.2184
10.2494
10.2249
10.2367
10.2626
10.2296
10.1613
10.1976
10.2126
10.1762
10.2892
10.3496
10.2706
10.2401
10.1795
10.2088
10.2847
10.2628
10.2259
10.2449
10.1996
10.2005
10.2056
10.2715
10.3114
10.2599
10.263
10.1748
10.2468
10.2267
10.3298
10.2609
10.234
10.2439
10.2059
10.2682
10.2697
10.24
10.2451
10.3328
10.3126
10.2426
10.2385
10.2857
10.2393
10.2705
10.2397
10.1962
10.3021
10.2688
10.2557
10.269
10.2217
10.2319
10.2604
10.2117
10.281
10.2545
10.1937
10.173
10.2263
10.2401
10.2901
10.2544
10.2218
10.1901
10.248
10.2592
10.3071
10.2538
10.3274
10.2469
10.2809
10.236
10.2432
10.2248
10.2669
10.2745
10.2313
10.1976
10.1519
10.2632
10.3137
10.2622
10.1491
10.2566
10.2161
10.2082
10.2853
10.2073
10.1905
10.2857
10.2921
10.1937
10.203
10.2943
10.243
10.2544
10.1888
10.2653
10.2021
10.2305
10.2599
10.2618
10.1733
10.2619
10.1527
10.2877
10.2794
10.1764
10.2741
10.3821
10.2152
10.2189
10.2791
10.2422
10.2209
10.2206
10.2427
10.2486
10.2105
10.2078
10.2786
10.2359
10.1653
10.2719
10.2362
10.2021
10.2287
10.278
10.247
10.2518
10.2284
10.2316
10.246
10.2186
10.226
10.2586
10.2188
10.2624
10.2386
10.2546
10.2287
10.2405
10.1319
10.1914
10.2353
10.3587
10.248
10.2075
10.2043
10.2411
10.2857
10.2459
10.216
10.2612
10.3225
10.277
10.2189
10.2758
10.1951
10.2081
10.2166
10.215
10.1685
10.3096
10.3444
10.2296
10.1987
10.2169
10.2642
10.3123
10.2245
10.2582
10.2428
10.2464
10.1472
10.2888
10.2418
10.2373
10.3491
10.2425
10.2341
10.3113
10.3277
10.2281
10.2477
10.2104
10.2513
10.2947
10.1842
10.2523
10.2606
10.169
10.2644
10.2344
10.2628
10.2549
10.243
10.2374
10.1859
10.3047
10.2485
10.2459
10.226
10.1973
10.2054
10.196
10.3476
10.2396
10.3058
10.2452
10.2194
10.2131
10.1555
10.2477
10.2731
10.2559
10.2711
10.2906
10.2263
10.2577
10.2357
10.2369
10.2581
10.2532
10.2318
10.2237
10.2186
10.1977
10.1945
10.1801
10.2408
10.2432
10.266
10.3188
10.2545
10.3143
10.2278
10.2913
10.2656
10.3012
10.2748
10.2633
10.2462
10.2802
10.2154
10.2653
10.2477
10.2332
10.2249
10.2144
10.2536
10.199
10.2438
10.222
10.1927
10.1822
10.1798
10.2508
10.2502
10.2569
10.2119
10.2499
10.2697
10.2287
10.27
10.2915
10.2103
10.2508
10.2758
10.2318
10.1767
10.227
10.2346
10.1875
10.2558
10.1693
10.1909
10.2399
10.2595
10.2087
10.192
10.1915
10.2343
10.17
10.2515
10.3386
10.277
10.2136
10.3009
10.2957
10.2647
10.289
10.3073
10.1898
10.2451
10.2408
10.2486
10.221
10.1713
10.2256
10.2685
10.204
10.2584
10.2443
10.2471
10.2111
10.274
10.1904
10.2248
10.1826
10.2007
10.2579
10.1779
10.2192
10.2792
10.2478
10.2556
10.1894
10.2511
10.2417
10.2396
10.2364
10.2012
10.2388
10.2692
10.2381
10.3064
10.2489
10.2253
10.3196
10.2357
10.2196
10.2555
10.2716
10.2433
10.3368
10.3118
10.2002
10.2391
10.2665
10.275
10.2305
10.1979
10.1729
10.2252
10.2533
10.2505
10.2703
10.2377
10.2182
10.2186
10.2609
10.1963
10.2777
10.2447
10.2292
10.1994
10.1541
10.252
10.2983
10.2582
10.2476
10.1912
10.2628
10.2983
10.2282
10.2493
10.1996
10.2287
10.3612
10.2507
10.2041
10.2679
10.2374
10.1921
10.2751
10.2796
10.2307
10.213
10.2898
10.1817
10.2382
10.1779
10.2446
10.2885
10.2944
10.2462
10.2263
10.1894
10.2568
10.2811
10.318
10.2457
10.2123
10.2766
10.3372
10.2737
10.2361
10.2639
10.3171
10.2149
10.2488
10.2262
10.2724
10.2655
10.2466
10.2081
10.2626
10.1811
10.2129
10.2584
10.267
10.2673
10.2705
10.2999
10.2586
10.2269
10.251
10.3032
10.1818
10.2361
10.3363
10.2111
10.2218
10.2248
10.2519
10.2062
10.2547
10.1541
10.2903
10.3054
10.2876
10.3957
10.2734
10.2598
10.2118
10.2379
10.27
10.262
10.2793
10.2199
10.2418
10.1998
10.2752
10.3241
10.1794
10.2391
10.2032
10.3065
10.2996
10.2504
10.2233
10.238
10.3599
10.2606
10.2755
10.2183
10.2559
10.2034
10.2855
10.255
10.2715
10.2422
10.3113
10.3688
10.2145
10.2109
10.3062
10.2684
10.248
10.2054
10.221
10.2551
10.2797
10.189
10.2406
10.2661
10.2545
10.254
10.2187
10.2821
10.269
10.2843
10.2591
10.2123
10.2624
10.2412
10.2822
10.1884
10.2396
10.2371
10.2211
10.2009
10.1812
10.2352
10.2488
10.2081
10.2698
10.2839
10.2824
10.2485
10.2558
10.2747
10.204
10.2356
10.2258
10.2055
10.1815
10.2609
10.3121
10.1844
10.2213
10.2088
10.3131
10.168
10.2016
10.2558
10.2621
10.257
10.1882
10.2261
10.2461
10.2503
10.2001
10.2962
10.2794
10.2093
10.1683
10.2628
10.2151
10.1494
10.2386
10.2341
10.1842
10.2557
10.1906
10.3146
10.1855
10.2875
10.2397
10.3073
10.2713
10.1985
10.2569
10.1697
10.257
10.2084
10.1786
10.2459
10.2019
10.2048
10.2743
10.2496
10.2044
10.2884
10.3116
10.2153
10.2931
10.1866
10.2098
10.3598
10.2273
10.3042
10.2612
10.2397
10.2171
10.3023
10.2697
10.2687
10.2208
10.2333
10.2813
10.197
10.2277
10.2313
10.2991
10.2736
10.2171
10.2608
10.2688
10.1949
10.209
10.218
10.2746
10.2603
10.2471
10.2827
10.2577
10.2356
10.2038
10.2767
10.2675
10.2661
10.2053
10.2074
10.2375
10.232
10.2553
10.2465
10.2311
10.2526
10.2332
10.1733
10.1745
10.2419
10.1648
10.2681
10.2492
10.2634
10.3156
10.2698
10.2094
10.1944
10.2228
10.2392
10.1906
10.2119
10.2789
10.243
10.2354
10.3352
10.2523
10.2338
10.185
10.2426
10.2376
10.3048
10.1905
10.2239
10.2587
10.3421
10.2951
10.2763
10.3021
10.176
10.2182
10.2642
10.2459
10.2596
10.2531
10.2272
10.1881
10.2305
10.2253
10.2619
10.1904
10.3382
10.2746
10.2696
10.3136
10.2098
10.2728
10.1776
10.2378
10.2755
10.2123
10.2964
10.2374
10.2671
10.2206
10.3022
10.1846
10.2967
10.2373
10.163
10.2093
10.1759
10.2202
10.2628
10.3118
10.1948
10.2157
10.2049
10.2117
10.2573
10.223
10.1976
10.2515
10.2413
10.2469
10.2673
10.243
10.3485
10.2719
10.2574
10.2225
10.2506
10.1944
10.2108
10.2285
10.2705
10.3256
10.2622
10.3212
10.3019
10.2782
10.2487
10.2805
10.2718
10.2884
10.3299
10.2667
10.2522
10.2871
10.1937
10.2495
10.2048
10.2067
10.2302
10.2332
10.2245
10.2827
10.2895
10.2627
10.2296
10.1937
10.2199
10.1848
10.2161
10.2299
10.2088
10.2128
10.2926
10.1627
10.2862
10.2236
10.2892
10.2409
10.3008
10.2696
10.2441
10.1983
10.1895
10.1466
10.2557
10.2445
10.1749
10.152
10.2723
10.2871
10.218
10.2529
10.2012
10.2879
10.2071
10.257
10.2316
10.3281
10.2404
10.3072
10.1814
10.2905
10.2704
10.2172
10.2664
10.23
10.289
10.2579
10.264
10.2295
10.1957
10.2392
10.257
10.3084
10.3033
10.2902
10.2792
10.2428
10.2296
10.2105
10.2403
10.1658
10.1745
10.2532
10.1504
10.2846
10.2866
10.2202
10.277
10.2314
10.2196
10.2581
10.1963
10.2119
10.1458
10.2023
10.3005
10.227
10.2542
10.1922
10.2815
10.2717
10.2063
10.2935
10.1813
10.2189
10.2234
10.2914
10.2313
10.2905
10.2521
10.2482
10.1674
10.2419
10.2836
10.1882
10.258
10.2712
10.2448
10.2466
10.3213
10.2219
10.2019
10.1802
10.2607
10.2123
10.2616
10.2103
10.2257
10.2666
10.2701
10.2198
10.1933
10.1845
10.2432
10.2687
10.2524
10.2815
10.2151
10.2557
10.309
10.2235
10.2058
10.2107
10.2015
10.2933
10.1817
10.2165
10.2066
10.1873
10.2822
10.3771
10.2459
10.2432
10.2616
10.1259
10.2092
10.3
10.1674
10.2361
10.2741
10.2077
10.1986
10.3055
10.3332
10.2714
10.1759
10.1853
10.1829
10.2825
10.2269
10.265
10.2185
10.2758
10.2433
10.2229
10.2156
10.2576
10.2319
10.2252
10.2272
10.3152
10.2526
10.2489
10.2085
10.2045
10.2512
10.3477
10.1967
10.1778
10.2552
10.2713
10.2541
10.2955
10.2349
10.2613
10.2381
10.1701
10.2947
10.3186
10.2304
10.2273
10.2572
10.2625
10.2143
10.2041
10.2179
10.3125
10.2554
10.2369
10.1469
10.2929
10.2937
10.2533
10.2883
10.2453
10.1866
10.2001
10.2317
10.2658
10.1951
10.1993
10.2582
10.2125
10.2164
10.1935
10.1787
10.2906
10.2882
10.18
10.2575
10.274
10.2049
10.3113
10.2645
10.2738
10.2508
10.3081
10.2465
10.3067
10.2704
10.2427
10.2266
10.2382
10.1969
10.2853
10.2275
10.2196
10.2091
10.2087
10.2832
10.2448
10.2318
10.1754
10.2854
10.2855
10.2086
10.2568
10.2393
10.2476
10.2481
10.2185
10.2509
10.3306
10.2298
10.18
10.1407
10.2673
10.1752
10.2846
10.2689
10.2227
10.1897
10.2895
10.3312
10.1486
10.2236
10.2868
10.157
10.1103
10.2238
10.2434
10.2909
10.1835
10.2205
10.2384
10.265
10.3001
10.241
10.2418
10.2148
10.2198
10.2097
10.1951
10.224
10.2701
10.2136
10.2239
10.2934
10.2088
10.2529
10.2516
10.2683
10.2394
10.285
10.2285
10.2495
10.2111
10.2142
10.2275
10.1866
10.2404
10.2257
10.1839
10.3434
10.2013
10.3187
10.2504
10.3091
10.1948
10.2121
10.2822
10.2808
10.2299
10.2551
10.2399
10.1928
10.2605
10.2401
10.2344
10.2189
10.2604
10.1992
10.3319
10.2223
10.2729
10.1689
10.2385
10.3097
10.1993
10.2299
10.2274
10.2907
10.2474
10.31
10.267
10.228
10.1888
10.1916
10.2294
10.2878
10.1944
10.2812
10.2228
10.2232
10.2554
10.2555
10.3177
10.2651
10.2414
10.2443
10.3073
10.2841
10.2429
10.2273
10.331
10.2144
10.2051
10.2096
10.1573
10.2088
10.1846
10.1874
10.275
10.2457
10.2903
10.2193
10.1969
10.2332
10.1752
10.1972
10.1658
10.2006
10.2332
10.1608
10.3057
10.1886
10.2715
10.2399
10.2147
10.2425
10.2832
10.3024
10.2041
10.2254
10.218
10.2995
10.2143
10.2524
10.2272
10.1968
10.3083
10.2011
10.2072
10.2672
10.2364
10.3503
10.1966
10.2003
10.1717
10.2106
10.2666
10.1927
10.2923
10.2587
10.3423
10.2061
10.2607
10.2501
10.2065
10.2053
10.2988
10.2113
10.1955
10.2925
10.2552
10.338
10.2624
10.342
10.2064
10.1925
10.2459
10.1877
10.1942
10.2985
10.3173
10.2934
10.1981
10.2447
10.2426
10.267
10.2445
10.3032
10.2685
10.2728
10.2822
10.2837
10.1902
10.2295
10.1711
10.2025
10.1672
10.2918
10.2156
10.2279
10.2227
10.2854
10.2817
10.1307
10.2737
10.2842
10.1486
10.1984
10.2386
10.2202
10.2473
10.2189
10.2091
10.2654
10.2691
10.2168
10.2406
10.2077
10.1843
10.2202
10.1977
10.238
10.2692
10.2164
10.2513
10.2362
10.2505
10.2534
10.2816
10.2833
10.2267
10.3454
10.2256
10.1963
10.2318
10.2467
10.1641
10.2045
10.2557
10.2538
10.4198
10.1949
10.2376
10.2136
10.2887
10.2084
10.2849
10.3203
10.2182
10.2099
10.1735
10.2424
10.2809
10.224
10.2813
10.2966
10.2243
10.3022
10.2643
10.2624
10.1987
10.2619
10.2741
10.2792
10.2507
10.1877
10.1749
10.2967
10.2174
10.2277
10.2398
10.2594
10.1749
10.2196
10.3055
10.2609
10.2267
10.2558
10.2221
10.286
10.1587
10.2297
10.2573
10.2956
10.1527
10.2687
10.2743
10.2914
10.2432
10.3305
10.3185
10.1942
10.1877
10.2737
10.1787
10.1917
10.2812
10.3164
10.2343
10.1464
10.2097
10.2308
10.1821
10.2608
10.2248
10.2658
10.277
10.1937
10.2926
10.2317
10.2723
10.1833
10.2027
10.2246
10.2732
10.2457
10.2828
10.171
10.1668
10.316
10.1937
10.2103
10.2369
10.2682
10.2565
10.2824
10.1951
10.1981
10.2871
10.2723
10.2534
10.2142
10.2224
10.1281
10.2696
10.2363
10.2299
10.172
10.1307
10.2976
10.2764
10.2291
10.2309
10.294
10.163
10.2919
10.1831
10.3058
10.228
10.2118
10.209
10.1742
10.2121
10.236
10.2244
10.2283
10.2881
10.2553
10.1877
10.2291
10.24
10.2696
10.2211
10.2505
10.3609
10.2849
10.2481
10.206
10.1515
10.2997
10.2266
10.1986
10.2676
10.2746
10.21
10.1883
10.2541
10.2712
10.2155
10.2305
10.3065
10.1855
10.2471
10.2829
10.296
10.1939
10.2101
10.2327
10.1955
10.2437
10.2791
10.2588
10.2018
10.2123
10.2987
10.2577
10.1663
10.1769
10.2822
10.2557
10.2359
10.2409
10.2152
10.2315
10.2852
10.2009
10.2431
10.279
10.2566
10.1885
10.1967
10.2455
10.224
10.1894
10.3021
10.2736
10.2331
10.2693
10.2334
10.2853
10.2155
10.2609
10.2896
10.251
10.2386
10.3473
10.2939
10.4095
10.2479
10.2783
10.2462
10.2575
10.2084
10.237
10.256
10.1467
10.2581
10.2591
10.2211
10.2332
10.2809
10.1851
10.2615
10.2697
10.2661
10.2199
10.2396
10.1406
10.2445
10.1622
10.2446
10.2436
10.1132
10.2158
10.2507
10.224
10.2547
10.2025
10.2209
10.2808
10.2459
10.2438
10.232
10.2328
10.2442
10.3465
10.2101
10.2402
10.2151
10.2903
10.2672
10.2335
10.2082
10.2813
10.178
10.2474
10.1975
10.2394
10.2176
10.2123
10.2448
10.1579
10.2569
10.2638
10.2902
10.2133
10.1378
10.2936
10.2121
10.2615
10.2107
10.225
10.2349
10.2337
10.1865
10.2784
10.217
10.2079
10.2078
10.2854
10.235
10.277
10.1748
10.2047
10.2027
10.1894
10.1531
10.187
10.1796
10.2969
10.2499
10.2514
10.2655
10.2442
10.2494
10.2269
10.2666
10.2756
10.2539
10.1621
10.233
10.1911
10.2103
10.2508
10.2232
10.2269
10.2317
10.2245
10.3454
10.2704
10.2433
10.1936
10.1866
10.2919
10.2203
10.2321
10.2724
10.1775
10.2758
10.2745
10.2363
10.2416
10.2593
10.3133
10.1863
10.2668
10.1716
10.2052
10.2694
10.2202
10.2223
10.2397
10.2542
10.256
10.3062
10.2734
10.1955
10.2917
10.2238
10.2464
10.3024
10.2892
10.2102
10.2717
10.2261
10.1768
10.2508
10.2932
10.2029
10.2017
10.2865
10.2836
10.2497
10.2586
10.2673
10.2565
10.259
10.2252
10.2016
10.2714
10.22
10.2434
10.2185
10.26
10.3211
10.1929
10.1619
10.2886
10.1597
10.2392
10.2527
10.1865
10.2451
10.2384
10.3179
10.2078
10.2522
10.2415
10.3278
10.2619
10.1923
10.2311
10.1925
10.164
10.263
10.2977
10.2475
10.2539
10.1911
10.1744
10.2716
10.2864
10.2249
10.1866
10.227
10.2603
10.2925
10.2391
10.2136
10.1946
10.2829
10.1757
10.2401
10.2667
10.2639
10.2844
10.2565
10.2743
10.224
10.2672
10.2793
10.2357
10.2418
10.2158
10.2563
10.2422
10.2775
10.2932
10.2331
10.2161
10.1286
10.2748
10.1946
10.244
10.3094
10.1801
10.2212
10.3114
10.2703
10.2216
10.3041
10.268
10.2844
10.2655
10.3085
10.2024
10.2513
10.2894
10.2819
10.2332
10.2295
10.2431
10.2394
10.2712
10.3861
10.1824
10.2371
10.2883
10.2832
10.129
10.2765
10.2975
10.2311
10.2898
10.2926
10.1999
10.1518
10.2002
10.2582
10.2184
10.2113
10.1621
10.2265
10.171
10.2342
10.2439
10.3443
10.2375
10.1955
10.2276
10.1876
10.1522
10.2628
10.2216
10.2239
10.178
10.2054
10.2274
10.2601
10.2309
10.2266
10.252
10.2523
10.2602
10.2435
10.2708
10.2649
10.225
10.2181
10.267
10.2836
10.2517
10.2343
10.2703
10.2408
10.3087
10.2787
10.2291
10.1824
10.2434
10.2725
10.255
10.286
10.2525
10.2026
10.2775
10.2359
10.2517
10.2849
10.2785
10.281
10.2528
10.2628
10.101
10.2717
10.2232
10.2129
10.2103
10.2671
10.2458
10.2683
10.2249
10.2748
10.2022
10.2049
10.2896
10.266
10.2559
10.2741
10.2979
10.2534
10.2534
10.2239
10.1942
10.302
10.2827
10.2695
10.2413
10.2091
10.1996
10.1991
10.1486
10.2266
10.2577
10.2896
10.2653
10.2211
10.2032
10.257
10.2981
10.2531
10.2761
10.222
10.2292
10.2504
10.2293
10.2498
10.3368
10.2137
10.2536
10.2337
10.2472
10.2325
10.2446
10.195
10.1837
10.2471
10.2176
10.2125
10.2816
10.244
10.2736
10.1615
10.2276
10.1804
10.2221
10.2201
10.1997
10.2267
10.2321
10.3002
10.2111
10.2612
10.3742
10.2175
10.2391
10.3082
10.1808
10.1673
10.2286
10.246
10.1955
10.19
10.2075
10.2777
10.2416
10.2171
10.2717
10.2517
10.2201
10.1922
10.1965
10.2231
10.3011
10.2061
10.2996
10.3351
10.255
10.1677
10.257
10.197
10.2256
10.2862
10.2482
10.1993
10.2479
10.1356
10.2411
10.2783
10.298
10.2632
10.2449
10.2186
10.2688
10.2149
10.2695
10.1786
10.2663
10.1875
10.2793
10.2254
10.1977
10.2066
10.2809
10.2668
10.1975
10.282
10.2626
10.2434
10.2439
10.28
10.2441
10.1603
10.2899
10.2412
10.263
10.3374
10.1889
10.2138
10.2536
10.2532
10.183
10.2766
10.2067
10.2465
10.3059
10.2768
10.2541
10.1981
10.2401
10.2058
10.2342
10.1772
10.1555
10.2118
10.2299
10.2535
10.213
10.2319
10.2487
10.3318
10.2131
10.2182
10.21
10.3082
10.2971
10.3042
10.1905
10.2378
10.2244
10.2121
10.2395
10.1845
10.2203
10.2561
10.2411
10.2877
10.3031
10.2396
10.2217
10.2152
10.2179
10.2366
10.2243
10.2433
10.2455
10.214
10.1909
10.2766
10.2872
10.29
10.255
10.2549
10.1726
10.2682
10.1831
10.2185
10.1983
10.2267
10.2319
10.1552
10.2764
10.2108
10.2701
10.2613
10.2193
10.2493
10.2517
10.2662
10.2879
10.2956
10.2161
10.2686
10.2213
10.2064
10.3011
10.2974
10.2559
10.3004
10.2918
10.18
10.2233
10.1976
10.1551
10.2847
10.2463
10.2119
10.1923
10.1478
10.1653
10.2632
10.2479
10.2396
10.1889
10.191
10.3074
10.2159
10.2571
10.2422
10.2345
10.3298
10.1748
10.1675
10.2237
10.2774
10.2244
10.264
10.329
10.2192
10.2054
10.276
10.2322
10.222
10.1892
10.2404
10.2521
10.203
10.2397
10.3308
10.1616
10.2341
10.2211
10.1932
10.2397
10.2364
10.305
10.2323
10.2976
10.1848
10.2339
10.2576
10.1723
10.2371
10.1766
10.3105
10.2625
10.2458
10.2748
10.2462
10.2627
10.2547
10.2231
10.2788
10.3116
10.3644
10.2254
10.2662
10.2631
10.2153
10.2286
10.3041
10.2757
10.2
10.1888
10.2186
10.2481
10.3083
10.208
10.2362
10.2118
10.1951
10.2763
10.2625
10.2478
10.189
10.263
10.2316
10.1944
10.2202
10.2209
10.1572
10.2855
10.2089
10.1813
10.2808
10.2919
10.1846
10.1767
10.191
10.2735
10.3185
10.1791
10.1975
10.2648
10.2179
10.1481
10.2662
10.2135
10.246
10.2695
10.1848
10.193
10.1794
10.2213
10.2204
10.2649
10.2159
10.2245
10.2893
10.2165
10.2809
10.2532
10.2133
10.2798
10.2734
10.1849
10.1787
10.2308
10.2486
10.2345
10.1905
10.2546
10.2286
10.3144
10.2272
10.2794
10.2288
10.3323
10.2206
10.1637
10.2163
10.248
10.1907
10.2166
10.1432
10.2532
10.2747
10.2977
10.2436
10.2167
10.2794
10.2459
10.2953
10.1569
10.3056
10.264
10.2041
10.2662
10.2789
10.271
10.2577
10.2804
10.2334
10.241
10.1986
10.164
10.2097
10.2789
10.2316
10.1165
10.2585
10.317
10.2284
10.2196
10.2794
10.2836
10.2259
10.2812
10.2667
10.2506
10.2146
10.2447
10.2275
10.2086
10.2723
10.208
10.2919
10.3071
10.2639
10.181
10.2051
10.1985
10.2242
10.1713
10.2399
10.2406
10.1899
10.2618
10.1844
10.2314
10.2561
10.3022
10.2601
10.2126
10.1879
10.2592
10.2813
10.2584
10.1937
10.2159
10.2489
10.3074
10.184
10.2243
10.2413
10.1804
10.2778
10.2457
10.2684
10.2081
10.2559
10.2456
10.2548
10.2994
10.2547
10.2129
10.2359
10.2566
10.266
10.3007
10.1757
10.2408
10.2293
10.2272
10.2993
10.2848
10.2241
10.2439
10.2631
10.26
10.1943
10.309
10.1929
10.1749
10.1965
10.2489
10.2964
10.1953
10.287
10.1786
10.2222
10.2437
10.3166
10.2896
10.2948
10.2756
10.2079
10.209
10.1637
10.2442
10.2143
10.2602
10.2131
10.2913
10.2529
10.1625
10.2539
10.2566
10.2376
10.1843
10.2382
10.2424
10.1905
10.238
10.2322
10.3099
10.1851
10.2014
10.1777
10.2212
10.2992
10.1962
10.251
10.1717
10.2488
10.2793
10.2361
10.1797
10.2292
10.1537
10.2515
10.2575
10.2013
10.2803
10.1627
10.2082
10.2312
10.267
10.1767
10.234
10.1794
10.1151
10.2519
10.2135
10.2169
10.2703
10.2601
10.2372
10.3311
10.3146
10.169
10.185
10.2375
10.2906
10.2333
10.2517
10.3053
10.2239
10.2093
10.2421
10.2472
10.2656
10.2311
10.2627
10.2883
10.1779
10.2532
10.3035
10.2547
10.2709
10.2972
10.1572
10.2015
10.2209
10.2649
10.2563
10.1938
10.3022
10.2105
10.2703
10.2572
10.2548
10.2388
10.266
10.1661
10.2666
10.268
10.2438
10.2325
10.2373
10.2876
10.2137
10.2816
10.2144
10.1633
10.1607
10.2334
10.2678
10.2099
10.224
10.2469
10.2315
10.2923
10.2905
10.2165
10.2635
10.1959
10.2931
10.3124
10.229
10.2272
10.2168
10.2317
10.2188
10.2948
10.3059
10.2888
10.2388
10.2137
10.1936
10.2437
10.2292
10.2863
10.3657
10.2216
10.3109
10.2595
10.1753
10.2175
10.2418
10.149
10.2518
10.3026
10.2636
10.2977
10.2407
10.2234
10.251
10.2348
10.2792
10.1918
10.2611
10.1853
10.2658
10.2497
10.2483
10.2986
10.297
10.2246
10.2737
10.2177
10.2787
10.1764
10.2269
10.2647
10.2225
10.2045
10.2345
10.2005
10.2634
10.2814
10.2413
10.1753
10.2419
10.1736
10.2406
10.2296
10.2425
10.2989
10.1792
10.2314
10.237
10.3269
10.1382
10.2914
10.2503
10.222
10.2591
10.2381
10.2375
10.2331
10.2808
10.224
10.278
10.1861
10.1998
10.2825
10.2554
10.2568
10.1941
10.2968
10.2596
10.1749
10.2474
10.1831
10.3139
10.2512
10.2025
10.2166
10.3329
10.1639
10.2685
10.2187
10.2065
10.2284
10.2929
10.2444
10.2401
10.2664
10.2126
10.2445
10.2391
10.2617
10.2251
10.2434
10.2238
10.1998
10.1571
10.1708
10.2762
10.2486
10.1733
10.174
10.1582
10.2199
10.2925
10.2569
10.1646
10.3285
10.2039
10.2535
10.246
10.2221
10.3872
10.2308
10.2086
10.1893
10.2671
10.2185
10.3144
10.2039
10.2533
10.1962
10.2635
10.2072
10.2447
10.2379
10.2533
10.2075
10.2991
10.2091
10.2443
10.3053
10.2301
10.3167
10.1877
10.2346
10.2337
10.1985
10.2551
10.1666
10.2223
10.1553
10.2127
10.2186
10.2221
10.3128
10.2044
10.248
10.208
10.1518
10.2558
10.2072
10.2093
10.2786
10.2045
10.2336
10.1891
10.2857
10.2711
10.1971
10.2568
10.2796
10.2525
10.1412
10.2612
10.198
10.2889
10.3029
10.2159
10.2043
10.249
10.2501
10.219
10.1344
10.1596
10.2465
10.2141
10.1998
10.224
10.2174
10.2142
10.2282
10.2339
10.1982
10.296
10.2181
10.2709
10.2006
10.2946
10.3231
10.255
10.2331
10.2242
10.2634
10.2583
10.1459
10.2348
10.3064
10.2303
10.1512
10.1756
10.2486
10.2374
10.227
10.2456
10.2116
10.25
10.2023
10.3014
10.1826
10.2462
10.2654
10.2433
10.3026
10.2731
10.1835
10.2583
10.2477
10.2562
10.2586
10.2301
10.2598
10.2384
10.1638
10.2532
10.2059
10.2593
10.2077
10.2665
10.2103
10.1462
10.2865
10.2152
10.2944
10.2459
10.1912
10.2974
10.2423
10.2686
10.1512
10.1964
10.2505
10.2638
10.199
10.2239
10.2299
10.2218
10.2285
10.2671
10.159
10.2471
10.2659
10.2612
10.1738
10.2905
10.1917
10.2909
10.2221
10.2845
10.1462
10.2428
10.2285
10.1453
10.2711
10.2354
10.2869
10.3077
10.2253
10.2019
10.3046
10.2483
10.2231
10.1772
10.221
10.2483
10.3168
10.2564
10.2558
10.2219
10.2536
10.2453
10.2028
10.2555
10.3119
10.2916
10.2689
10.252
10.2489
10.321
10.2688
10.1851
10.2192
10.2652
10.2973
10.2513
10.2119
10.2552
10.2586
10.248
10.2873
10.2816
10.1966
10.3086
10.2939
10.2132
10.2044
10.1824
10.2673
10.2219
10.1947
10.2878
10.2706
10.2654
10.2743
10.2562
10.268
10.2276
10.2635
10.2643
10.2285
10.1927
10.2386
10.2688
10.246
10.2566
10.2207
10.194
10.2618
10.2027
10.221
10.2951
10.2754
10.3351
10.246
10.2358
10.2351
10.2175
10.2369
10.2042
10.2715
10.2131
10.2621
10.2602
10.1695
10.194
10.2314
10.2938
10.2535
10.1956
10.2229
10.2134
10.2673
10.1707
10.2803
10.2203
10.2854
10.1638
10.2857
10.2171
10.3133
10.2445
10.3582
10.2103
10.2671
10.2678
10.3223
10.1803
10.2364
10.2731
10.3298
10.2598
10.2009
10.2381
10.2082
10.2743
10.2675
10.2853
10.3369
10.2113
10.2365
10.2574
10.2369
10.2605
10.2512
10.3154
10.2853
10.2746
10.3203
10.1901
10.1848
10.2452
10.3026
10.2308
10.2958
10.2425
10.2878
10.2142
10.1845
10.2314
10.2721
10.2594
10.2567
10.1888
10.2048
10.2056
10.2315
10.1942
10.243
10.2063
10.259
10.2637
10.2633
10.2425
10.2461
10.3119
10.2213
10.2309
10.2548
10.2861
10.2737
10.2208
10.24
10.2508
10.2702
10.2742
10.312
10.2294
10.2741
10.3014
10.2379
10.2365
10.1734
10.205
10.238
10.2978
10.2245
10.2897
10.2156
10.2392
10.1354
10.2939
10.2719
10.287
10.2692
10.2079
10.3008
10.3388
10.2466
10.2345
10.2696
10.1304
10.2005
10.2882
10.2365
10.2277
10.257
10.2864
10.1836
10.1581
10.2103
10.243
10.2332
10.2712
10.1809
10.2828
10.2231
10.2595
10.2403
10.2438
10.2451
10.2506
10.2403
10.2103
10.1944
10.2506
10.2949
10.2197
10.2295
10.1866
10.2274
10.2709
10.198
10.3021
10.2485
10.311
10.2342
10.2432
10.2775
10.2525
10.2044
10.2677
10.3106
10.207
10.266
10.3286
10.1756
10.2029
10.2069
10.1753
10.1886
10.3047
10.1821
10.2309
10.2234
10.2372
10.2655
10.2307
10.3123
10.2388
10.2494
10.2209
10.2667
10.2529
10.2053
10.2903
10.3073
10.2237
10.2507
10.2937
10.2573
10.2201
10.1884
10.2008
10.2716
10.3119
10.3002
10.2081
10.1586
10.2022
10.2688
10.2098
10.2623
10.2745
10.2427
10.248
10.2359
10.2616
10.2236
10.2176
10.2542
10.3154
10.2364
10.2326
10.2299
10.2949
10.189
10.2656
10.2944
10.1846
10.2231
10.213
10.2528
10.1444
10.281
10.3
10.2176
10.3284
10.225
10.1984
10.2507
10.2395
10.1998
10.2043
10.2672
10.2656
10.2353
10.253
10.2133
10.2458
10.2439
10.285
10.2664
10.2347
10.1999
10.2017
10.2911
10.1999
10.2338
10.2327
10.23
10.3843
10.208
10.1933
10.1614
10.2482
10.2111
10.214
10.3396
10.2551
10.2602
10.2406
10.2362
10.2825
10.1728
10.2127
10.2067
10.2338
10.3173
10.2028
10.2528
10.2179
10.237
10.1699
10.1688
10.2051
10.2853
10.2999
10.2105
10.2972
10.237
10.2544
10.2226
10.2335
10.2115
10.1708
10.2476
10.2628
10.2389
10.2785
10.3027
10.2358
10.2499
10.1983
10.2485
10.2438
10.2312
10.2466
10.2139
10.2456
10.343
10.2402
10.1634
10.2197
10.25
10.2154
10.2298
10.2255
10.2254
10.2084
10.3067
10.2661
10.1967
10.2854
10.265
10.2607
10.3173
10.2655
10.1785
10.2314
10.199
10.2414
10.2464
10.2613
10.2697
10.2988
10.1925
10.2893
10.2307
10.2498
10.2276
10.2607
10.1733
10.2214
10.2457
10.2911
10.1957
10.2903
10.2823
10.2621
10.2094
10.3393
10.24
10.1857
10.2005
10.2429
10.2993
10.2252
10.2616
10.2461
10.2975
10.2536
10.1829
10.205
10.2524
10.176
10.2073
10.1396
10.2783
10.2878
10.2524
10.3019
10.185
10.1825
10.2126
10.2962
10.2437
10.2461
10.3288
10.2354
10.2681
10.2597
10.1926
10.2104
10.2359
10.2773
10.1344
10.2267
10.2219
10.248
10.2013
10.2804
10.2242
10.2206
10.269
10.2116
10.2153
10.1633
10.2512
10.2754
10.2079
10.2479
10.1573
10.2403
10.2762
10.2815
10.246
10.2408
10.2651
10.2746
10.2603
10.2128
10.2608
10.2948
10.3048
10.1187
10.2384
10.2387
10.197
10.222
10.2359
10.3002
10.2154
10.2863
10.2515
10.1795
10.2332
10.2585
10.2529
10.1641
10.3319
10.239
10.1901
10.196
10.2217
10.2508
10.2541
10.232
10.2572
10.1831
10.1894
10.2715
10.2381
10.2841
10.2425
10.2426
10.1855
10.2509
10.2665
10.2427
10.1959
10.2129
10.2952
10.1915
10.1999
10.3405
10.2459
10.3045
10.2271
10.248
10.2558
10.2577
10.323
10.2593
10.328
10.2799
10.298
10.2463
10.2553
10.3256
10.2476
10.3051
10.2966
10.2214
10.3009
10.1699
10.3117
10.2359
10.2435
10.2137
10.2462
10.2669
10.2267
10.2547
10.2319
10.1877
10.2657
10.2352
10.2695
10.1409
10.2107
10.19
10.2078
10.2326
10.238
10.231
10.3034
10.1795
10.1906
10.2975
10.2636
10.2178
10.209
10.2106
10.2194
10.2057
10.2255
10.2132
10.2548
10.204
10.2007
10.1747
10.2589
10.268
10.2348
10.1823
10.1895
10.2435
10.3156
10.2808
10.3054
10.2361
10.2319
10.2362
10.2348
10.2769
10.2239
10.227
10.225
10.2382
10.2043
10.2344
10.2793
10.2699
10.2154
10.2424
10.2946
10.228
10.2189
10.3112
10.2127
10.3079
10.2742
10.1866
10.2735
10.221
10.2298
10.2656
10.2347
10.221
10.1956
10.1727
10.2275
10.2491
10.2247
10.26
10.28
10.1434
10.1693
10.1991
10.2398
10.2479
10.2232
10.2238
10.1834
10.2781
10.2569
10.2458
10.1996
10.1469
10.2296
10.2462
10.1935
10.2285
10.2548
10.2169
10.1771
10.321
10.2494
10.2003
10.216
10.2233
10.2573
10.2689
10.2894
10.3352
10.2024
10.2426
10.2087
10.2738
10.3211
10.189
10.2654
10.2087
10.2207
10.2431
10.2376
10.2297
10.1911
10.2178
10.1842
10.2174
10.1818
10.2146
10.2065
10.2997
10.3118
10.2124
10.2787
10.1799
10.2
10.3557
10.2625
10.2048
10.2562
10.2728
10.2076
10.3092
10.2292
10.247
10.2748
10.3272
10.2309
10.2783
10.2604
10.2159
10.3033
10.2187
10.2318
10.2256
10.2329
10.2414
10.2922
10.2924
10.2658
10.2249
10.1963
10.2593
10.2288
10.2351
10.2504
10.2881
10.2404
10.214
10.1988
10.2515
10.1864
10.235
10.2079
10.162
10.2997
10.2264
10.2163
10.3367
10.197
10.2183
10.2449
10.2389
10.267
10.2624
10.2139
10.2141
10.1911
10.2702
10.2119
10.2189
10.1824
10.2135
10.2418
10.2115
10.2822
10.185
10.2026
10.2394
10.2381
10.2157
10.2584
10.2433
10.2448
10.2676
10.223
10.2253
10.2285
10.2404
10.223
10.2879
10.1841
10.2144
10.2117
10.2243
10.148
10.2552
10.2499
10.241
10.1885
10.2469
10.2723
10.2775
10.2131
10.1914
10.2672
10.1721
10.2959
10.2604
10.2876
10.2423
10.2896
10.2973
10.2867
10.235
10.2691
10.2635
10.3255
10.3168
10.2123
10.2647
10.2955
10.2993
10.2182
10.2765
10.2227
10.2549
10.2869
10.2012
10.2966
10.284
10.2046
10.2785
10.3151
10.2443
10.212
10.2467
10.2554
10.293
10.2134
10.2041
10.2073
10.3184
10.2246
10.2354
10.2988
10.3071
10.265
10.2372
10.2337
10.2896
10.2944
10.1857
10.2829
10.2413
10.204
10.1995
10.1793
10.2268
10.2448
10.1999
10.2382
10.1905
10.2956
10.2346
10.1695
10.245
10.2203
10.2708
10.1901
10.2102
10.2369
10.229
10.2403
10.3018
10.1802
10.2181
10.2446
10.2419
10.3491
10.2375
10.2896
10.2266
10.2638
10.2798
10.2448
10.2233
10.2615
10.3674
10.2532
10.2671
10.2546
10.2293
10.3263
10.2102
10.2148
10.2043
10.2928
10.2835
10.1675
10.3025
10.2674
10.1882
10.1716
10.2045
10.2515
10.2725
10.2812
10.1749
10.2543
10.2149
10.1554
10.26
10.2545
10.2498
10.2633
10.251
10.3454
10.2465
10.2646
10.2617
10.2596
10.2667
10.3351
10.194
10.2309
10.2674
10.2621
10.2885
10.2662
10.2766
10.2638
10.2215
10.2119
10.2909
10.2208
10.2124
10.2799
10.2385
10.3041
10.2359
10.2329
10.2476
10.2356
10.2545
10.2598
10.1925
10.1673
10.2147
10.2172
10.2761
10.2571
10.25
10.2108
10.2642
10.2264
10.1557
10.2053
10.2092
10.2794
10.2597
10.149
10.1821
10.2669
10.1966
10.2522
10.1781
10.2969
10.2453
10.2185
10.2365
10.2901
10.2943
10.2042
10.2983
10.223
10.2143
10.2282
10.2511
10.2879
10.2014
10.1629
10.2641
10.2827
10.2378
10.2097
10.2857
10.1882
10.1646
10.2473
10.2689
10.2504
10.2949
10.2106
10.2265
10.1789
10.2366
10.2753
10.2462
10.2718
10.3174
10.2777
10.2681
10.2349
10.2566
10.1994
10.2137
10.3282
10.2614
10.2957
10.2135
10.2334
10.3328
10.2592
10.1577
10.1743
10.2692
10.2815
10.2247
10.2831
10.2852
10.2736
10.2444
10.2435
10.2706
10.2633
10.1931
10.2479
10.2211
10.1606
10.3158
10.263
10.2694
10.2743
10.2312
10.2349
10.291
10.3328
10.2674
10.2389
10.2361
10.2887
10.2659
10.2264
10.2271
10.2498
10.2443
10.2023
10.2929
10.1967
10.2176
10.2903
10.2225
10.1996
10.2609
10.1487
10.2389
10.2529
10.2731
10.2691
10.2556
10.2722
10.2668
10.2056
10.1432
10.1702
10.2037
10.1828
10.1778
10.2764
10.2196
10.1926
10.3115
10.1989
10.2706
10.2887
10.1703
10.2492
10.2022
10.2654
10.2498
10.2381
10.1579
10.2561
10.195
10.345
10.1789
10.249
10.2191
10.2271
10.1902
10.2327
10.2088
10.2526
10.2141
10.1737
10.2154
10.2528
10.2661
10.158
10.2341
10.2505
10.2598
10.2241
10.2335
10.2182
10.1333
10.23
10.3211
10.2318
10.2092
10.3002
10.2264
10.2687
10.2388
10.2489
10.3316
10.2779
10.2335
10.2652
10.2389
10.2953
10.2388
10.2181
10.2711
10.2457
10.2823
10.2845
10.3114
10.1985
10.2307
10.2666
10.2515
10.2609
10.1905
10.2232
10.153
10.1959
10.3127
10.2568
10.3248
10.2398
10.2479
10.2124
10.252
10.2122
10.2316
10.2116
10.361
10.2436
10.2167
10.2402
10.2351
10.2817
10.2775
10.2291
10.1896
10.2872
10.2126
10.2542
10.2535
10.3158
10.2476
10.2414
10.2853
10.2592
10.2257
10.2834
10.2617
10.313
10.273
10.3104
10.2394
10.2366
10.2988
10.2025
10.1726
10.3046
10.2238
10.2712
10.189
10.2313
10.2596
10.1651
10.2131
10.3436
10.2767
10.2864
10.2474
10.2329
10.2612
10.2398
10.2474
10.2815
10.3349
10.3427
10.2164
10.1516
10.223
10.254
10.2999
10.1719
10.1427
10.2572
10.2706
10.233
10.3303
10.2981
10.3059
10.195
10.1941
10.2367
10.1988
10.2396
10.2242
10.2757
10.2334
10.2813
10.2288
10.2328
10.3041
10.2365
10.2025
10.1795
10.1574
10.3375
10.2744
10.2082
10.2656
10.2326
10.2947
10.2102
10.2661
10.2814
10.2377
10.2018
10.2011
10.2432
10.2865
10.3065
10.2629
10.2622
10.2634
10.2214
10.2004
10.2319
10.2392
10.164
10.2996
10.2964
10.2083
10.2917
10.2889
10.3113
10.3449
10.2133
10.2227
10.2586
10.3151
10.3048
10.2242
10.2659
10.2641
10.2259
10.1912
10.2438
10.2486
10.2646
10.3151
10.2459
10.2304
10.2938
10.2531
10.1987
10.3208
10.2572
10.1787
10.2665
10.2389
10.2344
10.3247
10.2378
10.2437
10.2829
10.2807
10.2739
10.3079
10.1976
10.1829
10.2659
10.2891
10.1628
10.249
10.2731
10.2899
10.2719
10.3163
10.1783
10.1989
10.3084
10.2678
10.1876
10.2245
10.2229
10.2162
10.182
10.2162
10.2193
10.2574
10.2096
10.2473
10.2621
10.2914
10.181
10.1972
10.1715
10.2825
10.2413
10.2655
10.2846
10.2883
10.2793
10.3011
10.2515
10.164
10.214
10.2221
10.2591
10.2384
10.2478
10.1886
10.2203
10.2469
10.1716
10.3165
10.2299
10.242
10.2563
10.3158
10.1179
10.2703
10.2251
10.2425
10.2278
10.1954
10.2258
10.2137
10.1806
10.1985
10.1928
10.1818
10.2354
10.2546
10.2519
10.2509
10.2339
10.1886
10.1939
10.175
10.2251
10.2675
10.29
10.3188
10.2476
10.2588
10.3045
10.1812
10.3037
10.3055
10.2695
10.2249
10.2088
10.2832
10.1464
10.2807
10.2564
10.2731
10.2865
10.1886
10.1635
10.1881
10.2643
10.1906
10.2251
10.233
10.2103
10.2887
10.1954
10.2235
10.2486
10.177
10.2302
10.2972
10.2221
10.2859
10.2191
10.1634
10.2713
10.2072
10.2479
10.2208
10.1774
10.2493
10.2235
10.2287
10.2253
10.2494
10.229
10.2143
10.2403
10.2043
10.2185
10.229
10.2696
10.2422
10.3126
10.2287
10.2218
10.2273
10.2517
10.3472
10.2541
10.2193
10.3088
10.1966
10.1649
10.2552
10.2357
10.2506
10.3295
10.2156
10.2351
10.2298
10.1982
10.2598
10.2624
10.2267
10.241
10.2251
10.3376
10.2188
10.2169
10.2291
10.2498
10.2125
10.231
10.2576
10.2487
10.2052
10.2381
10.2698
10.2254
10.17
10.1923
10.2834
10.2103
10.1875
10.2696
10.2736
10.2651
10.2206
10.2846
10.2882
10.2232
10.1697
10.2344
10.2899
10.2956
10.2284
10.2831
10.191
10.2122
10.2579
10.298
10.2606
10.2618
10.242
10.2508
10.2287
10.2563
10.2297
10.211
10.3119
10.2015
10.3533
10.2649
10.2574
10.2215
10.2024
10.1952
10.2596
10.2286
10.1855
10.1898
10.2309
10.24
10.2147
10.239
10.232
10.2395
10.1648
10.2367
10.2623
10.2847
10.2426
10.269
10.3166
10.2413
10.2603
10.2736
10.2496
10.1977
10.1905
10.3036
10.2005
10.1291
10.1885
10.2154
10.2623
10.2126
10.2093
10.251
10.2823
10.1437
10.1945
10.3043
10.2966
10.2469
10.2636
10.2773
10.2296
10.2725
10.2886
10.2367
10.2617
10.2189
10.2542
10.2073
10.1773
10.2648
10.2847
10.2771
10.2723
10.2087
10.2921
10.2752
10.1958
10.1986
10.156
10.2187
10.1654
10.3085
10.3018
10.1911
10.2153
10.1838
10.2266
10.2539
10.1965
10.266
10.3255
10.246
10.2491
10.2281
10.2168
10.2306
10.2122
10.205
10.2857
10.2862
10.2422
10.2139
10.2355
10.2654
10.22
10.2333
10.1666
10.2543
10.2601
10.2466
10.2772
10.2074
10.2586
10.169
10.3041
10.298
10.2437
10.2005
10.2089
10.2589
10.1881
10.2257
10.2392
10.2121
10.2164
10.2141
10.2348
10.2858
10.1505
10.2858
10.2388
10.2779
10.2198
10.301
10.2719
10.1912
10.2951
10.2647
10.1422
10.1914
10.2406
10.2964
10.2498
10.244
10.2856
10.2475
10.2073
10.1967
10.3192
10.2456
10.2602
10.2269
10.2818
10.2159
10.2293
10.2235
10.2164
10.2743
10.2076
10.243
10.2442
10.2972
10.258
10.2857
10.131
10.2831
10.2525
10.207
10.257
10.2436
10.2369
10.2715
10.2257
10.2651
10.291
10.276
10.2733
10.1601
10.2527
10.1991
10.2161
10.1975
10.2514
10.2891
10.2621
10.3056
10.2432
10.2976
10.2589
10.2624
10.2127
10.2956
10.2645
10.1575
10.196
10.2524
10.2967
10.2524
10.2318
10.2484
10.2186
10.2903
10.3103
10.2148
10.2144
10.2508
10.3172
10.2962
10.2654
10.1907
10.2469
10.2454
10.3347
10.2105
10.1871
10.2674
10.349
10.2286
10.2935
10.1797
10.2552
10.2446
10.2949
10.2759
10.3013
10.1733
10.2744
10.1681
10.2303
10.1532
10.2403
10.2226
10.2102
10.1111
10.2144
10.2753
10.3028
10.2974
10.2136
10.2708
10.2348
10.29
10.1782
10.1923
10.1807
10.2272
10.2858
10.2817
10.2439
10.1948
10.2561
10.2128
10.1798
10.1342
10.3029
10.1779
10.2051
10.233
10.2934
10.2394
10.3358
10.2014
10.2361
10.2387
10.2503
10.2074
10.2944
10.3025
10.3013
10.1762
10.1875
10.2858
10.2174
10.1671
10.2403
10.2643
10.2714
10.1476
10.2591
10.2062
10.2398
10.2606
10.2265
10.2923
10.1105
10.2162
10.1993
10.1963
10.1936
10.2472
10.2614
10.196
10.1688
10.2212
10.3452
10.2037
10.2564
10.2169
10.2462
10.2246
10.2746
10.299
10.1535
10.2295
10.2688
10.2227
10.2568
10.1982
10.1958
10.1761
10.2542
10.3191
10.2955
10.232
10.2788
10.2739
10.268
10.169
10.267
10.277
10.2056
10.2318
10.2015
10.2774
10.2768
10.2294
10.2985
10.2546
10.3068
10.2821
10.1874
10.2503
10.2352
10.2742
10.3172
10.2781
10.2084
10.2538
10.2266
10.2417
10.2486
10.2607
10.2232
10.2675
10.2582
10.3035
10.2029
10.2298
10.3114
10.1136
10.1644
10.1762
10.2433
10.199
10.2488
10.1776
10.2168
10.2318
10.3037
10.3065
10.2498
10.1666
10.2061
10.1642
10.1969
10.2489
10.3083
10.2107
10.2352
10.3621
10.22
10.2782
10.1865
10.3298
10.2345
10.2262
10.2183
10.1654
10.2706
10.2719
10.2672
10.2143
10.2356
10.1912
10.2552
10.3088
10.2369
10.2617
10.2743
10.2176
10.3013
10.2719
10.2677
10.2767
10.2691
10.2214
10.2338
10.162
10.2336
10.1846
10.2479
10.3584
10.2983
10.2092
10.2431
10.1964
10.251
10.2814
10.2247
10.2618
10.2204
10.2625
10.3051
10.2224
10.214
10.2993
10.1873
10.2223
10.2502
10.2746
10.2325
10.1726
10.2396
10.2671
10.2899
10.2613
10.2572
10.2593
10.2721
10.1834
10.1838
10.2332
10.2538
10.1932
10.2482
10.277
10.209
10.2576
10.2257
10.2957
10.2064
10.2215
10.169
10.192
10.2669
10.2762
10.2243
10.1741
10.1542
10.202
10.2681
10.1864
10.2928
10.2734
10.171
10.3323
10.2984
10.2539
10.2318
10.2398
10.2416
10.2406
10.2069
10.2743
10.2319
10.2706
10.2747
10.2227
10.2731
10.2134
10.1894
10.3022
10.2457
10.2605
10.2391
10.2395
10.2919
10.293
10.2412
10.2657
10.1519
10.2176
10.1588
10.2485
10.2587
10.261
10.2061
10.2132
10.2222
10.3061
10.2864
10.256
10.2256
10.2286
10.2284
10.1922
10.2275
10.2614
10.2143
10.2227
10.2584
10.3391
10.2005
10.1386
10.1906
10.2611
10.1658
10.1686
10.2456
10.2418
10.2684
10.2473
10.2919
10.2063
10.2678
10.2287
10.2711
10.206
10.239
10.2568
10.2672
10.2434
10.2514
10.1572
10.2848
10.2405
10.2123
10.2378
10.236
10.241
10.3052
10.2839
10.3088
10.2123
10.1958
10.2178
10.2326
10.2534
10.2093
10.1983
10.2588
10.2038
10.2608
10.1781
10.1864
10.1472
10.2129
10.2119
10.3261
10.2393
10.2046
10.2046
10.2873
10.3125
10.1996
10.1945
10.2718
10.241
10.2617
10.2317
10.2685
10.1711
10.3175
10.2492
10.2139
10.1748
10.313
10.2514
10.227
10.2199
10.1933
10.1999
10.1658
10.2625
10.2562
10.1719
10.2558
10.2135
10.1207
10.231
10.2407
10.2535
10.2451
10.276
10.2676
10.2156
10.2505
10.2312
10.2323
10.3062
10.2803
10.1823
10.1913
10.2179
10.2006
10.2354
10.2908
10.2151
10.2705
10.3049
10.3177
10.1918
10.3116
10.2852
10.2579
10.2192
10.2643
10.207
10.2767
10.2788
10.3258
10.2443
10.1883
10.1796
10.1919
10.2585
10.1567
10.2777
10.2125
10.2807
10.2145
10.2549
10.2444
10.171
10.267
10.3292
10.2137
10.2585
10.2104
10.2397
10.2259
10.281
10.2808
10.2957
10.2249
10.2472
10.2364
10.2683
10.2408
10.2308
10.2622
10.2437
10.1802
10.2423
10.2183
10.3099
10.2207
10.3078
10.3503
10.2042
10.3017
10.2351
10.2621
10.3261
10.2086
10.222
10.2462
10.2334
10.254
10.2618
10.2214
10.2253
10.2897
10.2763
10.2006
10.2519
10.2097
10.2909
10.2773
10.2571
10.239
10.2793
10.192
10.2172
10.2823
10.2003
10.3183
10.1964
10.2476
10.2757
10.194
10.2157
10.2177
10.2177
10.2064
10.2332
10.223
10.2606
10.2887
10.2743
10.2183
10.2922
10.338
10.1883
10.2353
10.2427
10.3377
10.2158
10.2334
10.2703
10.1442
10.3254
10.2464
10.2898
10.2701
10.2602
10.2065
10.2439
10.2389
10.1976
10.1463
10.2899
10.2323
10.2672
10.2853
10.1674
10.291
10.2498
10.2081
10.2223
10.213
10.2197
10.2863
10.2069
10.2414
10.2416
10.2214
10.2665
10.2138
10.2094
10.1866
10.2975
10.1606
10.1433
10.2865
10.3109
10.2044
10.2477
10.2824
10.2101
10.254
10.2394
10.2952
10.2165
10.2428
10.2219
10.2808
10.1432
10.2172
10.2646
10.2779
10.1851
10.1193
10.2022
10.3091
10.1486
10.2153
10.1681
10.2982
10.2994
10.2303
10.2195
10.2164
10.2543
10.1135
10.1917
10.2003
10.3043
10.1745
10.2561
10.2865
10.2311
10.2855
10.2176
10.2172
10.1933
10.2366
10.2791
10.1771
10.3105
10.251
10.202
10.1882
10.2639
10.2719
10.2791
10.3552
10.2859
10.2275
10.2739
10.2831
10.2595
10.1735
10.3167
10.2136
10.236
10.222
10.2912
10.2751
10.24
10.3171
10.2559
10.1814
10.2483
10.1757
10.2201
10.2735
10.2107
10.2423
10.2616
10.3036
10.1555
10.2734
10.2057
10.208
10.3383
10.2161
10.2662
10.223
10.1594
10.2255
10.3053
10.2248
10.3005
10.2887
10.2439
10.2222
10.2423
10.2679
10.2701
10.2092
10.2055
10.2681
10.2926
10.2022
10.3482
10.2275
10.2852
10.2774
10.2229
10.2119
10.2264
10.2849
10.1714
10.1719
10.29
10.2473
10.2576
10.2763
10.2509
10.2073
10.2097
10.2502
10.2562
10.2377
10.1952
10.2133
10.1729
10.2746
10.2463
10.286
10.2287
10.2656
10.278
10.1749
10.3
10.169
10.2424
10.2921
10.2609
10.218
10.1821
10.2355
10.2525
10.2308
10.2251
10.2671
10.2986
10.249
10.3114
10.2468
10.1815
10.2775
10.2815
10.1982
10.2246
10.2262
10.2113
10.2533
10.3398
10.2332
10.246
10.2164
10.2139
10.247
10.2301
10.2549
10.2184
10.2527
10.2991
10.2773
10.2825
10.2585
10.2632
10.2763
10.2617
10.2401
10.2296
10.2399
10.2145
10.2774
10.2928
10.2208
10.1883
10.2211
10.2591
10.2363
10.2215
10.2844
10.2011
10.2232
10.2086
10.2118
10.2152
10.3127
10.2965
10.2936
10.2193
10.2803
10.1827
10.2072
10.2918
10.2907
10.2405
10.1391
10.2106
10.2306
10.1854
10.191
10.3119
10.2398
10.2489
10.1635
10.2052
