10.2354
10.2373
10.2395
10.2419
10.2479
10.2471
10.2439
10.2446
10.2434
10.2448
10.2485
10.2374
10.2418
10.2426
10.2398
10.2424
10.2417
10.2467
10.2359
10.2427
10.2451
10.2465
10.238
10.2443
10.2402
10.2437
10.2411
10.2414
10.2419
10.242
10.2393
10.2388
10.2364
10.2478
10.2366
10.2454
10.2435
10.2374
10.2411
10.2429
10.2441
10.2417
10.2318
10.2359
10.2354
10.2497
10.2411
10.2443
10.2428
10.2376
10.2343
10.2449
10.2287
10.2407
10.2386
10.2373
10.2452
10.2533
10.2374
10.2441
10.2399
10.2432
10.2438
10.2415
10.242
10.2407
10.2408
10.235
10.2427
10.2363
10.2339
10.2401
10.2377
10.2414
10.2445
10.2336
10.2385
10.2376
10.2498
10.2397
10.2391
10.2386
10.2441
10.2385
10.2377
10.238
10.2491
10.2458
10.2442
10.2436
10.2418
10.2509
10.2378
10.2445
10.2463
10.2509
10.2423
10.2333
10.2435
10.2383
10.2349
10.2448
10.2425
10.2343
10.2311
10.2402
10.2378
10.2385
10.241
10.2378
10.2374
10.2351
10.2465
10.2469
10.2413
10.2314
10.2401
10.2474
10.2419
10.2412
10.2371
10.2411
10.2318
10.2376
10.2485
10.2437
10.2379
10.2419
10.2524
10.243
10.2424
10.2384
10.245
10.2382
10.2372
10.2407
10.2468
10.2506
10.2378
10.2338
10.236
10.2438
10.2347
10.2403
10.2398
10.2401
10.2442
10.2416
10.2392
10.2328
10.2348
10.2403
10.2461
10.2432
10.2471
10.241
10.2447
10.242
10.2328
10.247
10.2461
10.2338
10.2451
10.237
10.2389
10.2428
10.2421
10.2439
10.2482
10.241
10.2332
10.2448
10.238
10.2369
10.2411
10.2443
10.2407
10.2445
10.24
10.2363
10.2392
10.2438
10.2461
10.2393
10.2418
10.2437
10.2382
10.2403
10.2412
10.2387
10.2396
10.2349
10.2404
10.2428
10.2437
10.2429
10.2415
10.2403
10.2388
10.2458
10.2438
10.2399
10.2421
10.2363
10.2413
10.2404
10.2396
10.2442
10.2491
10.2353
10.2386
10.2324
10.2389
10.2398
10.2365
10.2445
10.2395
10.2354
10.2465
10.2374
10.2411
10.242
10.244
10.2305
10.2336
10.2409
10.2489
10.2421
10.2398
10.2448
10.24
10.2386
10.2493
10.2417
10.2361
10.2384
10.2452
10.2375
10.2393
10.2393
10.2355
10.2374
10.2401
10.2439
10.2413
10.234
10.2468
10.2431
10.2491
10.2346
10.2406
10.2451
10.2426
10.2429
10.2398
10.2352
10.239
10.2445
10.247
10.2335
10.2441
10.2393
10.2453
10.2422
10.2421
10.2499
10.2397
10.2388
10.2452
10.2458
10.2353
10.2421
10.2439
10.2349
10.2348
10.2423
10.2418
10.2463
10.2434
10.2426
10.2434
10.2362
10.2497
10.2403
10.2385
10.2362
10.2463
10.2418
10.2422
10.2308
10.2406
10.2429
10.2381
10.2453
10.2455
10.2371
10.2391
10.2431
10.2391
10.2476
10.2426
10.2385
10.2419
10.2429
10.2486
10.2352
10.2394
10.2388
10.2426
10.2308
10.2432
10.247
10.243
10.2366
10.2428
10.2475
10.2411
10.2406
10.2403
10.2405
10.2389
10.2408
10.2399
10.2484
10.2482
10.2344
10.2403
10.2399
10.236
10.2476
10.2439
10.2411
10.2397
10.2386
10.2343
10.2329
10.2447
10.2437
10.2369
10.24
10.2385
10.2394
10.2417
10.2353
10.2375
10.2453
10.2418
10.2337
10.2358
10.2364
10.236
10.2408
10.2408
10.2398
10.2443
10.2405
10.236
10.2384
10.2415
10.2371
10.2423
10.2425
10.2401
10.2528
10.243
10.232
10.2424
10.2462
10.2306
10.2394
10.2312
10.2423
10.2442
10.2369
10.2426
10.2317
10.2354
10.2426
10.2461
10.2409
10.2324
10.2443
10.2345
10.2414
10.2416
10.2383
10.2421
10.2374
10.2432
10.239
10.2436
10.2406
10.2411
10.2431
10.2389
10.2441
10.2395
10.2399
10.2427
10.2412
10.2388
10.2436
10.2465
10.236
10.2431
10.2508
10.243
10.2341
10.2409
10.2391
10.236
10.236
10.2423
10.2465
10.2437
10.2424
10.2408
10.2394
10.2448
10.2478
10.2394
10.2436
10.236
10.2324
10.2393
10.2396
10.2439
10.2385
10.241
10.2409
10.2399
10.245
10.2405
10.2394
10.2434
10.2381
10.2391
10.2459
10.2395
10.2382
10.2379
10.2422
10.2483
10.243
10.2339
10.242
10.2318
10.2414
10.2487
10.2409
10.245
10.2433
10.2423
10.2441
10.2461
10.2396
10.2367
10.245
10.2443
10.2457
10.2451
10.2452
10.2348
10.2463
10.2377
10.2398
10.2421
10.2363
10.2448
10.2485
10.2419
10.2462
10.2451
10.2448
10.2397
10.2491
10.2404
10.2391
10.2424
10.2373
10.2439
10.2332
10.2361
10.2393
10.2406
10.2401
10.2444
10.2358
10.2399
10.2366
10.2399
10.2344
10.2356
10.2462
10.2346
10.2444
10.2443
10.2424
10.24
10.2452
10.2411
10.2442
10.2442
10.2404
10.2436
10.2401
10.241
10.2487
10.2428
10.2425
10.2373
10.236
10.2354
10.2383
10.2402
10.2359
10.2509
10.2355
10.2405
10.2494
10.2501
10.2365
10.2386
10.2396
10.2417
10.2446
10.2422
10.2378
10.2468
10.2429
10.2327
10.2395
10.2363
10.2376
10.243
10.242
10.2382
10.2404
10.246
10.2414
10.2401
10.2541
10.2491
10.2508
10.2397
10.24
10.2428
10.2459
10.2382
10.2381
10.2443
10.2419
10.2399
10.2385
10.2461
10.2387
10.2511
10.241
10.2422
10.2426
10.2462
10.2493
10.2471
10.2386
10.245
10.2445
10.2414
10.2374
10.2437
10.2484
10.2435
10.2411
10.2358
10.2432
10.2376
10.2379
10.237
10.2433
10.2386
10.2513
10.2413
10.246
10.2438
10.2425
10.239
10.2388
10.246
10.244
10.2378
10.2407
10.2418
10.2378
10.2373
10.2446
10.2411
10.25
10.242
10.2393
10.2411
10.2375
10.2362
10.2391
10.2471
10.2405
10.2426
10.2354
10.2392
10.2418
10.246
10.2403
10.2492
10.2414
10.2368
10.2389
10.2424
10.2308
10.235
10.2402
10.2436
10.2361
10.2409
10.2344
10.2387
10.2349
10.2317
10.2379
10.2472
10.2452
10.2422
10.2398
10.2378
10.2479
10.2416
10.2395
10.2464
10.2451
10.2372
10.2482
10.2415
10.2367
10.2413
10.2344
10.2372
10.2435
10.248
10.2388
10.245
10.2384
10.2323
10.2443
10.2377
10.2349
10.2459
10.241
10.2472
10.2372
10.2426
10.2474
10.2377
10.2482
10.236
10.2366
10.2397
10.2485
10.2372
10.2407
10.2412
10.2465
10.2342
10.2438
10.2417
10.2396
10.239
10.2445
10.2385
10.2415
10.2415
10.2477
10.2327
10.2394
10.2402
10.2399
10.2331
10.243
10.2435
10.238
10.2429
10.24
10.24
10.2399
10.2392
10.2414
10.2444
10.248
10.246
10.2449
10.2371
10.2448
10.2379
10.2466
10.241
10.2453
10.2474
10.2358
10.2463
10.2406
10.2368
10.2406
10.2409
10.2425
10.2425
10.2372
10.2494
10.234
10.2457
10.2464
10.2348
10.2391
10.2458
10.2468
10.2413
10.2409
10.2385
10.2433
10.239
10.2445
10.2466
10.2391
10.2493
10.2376
10.2349
10.2442
10.2381
10.2421
10.2405
10.2404
10.2438
10.2342
10.2334
10.2357
10.2409
10.2421
10.2369
10.2469
10.242
10.2415
10.2351
10.2377
10.2346
10.2361
10.2331
10.2409
10.2415
10.2447
10.2377
10.2368
10.2407
10.2365
10.243
10.2453
10.2411
10.2446
10.25
10.2404
10.2447
10.2414
10.2503
10.2464
10.2313
10.2329
10.2453
10.242
10.2414
10.2401
10.2475
10.2374
10.2387
10.2369
10.2372
10.2425
10.2383
10.2406
10.2475
10.2399
10.2388
10.2417
10.2455
10.2435
10.243
10.2485
10.2504
10.2461
10.241
10.245
10.2425
10.2347
10.2448
10.2374
10.2449
10.2421
10.2484
10.246
10.2369
10.2427
10.2408
10.2427
10.2415
10.2413
10.2314
10.2387
10.2417
10.2397
10.2379
10.2357
10.2358
10.2416
10.2464
10.245
10.242
10.2441
10.2384
10.2361
10.2413
10.2429
10.2402
10.242
10.2407
10.2386
10.2428
10.2427
10.2374
10.2453
10.2391
10.2412
10.2364
10.2292
10.2352
10.2429
10.2405
10.2327
10.2385
10.2419
10.2406
10.2415
10.2444
10.2371
10.2317
10.2427
10.2445
10.2362
10.2431
10.2468
10.2408
10.2452
10.2446
10.2459
10.2429
10.2377
10.2406
10.2421
10.2432
10.2415
10.2399
10.2405
10.2523
10.2389
10.241
10.2517
10.2385
10.2374
10.2469
10.2447
10.2429
10.2434
10.247
10.2459
10.244
10.2431
10.2482
10.2422
10.2369
10.243
10.2427
10.239
10.2408
10.2413
10.247
10.2494
10.2389
10.2388
10.2423
10.2463
10.2466
10.24
10.2398
10.2423
10.2427
10.2407
10.2427
10.2344
10.2416
10.2418
10.2421
10.2369
10.2459
10.2435
10.2408
10.2413
10.2434
10.2464
10.2435
10.2411
10.2364
10.2495
10.2462
10.2474
10.2411
10.2484
10.2418
10.2441
10.2437
10.2358
10.2407
10.2446
10.2467
10.2463
10.241
10.2433
10.2451
10.25
10.2453
10.2375
10.2457
10.2457
10.2421
10.2402
10.2393
10.2329
10.242
10.2514
10.2417
10.2377
10.2435
10.2434
10.2484
10.2433
10.2434
10.2397
10.2428
10.2407
10.241
10.2363
10.2445
10.243
10.2397
10.236
10.2468
10.2476
10.2467
10.2442
10.2365
10.2445
10.2502
10.2413
10.236
10.2424
10.2427
10.236
10.2434
10.2368
10.2336
10.243
10.2365
10.2429
10.2472
10.2401
10.2396
10.2445
10.2389
10.2422
10.2411
10.2358
10.2423
10.2443
10.2384
10.2403
10.2425
10.2406
10.2393
10.2446
10.2404
10.2358
10.2357
10.2382
10.2428
10.2436
10.2411
10.2461
10.2445
10.2374
10.2423
10.2417
10.2367
10.2479
10.2421
10.2438
10.2397
10.2469
10.2394
10.2363
10.2386
10.2363
10.2461
10.2481
10.2404
10.243
10.2377
10.2395
10.2346
10.2425
10.2426
10.2385
10.2422
10.2428
10.2433
10.2463
10.2446
10.2368
10.2435
10.2353
10.2453
10.2431
10.2418
10.2477
10.2389
10.236
10.238
10.2331
10.2448
10.2403
10.2379
10.2364
10.2448
10.2389
10.2449
10.24
10.2439
10.2393
10.2382
10.2376
10.241
10.2467
10.2385
10.2365
10.2443
10.2406
10.2364
10.244
10.2434
10.2412
10.2473
10.2427
10.2483
10.2366
10.2447
10.2388
10.237
10.2441
10.2325
10.2441
10.2345
10.2425
10.2429
10.2398
10.2411
10.2413
10.2376
10.24
10.2428
10.243
10.2413
10.2421
10.2435
10.235
10.2474
10.246
10.2452
10.2289
10.2359
10.2432
10.245
10.2394
10.2433
10.2339
10.243
10.2464
10.2361
10.2452
10.2455
10.2414
10.2391
10.2406
10.2391
10.2482
10.2369
10.2361
10.2399
10.2472
10.2482
10.234
10.2434
10.2413
10.243
10.2316
10.2404
10.2379
10.242
10.235
10.2484
10.2439
10.2371
10.2448
10.2418
10.2436
10.2405
10.2451
10.2448
10.2437
10.244
10.2457
10.2405
10.251
10.2389
10.2475
10.2434
10.2397
10.2348
10.2343
10.2348
10.2423
10.2372
10.2398
10.2401
10.244
10.2376
10.2453
10.2453
10.2353
10.2358
10.2378
10.2364
10.2383
10.2372
10.2424
10.2407
10.2378
10.2447
10.2402
10.2477
10.2463
10.2423
10.2371
10.2402
10.241
10.2425
10.2388
10.2408
10.2372
10.2368
10.2394
10.2435
10.2341
10.2397
10.2333
10.2473
10.2337
10.2455
10.2437
10.2406
10.2384
10.2457
10.244
10.242
10.2464
10.2386
10.2432
10.2343
10.2432
10.2389
10.234
10.2384
10.2434
10.2525
10.2407
10.2379
10.2356
10.2357
10.2406
10.2414
10.2367
10.2378
10.2437
10.2344
10.2452
10.2368
10.2462
10.2479
10.2359
10.2385
10.2408
10.2382
10.2401
10.2428
10.2438
10.2399
10.2414
10.2452
10.2433
10.2432
10.2436
10.2458
10.2445
10.2467
10.2449
10.2484
10.24
10.2438
10.2523
10.2377
10.2452
10.2466
10.2365
10.2391
10.2419
10.242
10.2495
10.2435
10.2503
10.2427
10.2407
10.2409
10.2414
10.2407
10.2437
10.2392
10.2356
10.2396
10.239
10.2466
10.2438
10.2397
10.2473
10.2409
10.2493
10.2431
10.2407
10.2418
10.2431
10.2384
10.2472
10.2417
10.2386
10.2322
10.2462
10.2386
10.2337
10.2406
10.2388
10.2443
10.2386
10.2416
10.2391
10.2429
10.2478
10.2348
10.2446
10.2435
10.2377
10.2468
10.245
10.2412
10.2426
10.2402
10.2444
10.2433
10.2391
10.2411
10.243
10.2419
10.2431
10.2408
10.2382
10.2377
10.2406
10.2448
10.2419
10.2475
10.2419
10.2378
10.242
10.2372
10.2418
10.2372
10.2392
10.2475
10.2382
10.2445
10.2461
10.241
10.2361
10.2463
10.2417
10.2417
10.2434
10.24
10.2434
10.2391
10.2355
10.2407
10.2481
10.244
10.2385
10.2409
10.2453
10.2432
10.2377
10.2383
10.2451
10.2438
10.2438
10.2498
10.2491
10.2379
10.248
10.2409
10.2414
10.2418
10.24
10.2416
10.246
10.2453
10.2349
10.2396
10.2387
10.2377
10.2505
10.2468
10.2348
10.2386
10.24
10.2393
10.2427
10.2432
10.2488
10.2416
10.2471
10.2379
10.2435
10.2528
10.2427
10.2442
10.2411
10.2426
10.2358
10.24
10.2437
10.245
10.2405
10.2411
10.2364
10.2444
10.2408
10.2445
10.2356
10.2436
10.241
10.2422
10.2494
10.2394
10.2392
10.2387
10.2415
10.2327
10.2421
10.2404
10.2395
10.2439
10.2343
10.2434
10.2399
10.2449
10.2459
10.2384
10.2411
10.2353
10.2354
10.2376
10.2367
10.2412
10.2373
10.2442
10.24
10.2411
10.2429
10.2395
10.2405
10.2436
10.2402
10.2461
10.2406
10.2386
10.2383
10.2462
10.2333
10.2441
10.241
10.2433
10.241
10.2425
10.236
10.2413
10.2431
10.2409
10.2466
10.2405
10.2363
10.2457
10.247
10.238
10.2398
10.2392
10.2431
10.2422
10.2403
10.2341
10.2434
10.2419
10.2401
10.2359
10.2417
10.2482
10.2393
10.2377
10.2344
10.234
10.2411
10.2444
10.2373
10.2355
10.238
10.2368
10.2379
10.2352
10.2436
10.2477
10.2437
10.2407
10.2402
10.2428
10.2418
10.2409
10.2412
10.245
10.2422
10.2385
10.2414
10.2429
10.2511
10.2464
10.2434
10.2402
10.243
10.239
10.2417
10.2449
10.2369
10.2462
10.2454
10.2442
10.2434
10.25
10.2436
10.2354
10.2481
10.2351
10.2356
10.242
10.2424
10.2421
10.2385
10.2393
10.2392
10.2441
10.2416
10.2331
10.2376
10.2312
10.2444
10.2395
10.2379
10.2329
10.2352
10.2443
10.2439
10.2373
10.2397
10.241
10.2425
10.2376
10.2392
10.2362
10.2424
10.2392
10.243
10.2355
10.2443
10.2427
10.2335
10.2391
10.2372
10.2378
10.2431
10.2388
10.2356
10.2385
10.2485
10.2329
10.2448
10.2474
10.241
10.2362
10.2494
10.2377
10.2349
10.2422
10.2401
10.2426
10.2416
10.2411
10.2354
10.2374
10.2384
10.2367
10.2439
10.2338
10.2434
10.2421
10.2335
10.2441
10.2358
10.2387
10.243
10.2395
10.2445
10.2398
10.2484
10.2438
10.2415
10.2415
10.2356
10.2495
10.2444
10.238
10.2461
10.2456
10.2392
10.2372
10.2397
10.2425
10.2421
10.2451
10.2399
10.246
10.2418
10.2452
10.2336
10.2406
10.2393
10.2399
10.2425
10.2354
10.2434
10.2456
10.2376
10.2482
10.2384
10.2417
10.2353
10.2357
10.2354
10.2434
10.2462
10.2379
10.2367
10.2349
10.2417
10.2449
10.242
10.2457
10.2366
10.24
10.25
10.2413
10.2399
10.2423
10.2402
10.2395
10.2342
10.2454
10.2333
10.2435
10.2489
10.2336
10.2426
10.2351
10.2368
10.2458
10.2507
10.2457
10.2448
10.2363
10.2426
10.2403
10.2418
10.243
10.2361
10.2413
10.231
10.231
10.2327
10.2455
10.2412
10.235
10.247
10.2387
10.2466
10.2417
10.253
10.2411
10.2421
10.2412
10.241
10.2418
10.2427
10.2375
10.2426
10.2407
10.2442
10.2398
10.2369
10.2417
10.2441
10.2455
10.2439
10.2391
10.2424
10.2409
10.236
10.2414
10.2403
10.242
10.232
10.2436
10.2477
10.2454
10.2308
10.2422
10.2388
10.2376
10.2424
10.2441
10.2389
10.2404
10.2448
10.2411
10.246
10.243
10.2466
10.238
10.2399
10.2534
10.2379
10.2422
10.2445
10.2417
10.2454
10.2411
10.2426
10.2394
10.2456
10.2458
10.245
10.2405
10.2409
10.2417
10.2484
10.2461
10.2332
10.2422
10.2416
10.2377
10.2433
10.243
10.2356
10.2402
10.2403
10.2441
10.2345
10.2353
10.238
10.2433
10.246
10.2387
10.2455
10.2386
10.24
10.2352
10.2381
10.2302
10.2407
10.2379
10.2379
10.2405
10.2385
10.2433
10.2424
10.2431
10.2446
10.2418
10.2316
10.2436
10.2447
10.2433
10.2466
10.2408
10.2393
10.2454
10.2432
10.2448
10.2447
10.2433
10.2424
10.2412
10.2352
10.2446
10.2462
10.2395
10.2439
10.2399
10.2395
10.2433
10.2411
10.2438
10.2381
10.2447
10.2328
10.2391
10.2456
10.2446
10.2385
10.2351
10.236
10.241
10.2382
10.2341
10.2458
10.2453
10.2413
10.2391
10.2439
10.2362
10.2332
10.244
10.2402
10.2389
10.2353
10.2442
10.2361
10.2396
10.245
10.2466
10.2326
10.2366
10.2434
10.2353
10.2404
10.2455
10.2433
10.2417
10.2397
10.2393
10.232
10.2422
10.2472
10.242
10.2457
10.2399
10.2523
10.2432
10.2369
10.2408
10.2398
10.2448
10.2409
10.2487
10.2362
10.2434
10.2344
10.2394
10.241
10.2473
10.2433
10.2433
10.2425
10.2422
10.2363
10.2441
10.2466
10.2455
10.2427
10.237
10.2455
10.2507
10.237
10.232
10.2412
10.2407
10.2482
10.2409
10.2398
10.2413
10.2473
10.2409
10.2401
10.2373
10.2371
10.2351
10.2449
10.2456
10.2435
10.2385
10.2482
10.2325
10.244
10.2447
10.2485
10.2472
10.2377
10.2366
10.2502
10.2447
10.2415
10.2398
10.2458
10.2425
10.248
10.2343
10.2473
10.2485
10.2448
10.2374
10.2417
10.2359
10.2413
10.2516
10.242
10.2427
10.2417
10.2423
10.2459
10.2469
10.2406
10.2386
10.2376
10.2466
10.242
10.2479
10.2491
10.2476
10.2437
10.2356
10.2465
10.2408
10.236
10.2445
10.2423
10.2398
10.2398
10.242
10.2419
10.2473
10.2449
10.2426
10.2438
10.2428
10.2411
10.245
10.2391
10.2396
10.2404
10.2403
10.2448
10.2397
10.2352
10.246
10.2411
10.2392
10.2399
10.2367
10.2423
10.245
10.2461
10.2443
10.2415
10.2396
10.2405
10.2478
10.2396
10.2327
10.2429
10.2414
10.2415
10.2446
10.2397
10.2407
10.2535
10.2407
10.2348
10.2435
10.2425
10.2454
10.2419
10.242
10.2426
10.2404
10.2442
10.2494
10.2449
10.2404
10.2431
10.242
10.2472
10.2424
10.2395
10.2439
10.2445
10.2352
10.2372
10.2435
10.2408
10.2457
10.2523
10.2381
10.2345
10.2461
10.2487
10.2374
10.236
10.2408
10.2421
10.2504
10.2471
10.2443
10.2503
10.2427
10.2414
10.2435
10.2349
10.2434
10.2351
10.2418
10.2346
10.2346
10.2403
10.2377
10.2446
10.2444
10.2354
10.2356
10.233
10.249
10.2493
10.2444
10.2386
10.2422
10.2375
10.2487
10.2392
10.2391
10.2417
10.2363
10.2418
10.2407
10.2408
10.2444
10.2427
10.2397
10.2444
10.2492
10.2401
10.241
10.2366
10.2443
10.2411
10.2437
10.2512
10.2396
10.2413
10.2443
10.2428
10.2454
10.2371
10.2356
10.24
10.2372
10.2417
10.2363
10.2312
10.2454
10.2391
10.2427
10.2427
10.241
10.2324
10.2432
10.2355
10.242
10.2379
10.2455
10.2382
10.2469
10.2373
10.2398
10.2441
10.2375
10.2401
10.2335
10.2378
10.243
10.2306
10.2389
10.2459
10.2398
10.2395
10.2413
10.2345
10.2358
10.2449
10.2425
10.2328
10.2495
10.2446
10.2404
10.2435
10.2427
10.2526
10.2385
10.2433
10.247
10.2369
10.2455
10.2444
10.236
10.2368
10.2452
10.2326
10.2451
10.2457
10.2412
10.2346
10.2398
10.2403
10.2451
10.2368
10.2458
10.2397
10.2476
10.2388
10.2402
10.2322
10.2432
10.2364
10.241
10.2384
10.2436
10.2379
10.247
10.2366
10.2396
10.2492
10.2478
10.2418
10.2381
10.2434
10.241
10.2388
10.2433
10.2346
10.2435
10.246
10.2453
10.248
10.2375
10.2399
10.2371
10.2423
10.2389
10.2383
10.2411
10.2453
10.2368
10.2431
10.2418
10.2496
10.234
10.2352
10.243
10.2389
10.2308
10.2435
10.2438
10.2358
10.2382
10.2451
10.2392
10.241
10.2371
10.2458
10.2369
10.2394
10.2424
10.2413
10.2407
10.24
10.237
10.2422
10.2436
10.244
10.2505
10.2347
10.2499
10.2387
10.2352
10.248
10.2438
10.2434
10.2366
10.2443
10.2417
10.2442
10.2363
10.2335
10.2398
10.2385
10.2384
10.247
10.2416
10.2417
10.2434
10.2432
10.241
10.2426
10.2453
10.2448
10.2393
10.2437
10.2369
10.2453
10.2375
10.2338
10.2359
10.2367
10.2428
10.2419
10.2432
10.2423
10.2407
10.2477
10.2375
10.2396
10.2425
10.2451
10.2436
10.2333
10.2332
10.2311
10.2454
10.2428
10.2472
10.2422
10.2524
10.2472
10.2407
10.2414
10.237
10.2471
10.2449
10.2407
10.2389
10.2433
10.2423
10.2347
10.2408
10.2462
10.2447
10.2417
10.2436
10.2419
10.2464
10.2382
10.2346
10.2447
10.2467
10.2448
10.2421
10.2381
10.237
10.2466
10.2436
10.2448
10.2378
10.2462
10.2432
10.2447
10.2371
10.2432
10.2367
10.2404
10.2427
10.2398
10.2386
10.2436
10.2368
10.236
10.2449
10.2357
10.2429
10.2448
10.2453
10.2388
10.244
10.2437
10.2388
10.2351
10.2405
10.245
10.2394
10.2393
10.243
10.2449
10.2376
10.2408
10.2413
10.2355
10.2456
10.2449
10.2487
10.2413
10.2394
10.2421
10.242
10.245
10.2413
10.2464
10.2437
10.2417
10.2359
10.2443
10.2363
10.2426
10.234
10.2358
10.2464
10.2357
10.2442
10.2387
10.2402
10.236
10.2436
10.2368
10.2472
10.2387
10.2408
10.2414
10.2429
10.2484
10.2437
10.2459
10.2461
10.2445
10.2362
10.2344
10.2388
10.2396
10.2441
10.2404
10.2479
10.2475
10.2365
10.2457
10.243
10.2501
10.2412
10.2342
10.2432
10.2453
10.2395
10.2376
10.2468
10.2466
10.24
10.2398
10.2449
10.2449
10.2406
10.2456
10.2431
10.2411
10.2405
10.2377
10.2395
10.2361
10.2407
10.2386
10.2402
10.2392
10.234
10.2404
10.2382
10.2456
10.2374
10.2419
10.2451
10.2415
10.2419
10.2493
10.2489
10.2451
10.2416
10.2363
10.2362
10.2464
10.2334
10.2398
10.2396
10.2472
10.2431
10.2385
10.2436
10.2464
10.2426
10.2405
10.2347
10.2376
10.2415
10.2458
10.2358
10.2448
10.2357
10.2433
10.2396
10.2435
10.2462
10.2447
10.2499
10.2381
10.2366
10.2474
10.2402
10.2409
10.2473
10.2443
10.2433
10.2455
10.2353
10.2421
10.2392
10.2366
10.2453
10.2464
10.2413
10.2441
10.2365
10.2437
10.2428
10.2445
10.2419
10.2431
10.239
10.2418
10.2407
10.2373
10.2353
10.2435
10.2469
10.2424
10.2416
10.2446
10.2418
10.2431
10.246
10.2444
10.2405
10.2395
10.2389
10.2394
10.2472
10.2376
10.2449
10.2463
10.2357
10.2413
10.2441
10.2462
10.2385
10.2456
10.2522
10.2477
10.2425
10.2444
10.2437
10.236
10.2393
10.2435
10.2346
10.2398
10.2395
10.2406
10.2432
10.2436
10.2421
10.244
10.2463
10.2356
10.243
10.2418
10.2433
10.2337
10.2452
10.2404
10.2371
10.2388
10.2455
10.2346
10.2429
10.2356
10.2383
10.2371
10.2432
10.2363
10.2479
10.2353
10.2322
10.2491
10.2424
10.2409
10.2369
10.2335
10.2353
10.2469
10.2355
10.2477
10.2438
10.2417
10.237
10.2414
10.2365
10.2419
10.2354
10.2395
10.2354
10.2472
10.2399
10.2412
10.2393
10.2444
10.239
10.2354
10.243
10.24
10.2415
10.2391
10.2373
10.2436
10.2397
10.2417
10.2463
10.2485
10.2485
10.2457
10.2394
10.2457
10.2457
10.2432
10.2443
10.2473
10.2407
10.2342
10.235
10.2397
10.2449
10.2373
10.2408
10.2442
10.2489
10.2428
10.2479
10.2459
10.2433
10.2422
10.2449
10.2397
10.2387
10.243
10.2417
10.2427
10.2476
10.2368
10.243
10.2384
10.2415
10.2439
10.2422
10.246
10.2444
10.2374
10.2452
10.2451
10.2418
10.2426
10.2378
10.2414
10.2398
10.2422
10.2435
10.2438
10.2435
10.2486
10.2339
10.2398
10.2317
10.2397
10.2343
10.2438
10.2426
10.2528
10.234
10.2499
10.2405
10.2429
10.2378
10.2388
10.2433
10.2388
10.2432
10.2358
10.2498
10.2456
10.2307
10.2402
10.2445
10.2476
10.2404
10.2406
10.2386
10.243
10.2355
10.2384
10.2372
10.2379
10.239
10.2399
10.2348
10.2427
10.2389
10.247
10.2388
10.2439
10.2418
10.2421
10.237
10.2436
10.2405
10.24
10.2399
10.2386
10.2403
10.2396
10.2415
10.2348
10.2432
10.246
10.2396
10.2454
10.2414
10.233
10.2393
10.2331
10.2425
10.2374
10.232
10.2375
10.2405
10.2432
10.2425
10.2373
10.2419
10.2386
10.237
10.2398
10.2344
10.2401
10.2341
10.2322
10.2448
10.2401
10.2424
10.2466
10.2446
10.2412
10.2451
10.241
10.2379
10.2453
10.2441
10.2433
10.2299
10.233
10.2378
10.2489
10.2388
10.2417
10.244
10.2426
10.2434
10.2364
10.2344
10.2398
10.2363
10.2376
10.244
10.2467
10.2452
10.2476
10.2386
10.2375
10.2359
10.2458
10.2432
10.2365
10.2383
10.2404
10.2417
10.2432
10.2364
10.2372
10.2466
10.2379
10.2458
10.2348
10.2395
10.2395
10.2402
10.2409
10.2449
10.2381
10.2415
10.2486
10.2465
10.2422
10.2424
10.2369
10.2405
10.239
10.2434
10.2442
10.2423
10.233
10.2454
10.2438
10.246
10.2376
10.2404
10.2399
10.2515
10.2426
10.2463
10.2391
10.2405
10.2403
10.2438
10.2388
10.2452
10.2434
10.2403
10.2394
10.2412
10.2339
10.2507
10.2458
10.2385
10.2456
10.239
10.2444
10.2486
10.2368
10.2385
10.2354
10.2386
10.2321
10.246
10.2458
10.2276
10.2416
10.2387
10.2381
10.2412
10.2439
10.2408
10.2404
10.2321
10.2501
10.233
10.2423
10.2404
10.2423
10.2398
10.2409
10.2469
10.2388
10.2445
10.2434
10.2472
10.2395
10.2394
10.2432
10.2476
10.2457
10.2449
10.2433
10.2416
10.2394
10.24
10.2396
10.2416
10.2426
10.24
10.2383
10.2351
10.2471
10.2394
10.2416
10.2451
10.2417
10.2289
10.2372
10.2467
10.2307
10.2422
10.2441
10.2384
10.2365
10.2426
10.2375
10.2474
10.2461
10.2358
10.2437
10.2457
10.2445
10.2407
10.2488
10.2428
10.2434
10.2386
10.2438
10.2425
10.2363
10.2455
10.2422
10.238
10.2449
10.2449
10.2432
10.2384
10.2342
10.2422
10.2425
10.2409
10.2425
10.2382
10.2403
10.2398
10.2449
10.243
10.2332
10.2423
10.2431
10.2482
10.2406
10.2374
10.2415
10.2383
10.2424
10.2464
10.2394
10.2486
10.2356
10.2376
10.2407
10.2424
10.2413
10.2316
10.2443
10.2374
10.2438
10.2416
10.2415
10.239
10.2442
10.2408
10.2405
10.236
10.2393
10.2472
10.2467
10.2381
10.2354
10.2373
10.2433
10.2355
10.2414
10.2429
10.2386
10.2384
10.2416
10.2488
10.2426
10.2408
10.2516
10.236
10.2416
10.2426
10.244
10.2444
10.2452
10.2423
10.2359
10.2454
10.2385
10.2447
10.2409
10.2433
10.2381
10.2374
10.2414
10.2385
10.2502
10.2472
10.2495
10.2398
10.2406
10.2469
10.2414
10.2411
10.245
10.2439
10.2516
10.2392
10.2413
10.2491
10.2406
10.2384
10.241
10.2463
10.2385
10.2403
10.2388
10.2473
10.2502
10.2422
10.2416
10.2447
10.2369
10.2457
10.239
10.2429
10.2401
10.248
10.2435
10.2421
10.2387
10.235
10.2369
10.2409
10.2459
10.2441
10.2385
10.2348
10.2392
10.2405
10.243
10.2474
10.2489
10.2424
10.2468
10.2465
10.2455
10.241
10.2343
10.2413
10.2451
10.2449
10.2418
10.2389
10.2438
10.2449
10.2405
10.2425
10.2413
10.2399
10.2443
10.2413
10.2434
10.2354
10.2382
10.2388
10.2428
10.2384
10.2455
10.2478
10.2434
10.2434
10.2475
10.2361
10.2346
10.2379
10.2462
10.2366
10.2451
10.2326
10.2393
10.2328
10.2436
10.2382
10.2406
10.2426
10.2361
10.2448
10.2458
10.244
10.2345
10.2495
10.2419
10.2429
10.2443
10.2392
10.2418
10.2357
10.2486
10.2391
10.2472
10.2421
10.2408
10.2403
10.2381
10.2488
10.2411
10.2423
10.2505
10.2442
10.2368
10.2473
10.239
10.2483
10.2389
10.2512
10.2462
10.2405
10.243
10.2386
10.2399
10.2452
10.2415
10.2476
10.2379
10.2393
10.2433
10.2423
10.2341
10.2446
10.2441
10.2485
10.2417
10.2433
10.2349
10.2374
10.253
10.2423
10.2389
10.2395
10.2339
10.2409
10.2448
10.2515
10.2446
10.236
10.2411
10.2441
10.2462
10.2393
10.2366
10.2307
10.2404
10.2422
10.242
10.243
10.243
10.2411
10.2408
10.2428
10.2419
10.2346
10.2479
10.2413
10.2436
10.2452
10.2415
10.2488
10.2396
10.2413
10.2372
10.2453
10.2449
10.2384
10.2442
10.2422
10.2368
10.2381
10.2398
10.2439
10.2401
10.2341
10.24
10.2347
10.2337
10.246
10.2374
10.2401
10.2413
10.2446
10.2457
10.2441
10.2452
10.2408
10.2367
10.2424
10.2448
10.2377
10.2453
10.2498
10.2436
10.2395
10.2392
10.2412
10.2445
10.2409
10.2311
10.2418
10.2396
10.2383
10.2396
10.2461
10.2373
10.2349
10.2399
10.2375
10.2477
10.2439
10.2437
10.2446
10.2443
10.2413
10.2412
10.245
10.2392
10.2433
10.2438
10.2384
10.2425
10.2405
10.2401
10.2439
10.2459
10.2496
10.2319
10.2477
10.2451
10.2461
10.2438
10.2369
10.2333
10.244
10.246
10.2372
10.2414
10.2369
10.2396
10.2417
10.2398
10.2393
10.2344
10.2445
10.2361
10.2419
10.2374
10.2404
10.2386
10.2495
10.2392
10.2384
10.2419
10.243
10.2426
10.2477
10.2399
10.2455
10.2416
10.2406
10.2384
10.2405
10.2333
10.2313
10.2482
10.2359
10.2344
10.2404
10.2411
10.2451
10.2377
10.2404
10.2416
10.24
10.2373
10.233
10.2383
10.2402
10.2452
10.2377
10.2397
10.2422
10.2374
10.2434
10.237
10.2321
10.2356
10.2482
10.2398
10.2353
10.2476
10.2359
10.2441
10.2377
10.2456
10.2505
10.2448
10.2462
10.2385
10.2424
10.2488
10.2378
10.2422
10.2415
10.2465
10.2432
10.2408
10.2393
10.2412
10.2442
10.2399
10.241
10.236
10.2378
10.2468
10.2443
10.2388
10.2456
10.2369
10.2417
10.2448
10.2323
10.2433
10.235
10.2349
10.2392
10.2499
10.236
10.2402
10.2414
10.2537
10.2403
10.2412
10.2462
10.2393
10.243
10.2412
10.2381
10.2408
10.2352
10.2337
10.2348
10.2383
10.2423
10.2348
10.2373
10.2407
10.2429
10.2536
10.252
10.2329
10.2423
10.2396
10.2375
10.2368
10.236
10.2414
10.239
10.2408
10.2387
10.2376
10.2515
10.2466
10.2351
10.2411
10.2358
10.2445
10.2431
10.2432
10.2403
10.2454
10.2406
10.2334
10.2423
10.2411
10.249
10.2406
10.2387
10.2393
10.2444
10.2399
10.2415
10.2484
10.2416
10.239
10.2389
10.235
10.2423
10.2378
10.2453
10.2389
10.2484
10.2424
10.236
10.2397
10.2401
10.2392
10.2434
10.238
10.2381
10.2406
10.2386
10.2415
10.2393
10.2397
10.2385
10.2417
10.2437
10.2389
10.2427
10.243
10.2383
10.2437
10.2489
10.2449
10.2426
10.2459
10.2487
10.2406
10.2394
10.2457
10.2463
10.2394
10.2445
10.2403
10.2391
10.2444
10.2432
10.2349
10.2375
10.2447
10.2485
10.2387
10.2428
10.243
10.239
10.2427
10.236
10.239
10.2431
10.2405
10.243
10.2433
10.2396
10.2388
10.247
10.2458
10.2453
10.2409
10.2398
10.2525
10.2417
10.2314
10.2423
10.2447
10.2413
10.2497
10.2379
10.2375
10.2371
10.2441
10.2368
10.2405
10.2439
10.2421
10.2393
10.2437
10.2437
10.2364
10.2424
10.2458
10.2395
10.2422
10.2353
10.2408
10.2394
10.2369
10.2412
10.2465
10.2415
10.2332
10.2384
10.2379
10.2516
10.2436
10.2403
10.2434
10.2416
10.2438
10.2362
10.253
10.2352
10.2402
10.2406
10.2289
10.2441
10.2404
10.2399
10.2402
10.235
10.241
10.2463
10.2384
10.2446
10.2475
10.2386
10.2357
10.2438
10.2362
10.2358
10.2359
10.2371
10.2444
10.2446
10.2443
10.2391
10.2413
10.2441
10.2418
10.2477
10.2377
10.2434
10.2371
10.24
10.2426
10.2411
10.2397
10.2411
10.2461
10.2427
10.2492
10.2475
10.241
10.2467
10.253
10.2458
10.2455
10.2495
10.2343
10.2437
10.2385
10.2432
10.2371
10.2419
10.2392
10.2401
10.2469
10.2399
10.2424
10.2402
10.2434
10.244
10.2361
10.2435
10.2402
10.2395
10.2417
10.244
10.2407
10.2435
10.2379
10.2415
10.2439
10.2422
10.2315
10.2305
10.2385
10.2395
10.2376
10.2396
10.2384
10.2344
10.2388
10.2403
10.2435
10.2381
10.2449
10.2408
10.2361
10.2399
10.238
10.2453
10.2439
10.2456
10.2386
10.2356
10.2361
10.2395
10.2427
10.2393
10.2344
10.2416
10.2407
10.246
10.2417
10.2381
10.2359
10.2344
10.2356
10.2426
10.2474
10.2437
10.2436
10.2477
10.2462
10.2426
10.2357
10.2421
10.2464
10.2441
10.2396
10.2472
10.242
10.2363
10.2416
10.2404
10.2466
10.242
10.2346
10.2337
10.2377
10.2401
10.2459
10.2433
10.2376
10.2344
10.234
10.2461
10.246
10.2327
10.25
10.2407
10.2434
10.2468
10.2459
10.2429
10.2467
10.2456
10.2407
10.2404
10.2395
10.2433
10.2425
10.2408
10.2398
10.2422
10.2418
10.2399
10.2439
10.2433
10.2321
10.238
10.2431
10.2364
10.2396
10.2398
10.2397
10.2464
10.2456
10.241
10.2397
10.2434
10.2442
10.2436
10.2431
10.2372
10.2345
10.238
10.2373
10.2428
10.2378
10.2388
10.2458
10.2323
10.2387
10.2392
10.2467
10.2435
10.2391
10.2468
10.2479
10.2395
10.235
10.232
10.2388
10.2397
10.2461
10.242
10.2414
10.2369
10.2388
10.2424
10.2404
10.2355
10.2417
10.2385
10.248
10.2455
10.236
10.2492
10.2434
10.2383
10.234
10.2404
10.2364
10.2448
10.2391
10.2429
10.2497
10.2397
10.2428
10.24
10.2422
10.2349
10.2329
10.2469
10.2355
10.2322
10.2431
10.2425
10.2396
10.2383
10.2373
10.2427
10.2493
10.251
10.2372
10.2307
10.2441
10.2416
10.2424
10.2401
10.2406
10.2326
10.2435
10.2357
10.2434
10.2429
10.2418
10.2381
10.2385
10.2403
10.2477
10.2444
10.2552
10.2407
10.2468
10.2394
10.2576
10.2384
10.2393
10.247
10.2354
10.2403
10.2451
10.2389
10.2396
10.2375
10.2406
10.2399
10.2396
10.2394
10.2328
10.2441
10.2407
10.2403
10.2453
10.2448
10.2429
10.2421
10.2456
10.2405
10.2482
10.2443
10.248
10.2371
10.2382
10.2429
10.244
10.2475
10.2375
10.2416
10.236
10.2381
10.2362
10.2373
10.2409
10.2452
10.24
10.2395
10.2408
10.2368
10.236
10.2387
10.2395
10.2414
10.2389
10.2331
10.2354
10.2357
10.2365
10.2372
10.2434
10.2386
10.2356
10.2397
10.2415
10.2465
10.2445
10.2451
10.2421
10.2404
10.2419
10.2485
10.2363
10.246
10.245
10.2393
10.2351
10.2444
10.243
10.2345
10.2357
10.2395
10.2454
10.2374
10.2373
10.2366
10.235
10.2401
10.2433
10.2433
10.2426
10.2507
10.2362
10.2492
10.2427
10.2409
10.2412
10.2468
10.2433
10.2349
10.2443
10.2317
10.2478
10.2396
10.2348
10.2461
10.2489
10.2408
10.2404
10.2389
10.2408
10.2452
10.2379
10.2516
10.2386
10.2475
10.2404
10.2427
10.2429
10.2432
10.2396
10.2444
10.2455
10.2377
10.2369
10.2406
10.2425
10.243
10.2376
10.2407
10.2531
10.2442
10.2429
10.2433
10.2438
10.2374
10.2411
10.2384
10.2444
10.2454
10.2429
10.2465
10.2402
10.2454
10.241
10.2467
10.2328
10.2376
10.2437
10.2426
10.2426
10.2402
10.2384
10.2395
10.2444
10.2386
10.2438
10.2465
10.2368
10.2384
10.2343
10.244
10.2458
10.2399
10.2393
10.2415
10.2399
10.2409
10.2456
10.2377
10.2372
10.2381
10.2413
10.2452
10.2401
10.2441
10.2405
10.2453
10.2455
10.2444
10.2387
10.2388
10.2418
10.241
10.244
10.2376
10.2444
10.2367
10.2434
10.2391
10.2376
10.2385
10.2439
10.2375
10.2451
10.2359
10.2378
10.2346
10.234
10.2363
10.2397
10.241
10.2352
10.2417
10.2478
10.2443
10.2455
10.2445
10.2386
10.2461
10.2387
10.2462
10.2328
10.2397
10.24
10.2421
10.2406
10.2372
10.2405
10.2448
10.2357
10.2425
10.2447
10.2373
10.2483
10.2411
10.2488
10.2348
10.2373
10.2383
10.2444
10.2456
10.2497
10.2428
10.2482
10.2378
10.2401
10.2436
10.2389
10.2365
10.235
10.2463
10.2335
10.2396
10.2412
10.2355
10.2469
10.2433
10.24
10.2363
10.239
10.2314
10.2423
10.2402
10.2478
10.2404
10.2446
10.2409
10.2423
10.2407
10.2387
10.2441
10.2378
10.2463
10.2464
10.2376
10.2482
10.2431
10.2372
10.2468
10.2425
10.2416
10.2391
10.2319
10.2395
10.2408
10.2361
10.2412
10.2387
10.2395
10.2433
10.2408
10.2395
10.2372
10.2368
10.2475
10.2448
10.2417
10.2408
10.2338
10.2495
10.2395
10.2434
10.2385
10.2371
10.243
10.2394
10.2349
10.245
10.2463
10.2452
10.2445
10.2492
10.2381
10.2361
10.2418
10.2412
10.238
10.2421
10.2475
10.2426
10.2365
10.2444
10.2445
10.2423
10.2356
10.24
10.2422
10.2408
10.2431
10.2377
10.2376
10.2436
10.2492
10.2384
10.2417
10.2417
10.2384
10.2471
10.2451
10.2422
10.2391
10.2377
10.2453
10.2408
10.2458
10.2451
10.2341
10.2469
10.2336
10.2384
10.2387
10.2452
10.2393
10.2387
10.2468
10.24
10.2492
10.243
10.24
10.2449
10.2411
10.2472
10.243
10.2451
10.2369
10.2402
10.2483
10.2461
10.2419
10.2424
10.2381
10.2447
10.2468
10.2473
10.2455
10.2371
10.2479
10.2378
10.2386
10.2445
10.2395
10.2429
10.2362
10.242
10.2381
10.2442
10.2408
10.2431
10.2389
10.2425
10.244
10.2393
10.2402
10.2354
10.2439
10.2386
10.2472
10.243
10.2465
10.2431
10.2422
10.2425
10.2393
10.2452
10.2366
10.2483
10.2417
10.2384
10.2428
10.2367
10.242
10.2395
10.2424
10.2377
10.2402
10.2336
10.2399
10.2471
10.2451
10.2444
10.2438
10.2379
10.243
10.2396
10.2439
10.2369
10.2395
10.2436
10.2366
10.2419
10.2484
10.2478
10.2357
10.2372
10.2373
10.2397
10.2414
10.2398
10.2406
10.2463
10.2434
10.2453
10.2426
10.2481
10.2364
10.2472
10.2358
10.2418
10.24
10.2363
10.2413
10.2326
10.2379
10.2436
10.2471
10.2424
10.2454
10.2341
10.2451
10.235
10.2466
10.24
10.2458
10.2417
10.2408
10.2511
10.2415
10.2418
10.2321
10.2427
10.249
10.2413
10.24
10.238
10.2361
10.2418
10.2376
10.2368
10.2462
10.242
10.2447
10.2428
10.2319
10.2471
10.2385
10.2326
10.2429
10.2475
10.2396
10.237
10.2401
10.2399
10.2311
10.2383
10.2386
10.2377
10.2466
10.2446
10.2423
10.2415
10.2389
10.2459
10.2439
10.2428
10.2416
10.2338
10.2376
10.2392
10.2417
10.2362
10.2387
10.2425
10.236
10.2388
10.2464
10.2456
10.2457
10.2357
10.2409
10.2459
10.2404
10.2338
10.2333
10.2453
10.2407
10.2321
10.2409
10.2277
10.2369
10.2368
10.2402
10.2359
10.2405
10.237
10.2503
10.2451
10.2434
10.2314
10.2329
10.247
10.2474
10.2379
10.2413
10.2397
10.245
10.2434
10.2469
10.2386
10.2447
10.2347
10.2448
10.2404
10.2391
10.2452
10.2427
10.2411
10.2462
10.2414
10.2479
10.2458
10.2462
10.241
10.2399
10.2411
10.2525
10.2382
10.2383
10.2405
10.2459
10.2447
10.2409
10.2344
10.2421
10.246
10.2481
10.2363
10.2398
10.2453
10.2385
10.2435
10.236
10.2473
10.2396
10.2381
10.2422
10.2392
10.2411
10.2448
10.2476
10.2355
10.2427
10.2408
10.2423
10.2451
10.2348
10.2439
10.2441
10.2423
10.2378
10.2415
10.2451
10.2462
10.2514
10.2407
10.2505
10.2422
10.2418
10.2391
10.2355
10.2396
10.2441
10.2392
10.2447
10.2435
10.2405
10.2417
10.2408
10.2356
10.2359
10.2362
10.2439
10.2433
10.2344
10.2342
10.2369
10.2484
10.2348
10.2384
10.2482
10.2463
10.2504
10.2458
10.2445
10.2334
10.2359
10.2417
10.242
10.2403
10.2448
10.2431
10.2424
10.2344
10.2391
10.2418
10.2455
10.2418
10.2439
10.246
10.2424
10.2386
10.2385
10.2314
10.2427
10.2353
10.2435
10.2461
10.2412
10.2346
10.2312
10.2498
10.2405
10.2413
10.2457
10.2342
10.2449
10.2458
10.2381
10.2342
10.2405
10.2379
10.2378
10.2387
10.2444
10.2412
10.2349
10.24
10.2399
10.2388
10.2409
10.2397
10.242
10.2394
10.2393
10.2472
10.2363
10.2352
10.2324
10.2407
10.2455
10.2434
10.2433
10.2388
10.246
10.2446
10.2382
10.2486
10.2459
10.2379
10.2401
10.2403
10.2457
10.246
10.2368
10.2401
10.2424
10.2419
10.2433
10.2431
10.2426
10.2342
10.2386
10.2375
10.2447
10.2489
10.2463
10.2418
10.25
10.2448
10.2433
10.2493
10.2437
10.2398
10.2385
10.2324
10.2459
10.2437
10.2415
10.2382
10.2436
10.2377
10.2402
10.2358
10.2404
10.2421
10.2443
10.2372
10.2375
10.2441
10.2395
10.2406
10.2463
10.2418
10.2414
10.2426
10.238
10.235
10.248
10.2481
10.2507
10.2437
10.2352
10.2431
10.2482
10.2388
10.2377
10.2467
10.2469
10.2431
10.2401
10.2411
10.2398
10.2386
10.2383
10.2378
10.2389
10.2499
10.2416
10.2313
10.2419
10.2407
10.2475
10.2456
10.2439
10.2453
10.2406
10.2382
10.2383
10.2435
10.2454
10.2466
10.236
10.2416
10.2382
10.2441
10.2469
10.2387
10.2399
10.2416
10.2372
10.2429
10.2446
10.2441
10.2376
10.2408
10.2416
10.2335
10.2374
10.2507
10.2413
10.2449
10.234
10.2394
10.2373
10.2384
10.2397
10.2395
10.2455
10.2356
10.2469
10.2368
10.2425
10.2322
10.2479
10.229
10.2402
10.239
10.2413
10.2407
10.2419
10.2475
10.2392
10.2349
10.2476
10.2428
10.2451
10.2509
10.2409
10.237
10.2335
10.2473
10.2401
10.2378
10.2376
10.2392
10.2408
10.2419
10.2421
10.2359
10.242
10.2419
10.2425
10.2443
10.2444
10.2375
10.2437
10.2405
10.2427
10.2462
10.2448
10.2461
10.2362
10.242
10.243
10.2347
10.2335
10.234
10.2423
10.2426
10.2445
10.2424
10.2413
10.2476
10.2305
10.2404
10.2379
10.2434
10.2438
10.2401
10.2448
10.2294
10.2413
10.2381
10.2515
10.245
10.2441
10.2361
10.2397
10.2474
10.2452
10.2373
10.2415
10.2434
10.2375
10.2459
10.2461
10.2421
10.2357
10.2387
10.2482
10.2423
10.2409
10.238
10.2398
10.2465
10.2442
10.2457
10.2398
10.2405
10.2409
10.2422
10.2397
10.2432
10.2434
10.2423
10.2436
10.2517
10.2477
10.2449
10.2451
10.2393
10.2438
10.2398
10.2396
10.241
10.2491
10.2446
10.2486
10.2354
10.2371
10.2453
10.2365
10.2469
10.2393
10.2383
10.2408
10.232
10.239
10.2416
10.2507
10.2481
10.2505
10.2332
10.2464
10.2404
10.2468
10.2474
10.2417
10.2408
10.2334
10.24
10.2417
10.2436
10.235
10.2411
10.2449
10.2319
10.2439
10.2464
10.2357
10.2479
10.238
10.2406
10.2417
10.246
10.2397
10.2395
10.2427
10.2481
10.2469
10.2452
10.2327
10.2416
10.2431
10.249
10.2361
10.2321
10.2406
10.2384
10.2446
10.242
10.2393
10.2358
10.2489
10.2398
10.2411
10.2377
10.2478
10.2419
10.2402
10.2388
10.2445
10.2397
10.2429
10.2394
10.2375
10.2337
10.2383
10.2366
10.2319
10.2409
10.2385
10.2324
10.2447
10.2417
10.2345
10.2417
10.2379
10.2453
10.2398
10.2446
10.2381
10.2447
10.2385
10.2422
10.243
10.2419
10.2434
10.2436
10.2434
10.2394
10.2462
10.24
10.2396
10.2354
10.2488
10.2382
10.2437
10.2397
10.241
10.2346
10.2398
10.2363
10.2385
10.241
10.2336
10.2411
10.2505
10.2412
10.2407
10.249
10.2399
10.2367
10.2468
10.238
10.2471
10.2395
10.2349
10.2403
10.2443
10.234
10.2392
10.2419
10.2383
10.2503
10.2315
10.2401
10.2428
10.2378
10.2461
10.2415
10.2455
10.2495
10.2396
10.2391
10.2448
10.2456
10.2464
10.2376
10.2415
10.2364
10.247
10.2381
10.2421
10.2434
10.2493
10.239
10.2366
10.2387
10.2361
10.2525
10.2319
10.2439
10.2384
10.2465
10.2383
10.245
10.2425
10.235
10.2402
10.2374
10.2479
10.2416
10.2475
10.2428
10.2296
10.2465
10.2444
10.2415
10.2452
10.2543
10.2375
10.2454
10.2424
10.2474
10.2389
10.2401
10.2366
10.2439
10.2419
10.2478
10.2406
10.243
10.2396
10.2401
10.2464
10.2397
10.2438
10.2442
10.2318
10.2356
10.2415
10.2391
10.24
10.2466
10.2404
10.2402
10.2443
10.2343
10.2384
10.2388
10.2452
10.2452
10.2325
10.2423
10.2533
10.2457
10.2424
10.2401
10.2419
10.2391
10.2449
10.2428
10.2392
10.2323
10.242
10.2403
10.2384
10.2475
10.2349
10.2369
10.241
10.2412
10.2426
10.2364
10.2501
10.2438
10.2391
10.2465
10.2437
10.2471
10.2471
10.2409
10.2437
10.242
10.2475
10.2362
10.2368
10.2369
10.2387
10.2388
10.2412
10.2401
10.2362
10.2396
10.2386
10.2317
10.2329
10.2441
10.241
10.2481
10.24
10.2406
10.2473
10.2477
10.2422
10.2423
10.2359
10.2421
10.2413
10.2413
10.2411
10.2432
10.2382
10.2458
10.2391
10.2403
10.2407
10.244
10.2389
10.2431
10.2316
10.2402
10.2475
10.2376
10.244
10.2381
10.2481
10.2444
10.2434
10.2406
10.2444
10.243
10.2368
10.2488
10.2337
10.2429
10.2417
10.2474
10.2436
10.2379
10.2454
10.2384
10.2346
10.2402
10.2389
10.2401
10.2449
10.2473
10.2375
10.2441
10.2373
10.239
10.2462
10.2444
10.2394
10.2417
10.2459
10.2364
10.2418
10.2404
10.2468
10.2358
10.2437
10.2382
10.2338
10.2431
10.2398
10.2458
10.244
10.2428
10.2446
10.2387
10.2376
10.2429
10.2441
10.2401
10.2477
10.2445
10.2423
10.2461
10.2437
10.2531
10.2347
10.2339
10.239
10.243
10.2471
10.2415
10.2386
10.2404
10.245
10.2483
10.2368
10.2399
10.2444
10.2311
10.2378
10.2365
10.2406
10.2511
10.2379
10.237
10.2536
10.2439
10.2427
10.2448
10.2392
10.2462
10.2418
10.2406
10.2344
10.2422
10.2393
10.2434
10.2403
10.2417
10.2439
10.2388
10.2419
10.2451
10.2438
10.2385
10.2382
10.2393
10.2399
10.2339
10.2371
10.2463
10.2398
10.236
10.2451
10.2468
10.2394
10.2471
10.2361
10.2391
10.2404
10.2398
10.2374
10.2531
10.2397
10.238
10.2382
10.2418
10.2326
10.2446
10.2393
10.2455
10.2449
10.2417
10.2456
10.238
10.2361
10.2401
10.2479
10.2453
10.2405
10.2457
10.2405
10.245
10.245
10.2453
10.2394
10.2369
10.2415
10.238
10.2416
10.2407
10.2484
10.2417
10.244
10.2471
10.2478
10.2459
10.2438
10.2446
10.2419
10.2415
10.244
10.2428
10.2464
10.2385
10.2412
10.2441
10.2382
10.2345
10.2372
10.2388
10.2356
10.2503
10.2433
10.2409
10.2482
10.2425
10.248
10.2472
10.2402
10.245
10.2406
10.2413
10.2416
10.2423
10.2497
10.2483
10.2474
10.2384
10.237
10.2387
10.2399
10.2442
10.2378
10.2394
10.2425
10.2446
10.2381
10.2409
10.2444
10.2433
10.2378
10.244
10.2455
10.2436
10.2458
10.2415
10.2418
10.2426
10.2348
10.2473
10.2451
10.2361
10.2461
10.2368
10.2386
10.2391
10.2422
10.2441
10.2375
10.2418
10.2421
10.2347
10.2454
10.2401
10.243
10.2418
10.2406
10.2367
10.242
10.2439
10.2443
10.2456
10.2393
10.2401
10.2393
10.2465
10.2443
10.2444
10.2458
10.2376
10.2463
10.243
10.2466
10.2398
10.2494
10.2412
10.2417
10.2418
10.2397
10.2505
10.243
10.2477
10.2414
10.2454
10.237
10.2452
10.2365
10.2443
10.2386
10.2414
10.2429
10.2409
10.2463
10.2329
10.2403
10.2443
10.2381
10.2379
10.2374
10.2382
10.241
10.243
10.2426
10.2341
10.2438
10.2355
10.252
10.2419
10.2414
10.2451
10.2417
10.2397
10.252
10.2468
10.244
10.2396
10.2363
10.2329
10.2411
10.2399
10.2423
10.2376
10.2469
10.2383
10.2466
10.2405
10.2432
10.2467
10.2373
10.2364
10.2502
10.2493
10.2404
10.2401
10.2438
10.2459
10.2437
10.233
10.2466
10.244
10.2455
10.2462
10.238
10.2442
10.2357
10.2463
10.2457
10.2458
10.24
10.2384
10.2381
10.2442
10.2465
10.2368
10.2412
10.2381
10.2451
10.2477
10.2381
10.2375
10.243
10.2368
10.2367
10.2424
10.2427
10.2423
10.2375
10.2376
10.2407
10.237
10.2414
10.2375
10.2361
10.2413
10.2442
10.2369
10.2313
10.249
10.2314
10.2403
10.2479
10.2381
10.243
10.2357
10.2424
10.2377
10.239
10.2466
10.2483
10.2414
10.235
10.2385
10.2449
10.2414
10.2414
10.2415
10.2343
10.2384
10.2467
10.2363
10.2385
10.2486
10.2427
10.239
10.245
10.2438
10.2399
10.23
10.2474
10.2373
10.2437
10.2401
10.2348
10.2404
10.2487
10.2428
10.2457
10.2358
10.2408
10.2493
10.239
10.2472
10.243
10.242
10.2369
10.239
10.2441
10.2356
10.2444
10.2411
10.2475
10.2393
10.2458
10.2432
10.2424
10.2459
10.2422
10.2461
10.2508
10.2321
10.2436
10.2449
10.2375
10.2392
10.2415
10.2447
10.2479
10.2466
10.2342
10.24
10.2425
10.2511
10.2387
10.2512
10.2461
10.234
10.2466
10.2407
10.2429
10.2412
10.236
10.2418
10.2375
10.2435
10.2418
10.2383
10.2401
10.2399
10.2496
10.2416
10.2369
10.2373
10.2426
10.2415
10.2414
10.2408
10.2428
10.2443
10.235
10.2371
10.2399
10.2354
10.2415
10.2427
10.2408
10.2457
10.2398
10.2406
10.2336
10.2439
10.2404
10.2412
10.2443
10.2428
10.233
10.2413
10.2423
10.2459
10.2413
10.2454
10.2434
10.2444
10.2393
10.2441
10.2375
10.2455
10.236
10.2392
10.2414
10.2456
10.235
10.2482
10.2404
10.2345
10.2427
10.2453
10.2381
10.2411
10.2536
10.2388
10.2423
10.2436
10.2455
10.2385
10.2454
10.2469
10.2471
10.2437
10.2482
10.2427
10.248
10.2389
10.251
10.2414
10.2405
10.2396
10.2453
10.2391
10.2424
10.2399
10.2451
10.2455
10.2391
10.2425
10.2437
10.2367
10.2373
10.2448
10.2368
10.239
10.2374
10.2492
10.2499
10.2423
10.2366
10.244
10.2398
10.2434
10.2415
10.2423
10.2359
10.244
10.2351
10.2474
10.2403
10.2377
10.2488
10.2428
10.2445
10.2477
10.2361
10.2404
10.245
10.2419
10.2367
10.2447
10.2412
10.2417
10.2434
10.2376
10.2437
10.2464
10.2444
10.2388
10.2395
10.244
10.2416
10.2374
10.2376
10.2419
10.246
10.2454
10.2399
10.2356
10.2434
10.2371
10.2446
10.2365
10.2448
10.2468
10.2459
10.2402
10.2383
10.2363
10.2485
10.2396
10.2399
10.2416
10.2405
10.2432
10.2399
10.2402
10.2415
10.2525
10.2466
10.2406
10.2439
10.2382
10.2478
10.2329
10.2343
10.2399
10.2447
10.2473
10.238
10.2378
10.2451
10.245
10.2449
10.2389
10.2439
10.2378
10.2401
10.2422
10.2382
10.2342
10.2482
10.2453
10.2309
10.2514
10.2404
10.2387
10.2414
10.2395
10.2398
10.2388
10.2434
10.2323
10.2501
10.2431
10.2381
10.2433
10.2384
10.2347
10.2353
10.2411
10.2376
10.2459
10.2392
10.2396
10.2408
10.2439
10.2471
10.2473
10.2486
10.2465
10.237
10.2339
10.2461
10.2375
10.2357
10.2478
10.2438
10.2412
10.2455
10.2373
10.2411
10.2445
10.2404
10.2364
10.239
10.2394
10.2448
10.242
10.2397
10.2452
10.2403
10.2379
10.2376
10.2384
10.243
10.2407
10.2474
10.2509
10.2389
10.2402
10.2272
10.2462
10.2438
10.2392
10.2477
10.2385
10.2395
10.2408
10.2399
10.2403
10.2368
10.2324
10.2437
10.2396
10.2348
10.2394
10.2391
10.2426
10.2393
10.2357
10.2332
10.2462
10.2348
10.2329
10.2346
10.2498
10.2372
10.2412
10.2463
10.2469
10.2431
10.2398
10.2424
10.2369
10.2403
10.2381
10.2382
10.2395
10.2405
10.241
10.2352
10.2444
10.245
10.236
10.2467
10.238
10.2457
10.2422
10.2459
10.2432
10.2446
10.2451
10.2433
10.2518
10.2354
10.2417
10.2362
10.2486
10.24
10.2336
10.2408
10.2393
10.2471
10.2435
10.2469
10.2486
10.2486
10.2322
10.2412
10.2376
10.239
10.2329
10.2399
10.2411
10.2436
10.244
10.2454
10.2457
10.2355
10.2444
10.2406
10.2368
10.2433
10.2335
10.2388
10.2439
10.2351
10.2417
10.2432
10.2413
10.2408
10.2422
10.2446
10.2454
10.2417
10.2422
10.2491
10.2407
10.2386
10.2469
10.2481
10.2414
10.2421
10.2338
10.233
10.2509
10.2431
10.2451
10.2432
10.2355
10.2508
10.2481
10.2374
10.2416
10.2347
10.2473
10.2444
10.243
10.2393
10.2472
10.2406
10.2456
10.2444
10.2449
10.2343
10.2377
10.2476
10.2394
10.2427
10.2404
10.2366
10.2456
10.2316
10.2456
10.2401
10.2413
10.2474
10.2366
10.2407
10.2432
10.2381
10.2382
10.2428
10.2414
10.2399
10.2396
10.2448
10.2394
10.2467
10.2402
10.2421
10.2495
10.24
10.2399
10.2413
10.2408
10.2414
10.2407
10.2409
10.2449
10.2523
10.2426
10.2393
10.2402
10.242
10.2499
10.2449
10.2386
10.2389
10.2443
10.2446
10.2407
10.2397
10.2348
10.2415
10.2413
10.2391
10.2467
10.2403
10.2449
10.2421
10.243
10.2389
10.2404
10.247
10.2425
10.2435
10.2446
10.2436
10.2411
10.2432
10.2383
10.2359
10.2344
10.2409
10.2466
10.2408
10.2475
10.2381
10.2381
10.2459
10.2401
10.2377
10.2461
10.2412
10.2476
10.2482
10.2476
10.2407
10.2548
10.2446
10.234
10.2386
10.2433
10.2471
10.2429
10.236
10.235
10.243
10.2348
10.2422
10.2362
10.2443
10.2422
10.2311
10.2451
10.2387
10.2502
10.2371
10.2362
10.2442
10.2419
10.2346
10.2444
10.2441
10.2424
10.2421
10.2375
10.2432
10.2358
10.2439
10.2482
10.2436
10.2343
10.239
10.248
10.2377
10.2397
10.2419
10.2416
10.2389
10.2485
10.2419
10.2413
10.2405
10.2402
10.2482
10.2451
10.2401
10.2368
10.2407
10.2439
10.24
10.2457
10.2405
10.2433
10.2396
10.2472
10.2435
10.2444
10.2437
10.2362
10.2442
10.2427
10.2444
10.2397
10.2456
10.2357
10.2459
10.2477
10.2478
10.2405
10.2388
10.2441
10.2452
10.2408
10.2498
10.2411
10.2376
10.2462
10.2483
10.238
10.2427
10.2376
10.2438
10.2526
10.239
10.2412
10.2488
10.2451
10.2397
10.2404
10.2459
10.2394
10.2462
10.2339
10.2413
10.2445
10.235
10.2377
10.2398
10.2473
10.2404
10.2443
10.2391
10.2424
10.2458
10.2442
10.2421
10.2382
10.2355
10.2424
10.2458
10.2527
10.2398
10.2377
10.2432
10.2438
10.2392
10.2351
10.2382
10.2469
10.2445
10.2419
10.2405
10.245
10.2465
10.2397
10.2385
10.2438
10.2458
10.2447
10.2413
10.2448
10.2372
10.2419
10.2447
10.2375
10.2407
10.2417
10.2428
10.2345
10.2439
10.2511
10.239
10.2419
10.2399
10.2408
10.2391
10.2412
10.2397
10.2401
10.2452
10.2428
10.2438
10.2481
10.238
10.2417
10.2386
10.249
10.2377
10.2454
10.246
10.243
10.2443
10.2403
10.2474
10.2402
10.2468
10.24
10.2424
10.2345
10.2451
10.2383
10.2442
10.2454
10.2402
10.239
10.2312
10.2501
10.2462
10.2375
10.2445
10.2451
10.2449
10.2438
10.2434
10.2457
10.2409
10.2363
10.2351
10.2411
10.2456
10.2385
10.2455
10.2554
10.2404
10.247
10.2374
10.2437
10.2392
10.253
10.2369
10.2461
10.2416
10.2517
10.2378
10.2388
10.2391
10.2448
10.2397
10.2376
10.2378
10.237
10.244
10.2469
10.2472
10.2419
10.2473
10.2455
10.2376
10.2443
10.2374
10.2422
10.2424
10.2397
10.2442
10.2422
10.2436
10.2388
10.2446
10.2406
10.2372
10.2331
10.2421
10.2437
10.2372
10.2358
10.2352
10.2399
10.2309
10.2397
10.2386
10.2397
10.2372
10.2393
10.2452
10.2381
10.2425
10.2414
10.2407
10.2381
10.2384
10.2336
10.2429
10.2414
10.2314
10.2466
10.2417
10.2384
10.2398
10.2451
10.2402
10.2341
10.2437
10.2435
10.2409
10.2495
10.2394
10.2328
10.2435
10.2396
10.2392
10.2434
10.2422
10.236
10.2511
10.2423
10.246
10.2445
10.2352
10.2386
10.2397
10.2384
10.2426
10.2432
10.2446
10.2428
10.2422
10.2417
10.2465
10.2328
10.2366
10.2389
10.2439
10.2393
10.2407
10.2392
10.2399
10.2388
10.2418
10.2379
10.2434
10.2392
10.2406
10.2468
10.2403
10.2382
10.2444
10.2449
10.243
10.2456
10.2429
10.2361
10.2372
10.2428
10.2466
10.2378
10.2382
10.2428
10.2418
10.2336
10.2378
10.2401
10.247
10.2437
10.2368
10.2397
10.2369
10.2426
10.2427
10.2433
10.233
10.2431
10.244
10.2314
10.2423
10.2413
10.2453
10.2498
10.2357
10.2471
10.2334
10.2438
10.2429
10.2436
10.2377
10.2452
10.2391
10.2443
10.2403
10.2478
10.2395
10.2354
10.2352
10.2377
10.2364
10.2475
10.2348
10.2445
10.2406
10.248
10.2471
10.2463
10.2402
10.2374
10.2366
10.2323
10.2403
10.2371
10.2428
10.2461
10.2408
10.2402
10.242
10.2406
10.2407
10.2424
10.2446
10.2399
10.2432
10.2398
10.2415
10.2476
10.2455
10.2391
10.2426
10.2411
10.2423
10.2364
10.2388
10.2362
10.2315
10.2432
10.2376
10.2412
10.2438
10.2385
10.2422
10.2388
10.2432
10.2427
10.2341
10.2414
10.2373
10.2409
10.24
10.242
10.2418
10.2414
10.2432
10.2438
10.2367
10.2428
10.2397
10.2381
10.2364
10.2394
10.2419
10.2465
10.2432
10.2395
10.2387
10.2373
10.2435
10.2407
10.243
10.2387
10.2402
10.2416
10.2474
10.2364
10.2379
10.245
10.2358
10.2327
10.2483
10.2431
10.2406
10.2417
10.2318
10.2329
10.2456
10.2459
10.2391
10.2353
10.2466
10.2393
10.2415
10.2432
10.2382
10.2474
10.243
10.2354
10.2364
10.242
10.2464
10.2466
10.238
10.2396
10.2329
10.2485
10.2402
10.2445
10.2375
10.2355
10.2311
10.2403
10.2417
10.2355
10.2429
10.2421
10.2412
10.2432
10.239
10.2492
10.2467
10.24
10.2425
10.2381
10.2374
10.2398
10.2413
10.2446
10.2385
10.2442
10.2445
10.2447
10.2424
10.2457
10.237
10.2467
10.247
10.244
10.2402
10.2397
10.2347
10.2364
10.2405
10.254
10.2451
10.2463
10.2337
10.2436
10.2352
10.241
10.2493
10.2415
10.2382
10.2449
10.2399
10.2452
10.2445
10.2437
10.2419
10.2446
10.251
10.2369
10.2426
10.238
10.244
10.2405
10.2359
10.2511
10.2455
10.2481
10.2419
10.2415
10.251
10.2409
10.2416
10.2455
10.2379
10.2439
10.2425
10.2397
10.2447
10.2337
10.2456
10.2469
10.2333
10.2525
10.2459
10.2389
10.2464
10.2412
10.2362
10.2424
10.2424
10.2442
10.246
10.2408
10.2386
10.2376
10.2413
10.2498
10.2475
10.24
10.2485
10.24
10.2381
10.2413
10.2429
10.2374
10.2474
10.2398
10.2381
10.2399
10.2354
10.2395
10.2369
10.2479
10.2451
10.2491
10.2399
10.2483
10.2298
10.2336
10.238
10.2316
10.2422
10.2379
10.2459
10.2422
10.2403
10.2403
10.2402
10.2464
10.2383
10.2416
10.2369
10.2445
10.2402
10.2485
10.2439
10.2468
10.2503
10.2475
10.2406
10.2477
10.2444
10.2397
10.2396
10.2339
10.2458
10.2446
10.241
10.244
10.2432
10.2419
10.2423
10.2392
10.2369
10.2385
10.2468
10.2432
10.237
10.2443
10.2474
10.2306
10.2342
10.2416
10.2418
10.2461
10.2348
10.2458
10.2472
10.2464
10.2411
10.2444
10.2378
10.2355
10.2432
10.2396
10.2523
10.2404
10.2489
10.2387
10.2337
10.2424
10.24
10.2466
10.2369
10.245
10.2412
10.2422
10.2466
10.2389
10.2461
10.2377
10.2436
10.2376
10.2393
10.2404
10.2433
10.2359
10.2424
10.2466
10.2404
10.2366
10.2463
10.2451
10.2409
10.2357
10.2325
10.2458
10.241
10.2467
10.2436
10.2418
10.2404
10.2433
10.2405
10.2459
10.2415
10.242
10.2516
10.2405
10.2414
10.249
10.2388
10.2394
10.2401
10.2428
10.2341
10.2482
10.2363
10.2411
10.2415
10.2397
10.245
10.2389
10.2476
10.2384
10.2379
10.2391
10.2301
10.2466
10.238
10.2406
10.2472
10.2409
10.2345
10.2412
10.2393
10.2316
10.2396
10.2398
10.2403
10.2343
10.2422
10.2325
10.2346
10.2432
10.2453
10.2407
10.2458
10.2435
10.2391
10.2449
10.248
10.242
10.2399
10.2386
10.2377
10.2418
10.2355
10.2406
10.2355
10.237
10.242
10.2339
10.2393
10.2459
10.2379
10.2409
10.2463
10.2381
10.2404
10.24
10.2337
10.2448
10.2466
10.2401
10.2369
10.2392
10.2395
10.2449
10.2462
10.2372
10.2336
10.2353
10.2437
10.2535
10.2435
10.2386
10.2361
10.2389
10.2413
10.241
10.2391
10.2324
10.2426
10.2454
10.2393
10.2397
10.2433
10.2368
10.2458
10.2403
10.2431
10.2425
10.251
10.2432
10.2324
10.2416
10.2422
10.2416
10.2418
10.2403
10.2378
10.2529
10.2432
10.2434
10.239
10.2335
10.2342
10.237
10.2408
10.2423
10.232
10.2382
10.2383
10.2399
10.2426
10.234
10.2411
10.2364
10.2437
10.2361
10.2472
10.234
10.2442
10.2501
10.2411
10.2421
10.2458
10.2447
10.2411
10.2408
10.2373
10.2493
10.2367
10.2421
10.2321
10.2399
10.2445
10.2413
10.2419
10.2422
10.2388
10.2357
10.2395
10.2359
10.2407
10.2361
10.2455
10.2357
10.2415
10.2386
10.2427
10.2387
10.2452
10.2376
10.2418
10.2305
10.2473
10.2433
10.244
10.2418
10.239
10.2315
10.2456
10.2443
10.2392
10.2435
10.2326
10.2392
10.2383
10.2502
10.2418
10.2417
10.236
10.2399
10.2429
10.2432
10.2347
10.2314
10.2334
10.2409
10.2465
10.2386
10.2351
10.2341
10.2436
10.2476
10.2373
10.2411
10.2402
10.242
10.2421
10.2418
10.2444
10.2353
10.2447
10.2429
10.2388
10.2361
10.2339
10.2341
10.2471
10.2414
10.244
10.2404
10.2371
10.2413
10.2405
10.2331
10.2445
10.2447
10.2438
10.241
10.2352
10.245
10.2383
10.237
10.2404
10.234
10.2351
10.248
10.2394
10.2405
10.2505
10.2416
10.2403
10.2445
10.2365
10.2412
10.2464
10.2435
10.2483
10.2384
10.2417
10.2355
10.2398
10.2342
10.2405
10.2465
10.2411
10.2432
10.2456
10.2412
10.2437
10.2425
10.236
10.2386
10.246
10.2406
10.2382
10.2463
10.2383
10.2452
10.2423
10.2515
10.2439
10.2455
10.2397
10.234
10.2393
10.2446
10.2433
10.2478
10.2503
10.2438
10.2379
10.2542
10.2439
10.2463
10.2318
10.2442
10.2462
10.2415
10.2399
10.2385
10.2445
10.2439
10.2373
10.2397
10.2395
10.2347
10.2419
10.2383
10.2369
10.2385
10.239
10.2394
10.2468
10.2384
10.2455
10.2417
10.2421
10.2417
10.2401
10.2403
10.2418
10.2399
10.2437
10.247
10.2504
10.2529
10.2343
10.2411
10.243
10.2495
10.2461
10.2407
10.2434
10.2461
10.2322
10.2391
10.2363
10.2401
10.2328
10.2404
10.2428
10.2496
10.243
10.2386
10.2438
10.2412
10.242
10.248
10.243
10.2398
10.2451
10.2462
10.2337
10.2448
10.236
10.2434
10.2505
10.2308
10.2479
10.2455
10.2423
10.2434
10.238
10.2395
10.2416
10.2417
10.2412
10.2396
10.2415
10.2386
10.2472
10.236
10.2446
10.2387
10.2495
10.2445
10.2422
10.2439
10.2451
10.2354
10.2449
10.2364
10.2354
10.2411
10.2395
10.2332
10.242
10.2413
10.2367
10.2375
10.2416
10.2429
10.2392
10.2448
10.2365
10.2403
10.2427
10.2461
10.2415
10.2474
10.2416
10.2363
10.2402
10.2428
10.2515
10.2432
10.2458
10.2334
10.2403
10.2352
10.2417
10.2395
10.2379
10.2384
10.2428
10.2422
10.2387
10.2413
10.2371
10.2439
10.2366
10.2404
10.247
10.2463
10.2355
10.2408
10.2348
10.2413
10.2409
10.237
10.2454
10.244
10.2392
10.2444
10.254
10.2362
10.2448
10.2389
10.2462
10.2401
10.2412
10.2461
10.2465
10.2394
10.2352
10.239
10.2312
10.2412
10.2492
10.2409
10.2506
10.2389
10.2462
10.2421
10.2479
10.2435
10.2353
10.2413
10.2402
10.2495
10.2369
10.2382
10.2446
10.2345
10.2443
10.2389
10.2399
10.2326
10.2468
10.2347
10.2497
10.2429
10.2479
10.2461
10.2445
10.2356
10.2442
10.2434
10.2389
10.2376
10.2344
10.2393
10.247
10.2372
10.238
10.2445
10.2419
10.2399
10.2419
10.2427
10.2385
10.2443
10.2444
10.2447
10.2454
10.2434
10.2449
10.2451
10.2463
10.24
10.247
10.2438
10.2366
10.234
10.2453
10.241
10.2371
10.2441
10.2377
10.2375
10.2322
10.2445
10.2386
10.2458
10.2411
10.2382
10.2462
10.2428
10.2441
10.2446
10.2417
10.2332
10.2437
10.2368
10.2405
10.2488
10.2435
10.2453
10.2395
10.2372
10.2406
10.2383
10.2371
10.2342
10.2386
10.2407
10.2414
10.2432
10.2374
10.2383
10.244
10.2394
10.2415
10.2441
10.2437
10.2414
10.242
10.2348
10.2521
10.2363
10.2404
10.2379
10.2453
10.2378
10.244
10.2407
10.2425
10.2439
10.2359
10.2358
10.2371
10.2385
10.2433
10.2509
10.2471
10.2429
10.2409
10.2431
10.2474
10.2454
10.248
10.2398
10.2402
10.2445
10.2372
10.2371
10.2373
10.2438
10.2368
10.2354
10.2324
10.2391
10.2483
10.2418
10.2461
10.2398
10.2326
10.2414
10.2378
10.2412
10.2364
10.242
10.2321
10.2495
10.242
10.2462
10.2491
10.2388
10.2381
10.2389
10.2389
10.2446
10.2287
10.2408
10.241
10.2372
10.238
10.2432
10.2387
10.2465
10.2465
10.236
10.2391
10.2437
10.2458
10.2394
10.2416
10.2319
10.2431
10.2368
10.2345
10.2311
10.236
10.2411
10.2458
10.2422
10.2501
10.2419
10.2501
10.2434
10.251
10.2445
10.2418
10.2441
10.2422
10.2373
10.2386
10.2448
10.2368
10.2363
10.2405
10.2435
10.2429
10.2405
10.2438
10.2365
10.2426
10.2397
10.2339
10.2402
10.24
10.2342
10.2435
10.2421
10.2368
10.2418
10.2484
10.2506
10.2454
10.2428
10.2436
10.2356
10.243
10.2414
10.2395
10.2477
10.2431
10.232
10.2451
10.2427
10.2425
10.2459
10.241
10.2449
10.2464
10.2473
10.2447
10.236
10.2427
10.2404
10.2441
10.2449
10.2393
10.235
10.2384
10.238
10.244
10.2427
10.2446
10.2458
10.2465
10.2442
10.2373
10.2363
10.2385
10.2359
10.2478
10.2503
10.2424
10.2334
10.2486
10.2427
10.2417
10.2419
10.2364
10.2419
10.2439
10.2422
10.2374
10.2462
10.2421
10.2375
10.2383
10.237
10.2363
10.2364
10.2495
10.2468
10.2426
10.2361
10.249
10.2363
10.2409
10.2409
10.2432
10.2384
10.2406
10.2387
10.2487
10.2355
10.2464
10.2465
10.2342
10.2413
10.2359
10.2349
10.2405
10.2481
10.2452
10.2423
10.2422
10.2441
10.2436
10.2397
10.241
10.2439
10.2399
10.2348
10.2423
10.2441
10.2425
10.2387
10.2456
10.2481
10.2408
10.2433
10.237
10.2354
10.2402
10.2461
10.2352
10.2424
10.2392
10.238
10.2427
10.2437
10.2416
10.2342
10.2351
10.2365
10.2347
10.2466
10.232
10.2482
10.2373
10.2432
10.2437
10.2424
10.2354
10.2502
10.2394
10.2386
10.2379
10.2452
10.2402
10.2393
10.2443
10.2327
10.2433
10.2333
10.2465
10.2418
10.2401
10.2491
10.2435
10.2411
10.242
10.2438
10.2352
10.246
10.2394
10.2415
10.2394
10.2472
10.2429
10.2393
10.2368
10.2444
10.2332
10.2437
10.2391
10.2469
10.2513
10.2395
10.2468
10.2399
10.2396
10.2426
10.2379
10.2439
10.2375
10.2414
10.2452
10.241
10.2456
10.2389
10.242
10.2438
10.2439
10.2325
10.2465
10.2404
10.2402
10.2345
10.2383
10.2448
10.241
10.2363
10.2392
10.2457
10.2446
10.2422
10.2349
10.2447
10.2447
10.2444
10.2457
10.2328
10.2405
10.2396
10.2392
10.2359
10.2426
10.2347
10.2443
10.2438
10.2398
10.2377
10.2388
10.2356
10.2377
10.2413
10.2468
10.2532
10.2425
10.2401
10.2345
10.2404
10.238
10.2412
10.2399
10.2451
10.2422
10.2413
10.2454
10.2398
10.2384
10.2391
10.2416
10.2433
10.2416
10.2453
10.2427
10.2454
10.2379
10.2385
10.2463
10.2484
10.2454
10.2388
10.2366
10.2402
10.2411
10.2448
10.2384
10.2439
10.2386
10.2383
10.2335
10.2473
10.248
10.2414
10.2485
10.2435
10.2414
10.2433
10.2406
10.2338
10.2372
10.2411
10.2402
10.2414
10.2444
10.2428
10.2386
10.2382
10.246
10.2336
10.2458
10.2423
10.2458
10.2353
10.2373
10.2456
10.2372
10.241
10.2366
10.2389
10.236
10.2511
10.2398
10.2451
10.2412
10.2377
10.2376
10.243
10.2431
10.2413
10.2426
10.2346
10.2426
10.2334
10.2406
10.2329
10.2419
10.2414
10.24
10.2388
10.2471
10.2374
10.2386
10.2473
10.2397
10.242
10.2465
10.2338
10.2394
10.2384
10.2351
10.2424
10.2476
10.2436
10.237
10.2403
10.2413
10.2465
10.2377
10.2488
10.2379
10.2453
10.2394
10.2482
10.2413
10.2396
10.2445
10.244
10.2429
10.2348
10.2421
10.2409
10.2481
10.243
10.2442
10.2375
10.2368
10.2435
10.2447
10.2345
10.241
10.2401
10.2383
10.2358
10.2464
10.2454
10.2483
10.2463
10.2412
10.2431
10.2346
10.2403
10.2442
10.2314
10.245
10.2466
10.2404
10.2349
10.2424
10.2394
10.2348
10.2381
10.24
10.2424
10.2408
10.2378
10.2406
10.2351
10.2385
10.2355
10.2424
10.2359
10.2393
10.2429
10.2429
10.2366
10.2467
10.2519
10.2383
10.2473
10.2397
10.2491
10.2371
10.2468
10.242
10.2388
10.2508
10.239
10.2431
10.2409
10.249
10.2387
10.2395
10.2429
10.2453
10.2423
10.2415
10.2388
10.2476
10.2386
10.2383
10.2399
10.2376
10.2365
10.2426
10.2462
10.2359
10.2421
10.238
10.2422
10.2359
10.2439
10.2397
10.2422
10.2391
10.23
10.2403
10.2499
10.2434
10.2373
10.2321
10.2386
10.2405
10.2409
10.2449
10.2393
10.2343
10.2465
10.2393
10.2438
10.2408
10.242
10.2391
10.2374
10.2442
10.2424
10.2427
10.2422
10.2426
10.2404
10.242
10.2335
10.2415
10.2426
10.2419
10.2422
10.2429
10.2393
10.244
10.2389
10.2478
10.2408
10.2348
10.2402
10.2397
10.2433
10.2337
10.2354
10.2426
10.2367
10.246
10.2397
10.2315
10.2394
10.2454
10.2492
10.239
10.2378
10.2374
10.2357
10.239
10.2491
10.2466
10.2446
10.2429
10.2428
10.2419
10.2341
10.2405
10.2417
10.241
10.2426
10.2371
10.245
10.238
10.2395
10.2435
10.2445
10.2451
10.2439
10.2379
10.2413
10.2472
10.2425
10.2398
10.237
10.2446
10.2469
10.2502
10.2349
10.2455
10.2412
10.243
10.2436
10.2448
10.2407
10.2298
10.2443
10.2345
10.2445
10.2392
10.2396
10.248
10.239
10.2373
10.244
10.2408
10.2368
10.2416
10.2358
10.2444
10.2389
10.2448
10.2502
10.2479
10.2462
10.2323
10.241
10.245
10.2405
10.2372
10.2385
10.2422
10.2449
10.239
10.2369
10.2441
10.2423
10.2376
10.2392
10.2408
10.239
10.2419
10.2438
10.2437
10.235
10.2473
10.2454
10.2404
10.2404
10.2453
10.2396
10.229
10.2369
10.2507
10.238
10.2377
10.2512
10.2397
10.2451
10.2343
10.2393
10.2471
10.2376
10.2447
10.243
10.2405
10.2453
10.2461
10.2403
10.2443
10.2447
10.2425
10.2364
10.2432
10.2425
10.2376
10.243
10.2404
10.2354
10.246
10.2336
10.2409
10.2391
10.2379
10.243
10.2441
10.2439
10.2402
10.2443
10.2417
10.2423
10.2386
10.2419
10.2453
10.2438
10.244
10.2439
10.2351
10.2395
10.2457
10.2429
10.2356
10.2437
10.2386
10.2447
10.2425
10.2412
10.245
10.2364
10.2397
10.2388
10.2477
10.237
10.2378
10.2486
10.2347
10.2424
10.2409
10.2409
10.2359
10.2416
10.2392
10.2415
10.2445
10.2426
10.2452
10.2446
10.2327
10.2441
10.2493
10.2482
10.236
10.245
10.2393
10.2399
10.2415
10.2468
10.2426
10.2337
10.2387
10.2412
10.2397
10.2382
10.2408
10.2443
10.2398
10.2386
10.2367
10.2376
10.2402
10.2399
10.2364
10.2487
10.2401
10.2409
10.2458
10.2407
10.2433
10.2424
10.2448
10.236
10.2448
10.2425
10.2398
10.2417
10.2385
10.2381
10.237
10.2395
10.2381
10.2486
10.2458
10.244
10.2412
10.2366
10.2423
10.2311
10.2466
10.2409
10.2449
10.2425
10.2433
10.2424
10.2397
10.2495
10.2478
10.232
10.2418
10.2493
10.2457
10.2416
10.2404
10.2352
10.2432
10.2514
10.2511
10.2436
10.2412
10.2434
10.2388
10.2403
10.2351
10.2373
10.2444
10.2421
10.2458
10.2466
10.2476
10.2474
10.2423
10.2434
10.2396
10.2406
10.2382
10.2418
10.2414
10.2493
10.2301
10.24
10.234
10.2381
10.242
10.2408
10.2405
10.2473
10.2423
10.2432
10.2345
10.2395
10.2425
10.2465
10.2392
10.2457
10.2436
10.2377
10.2409
10.2357
10.241
10.2402
10.2296
10.2401
10.2372
10.2474
10.2431
10.2366
10.2399
10.2365
10.2332
10.2464
10.2414
10.2411
10.2413
10.24
10.241
10.2412
10.2443
10.2469
10.2492
10.2381
10.2385
10.2377
10.2449
10.2391
10.2456
10.242
10.2378
10.2376
10.2465
10.2422
10.242
10.2434
10.2419
10.2399
10.2364
10.2504
10.2482
10.2295
10.239
10.2357
10.2404
10.2387
10.2398
10.2379
10.2441
10.2407
10.2399
10.2442
10.2395
10.2453
10.246
10.2328
10.2369
10.2395
10.2463
10.2397
10.2472
10.2404
10.2383
10.2444
10.2389
10.2388
10.232
10.2438
10.2394
10.2393
10.2359
10.2501
10.2349
10.2378
10.2409
10.2517
10.2439
10.2386
10.244
10.2378
10.2363
10.2432
10.2414
10.2436
10.2435
10.2405
10.2434
10.2418
10.2405
10.2446
10.2373
10.2403
10.2331
10.2448
10.2435
10.2401
10.2429
10.2402
10.2422
10.2379
10.2418
10.2437
10.2468
10.2425
10.2394
10.2392
10.2412
10.243
10.245
10.2422
10.2454
10.2343
10.2391
10.2355
10.2324
10.2485
10.2435
10.2439
10.2449
10.2339
10.2456
10.2448
10.2437
10.2414
10.2369
10.242
10.2478
10.2394
10.2375
10.2454
10.2406
10.2406
10.2375
10.243
10.2414
10.2377
10.2443
10.2397
10.2395
10.238
10.238
10.2439
10.2405
10.2326
10.2422
10.2439
10.2485
10.244
10.2482
10.2426
10.2382
10.2446
10.2369
10.2387
10.2459
10.2406
10.2445
10.2457
10.2371
10.2395
10.2416
10.2442
10.2442
10.2399
10.244
10.2399
10.2438
10.2422
10.2424
10.2463
10.2373
10.246
10.2433
10.241
10.2376
10.2354
10.2325
10.2457
10.2412
10.2339
10.2408
10.2418
10.2362
10.2413
10.2367
10.2351
10.2462
10.2392
10.242
10.2487
10.2371
10.2478
10.2361
10.2371
10.2311
10.2472
10.2386
10.2365
10.2411
10.2464
10.2459
10.2452
10.2425
10.2475
10.2379
10.2411
10.2328
10.2485
10.2389
10.2422
10.2435
10.2434
10.2349
10.2396
10.2441
10.2387
10.2494
10.2502
10.2498
10.2442
10.2376
10.2455
10.2411
10.2423
10.2407
10.2405
10.2462
10.2536
10.2421
10.2409
10.2408
10.2451
10.2357
10.2326
10.2317
10.236
10.2381
10.2477
10.2373
10.243
10.2397
10.2459
10.2384
10.2447
10.2407
10.2351
10.2334
10.2471
10.237
10.2418
10.2359
10.2461
10.2432
10.2362
10.2388
10.2396
10.24
10.2405
10.2467
10.2438
10.2386
10.2464
10.2401
10.2348
10.2448
10.2411
10.2404
10.244
10.2409
10.2433
10.2404
10.2432
10.2423
10.2461
10.2363
10.251
10.2396
10.2423
10.2488
10.2287
10.2369
10.2378
10.2462
10.2429
10.237
10.2422
10.2398
10.2376
10.2434
10.2414
10.2407
10.245
10.2436
10.2403
10.2443
10.2427
10.2428
10.2492
10.2324
10.2397
10.2471
10.2381
10.2427
10.2385
10.2457
10.2429
10.2438
10.2499
10.2414
10.2433
10.2395
10.2434
10.235
10.2437
10.241
10.2411
10.2436
10.2407
10.2519
10.2413
10.2417
10.241
10.242
10.2346
10.2415
10.238
10.2389
10.2352
10.236
10.2437
10.2472
10.2462
10.2408
10.2494
10.2343
10.2413
10.2426
10.2415
10.2406
10.2397
10.2469
10.2356
10.2385
10.2391
10.2443
10.2358
10.2496
10.2423
10.2442
10.2412
10.2427
10.2354
10.2405
10.245
10.2445
10.2385
10.2464
10.2442
10.2355
10.2377
10.2397
10.238
10.2404
10.2479
10.2447
10.2447
10.2432
10.2417
10.2415
10.2385
10.2522
10.2447
10.2412
10.2382
10.2332
10.2477
10.2456
10.2458
10.2353
10.2451
10.246
10.2457
10.232
10.238
10.2455
10.2378
10.2419
10.2371
10.2364
10.2323
10.2335
10.2495
10.2401
10.2403
10.2434
10.247
10.2429
10.2428
10.2466
10.24
10.2451
10.243
10.2389
10.2399
10.2399
10.2479
10.2412
10.2442
10.2406
10.2389
10.2393
10.2425
10.2462
10.2393
10.2457
10.2428
10.246
10.2399
10.2497
10.2445
10.2425
10.2409
10.2435
10.2363
10.2391
10.2456
10.237
10.2435
10.2368
10.246
10.2468
10.2478
10.2378
10.2467
10.2468
10.241
10.2379
10.24
10.2391
10.2472
10.2426
10.2348
10.2425
10.2438
10.2457
10.245
10.2397
10.231
10.2487
10.2372
10.2362
10.2421
10.2367
10.2424
10.2313
10.2484
10.239
10.2421
10.248
10.2463
10.237
10.249
10.2386
10.2394
10.2394
10.2359
10.2407
10.2454
10.2396
10.2404
10.2422
10.2416
10.2427
10.2368
10.2468
10.2416
10.2435
10.2354
10.2449
10.2342
10.2313
10.2384
10.238
10.2423
10.2415
10.2397
10.2445
10.2453
10.2417
10.2526
10.2476
10.2467
10.2475
10.2405
10.2357
10.2428
10.2402
10.2409
10.2352
10.2429
10.2407
10.2366
10.2355
10.2416
10.2469
10.2421
10.2396
10.2442
10.2424
10.2441
10.2431
10.2425
10.2471
10.2464
10.2386
10.2359
10.2397
10.2427
10.2471
10.2467
10.2421
10.2335
10.2338
10.2458
10.2416
10.2413
10.2424
10.239
10.2375
10.2355
10.2374
10.24
10.2388
10.244
10.2392
10.2483
10.2402
10.2462
10.2359
10.2414
10.2372
10.239
10.2356
10.2368
10.2367
10.2409
10.2366
10.2395
10.2321
10.2377
10.244
10.2352
10.2415
10.2305
10.2473
10.2358
10.243
10.2386
10.2363
10.2399
10.2463
10.2448
10.2417
10.2457
10.2368
10.2409
10.2478
10.2349
10.2437
10.2506
10.2452
10.2382
10.2392
10.2458
10.2317
10.2428
10.2412
10.2462
10.2422
10.2398
10.2458
10.2361
10.2408
10.2342
10.2415
10.2448
10.236
10.231
10.2373
10.2415
10.242
10.2355
10.2484
10.2401
10.2367
10.2432
10.2521
10.2373
10.2395
10.2313
10.2328
10.2412
10.2419
10.247
10.2355
10.2383
10.2438
10.241
10.2442
10.2445
10.2383
10.2402
10.2434
10.2418
10.2395
10.2405
10.2357
10.2449
10.2403
10.2385
10.2407
10.2408
10.2476
10.242
10.2444
10.2372
10.243
10.2395
10.2427
10.2398
10.2367
10.2407
10.2452
10.2387
10.2459
10.2452
10.2436
10.2403
10.2439
10.2349
10.2438
10.2399
10.2425
10.2416
10.247
10.2407
10.2337
10.2454
10.2428
10.2375
10.2437
10.248
10.2453
10.2334
10.2466
10.2363
10.2397
10.239
10.2402
10.2399
10.2513
10.242
10.238
10.2471
10.2467
10.2473
10.2334
10.2465
10.2398
10.2427
10.2457
10.2382
10.2389
10.2406
10.2327
10.2374
10.2419
10.2471
10.2397
10.2391
10.2448
10.2371
10.239
10.2411
10.233
10.2387
10.2407
10.2402
10.2434
10.2359
10.2422
10.2366
10.239
10.2371
10.2363
10.239
10.2392
10.2453
10.2315
10.2437
10.2373
10.239
10.2414
10.2417
10.243
10.2428
10.2376
10.2427
10.2383
10.2381
10.2353
10.24
10.2447
10.2355
10.2364
10.24
10.2488
10.2472
10.2313
10.24
10.2369
10.2449
10.2443
10.2424
10.2448
10.2383
10.2327
10.2445
10.2461
10.2416
10.2442
10.243
10.2385
10.2417
10.2435
10.2442
10.2375
10.2403
10.2362
10.2355
10.2416
10.2289
10.2429
10.2378
10.2359
10.2408
10.2466
10.2447
10.2446
10.2362
10.2444
10.243
10.2396
10.2409
10.2471
10.2421
10.2378
10.2436
10.2325
10.2376
10.242
10.2414
10.2401
10.2463
10.236
10.2418
10.2385
10.241
10.243
10.2422
10.2444
10.2339
10.2409
10.2382
10.2419
10.2382
10.2385
10.244
10.2394
10.239
10.2512
10.2449
10.2429
10.2436
10.2319
10.2375
10.2406
10.2372
10.2411
10.2378
10.2406
10.2435
10.2412
10.2433
10.2412
10.2386
10.2404
10.2408
10.2434
10.2446
10.2405
10.2397
10.244
10.2446
10.2375
10.2438
10.2347
10.238
10.239
10.2382
10.2422
10.2397
10.2375
10.236
10.242
10.2433
10.2382
10.241
10.2469
10.2424
10.2431
10.2434
10.2383
10.2376
10.2365
10.2466
10.2391
10.2475
10.2355
10.2431
10.2427
10.2431
10.2431
10.2453
10.2458
10.2432
10.2459
10.2377
10.2455
10.2436
10.2432
10.2449
10.2461
10.2466
10.2391
10.2482
10.2364
10.2438
10.2408
10.2441
10.2372
10.239
10.2336
10.2416
10.2515
10.2319
10.2405
10.2423
10.2391
10.2441
10.2402
10.2422
10.2364
10.2453
10.2419
10.2454
10.2405
10.2396
10.2384
10.2383
10.2338
10.2479
10.2376
10.2374
10.2401
10.2445
10.2411
10.2447
10.2415
10.2489
10.2419
10.2426
10.24
10.237
10.2345
10.2355
10.2454
10.2456
10.244
10.246
10.2368
10.2379
10.2428
10.2483
10.2401
10.244
10.2411
10.2409
10.2451
10.248
10.2382
10.2401
10.2449
10.2483
10.2391
10.2354
10.2467
10.2438
10.2318
10.2395
10.2446
10.2422
10.2394
10.2447
10.2369
10.2474
10.241
10.2443
10.2459
10.2462
10.2406
10.2403
10.2447
10.2442
10.2423
10.2439
10.2401
10.2497
10.2418
10.241
10.2423
10.2374
10.2419
10.2502
10.2395
10.2397
10.2441
10.2402
10.236
10.2316
10.2479
10.2426
10.239
10.2345
10.2457
10.2459
10.2427
10.254
10.2445
10.2433
10.2387
10.2414
10.2511
10.2411
10.2346
10.2361
10.2353
10.241
10.2416
10.24
10.2372
10.2423
10.244
10.2492
10.2341
10.2452
10.2449
10.2453
10.2412
10.2422
10.2461
10.2393
10.239
10.2408
10.2465
10.2399
10.2428
10.2412
10.2421
10.233
10.2507
10.2425
10.2416
10.2465
10.2403
10.238
10.2394
10.2526
10.246
10.2448
10.2483
10.2385
10.2369
10.2423
10.2452
10.2471
10.2382
10.2368
10.2392
10.2391
10.2418
10.2425
10.2463
10.2408
10.2311
10.2389
10.2385
10.2388
10.2424
10.2427
10.2412
10.242
10.2418
10.2417
10.245
10.237
10.2362
10.2448
10.2414
10.23
10.247
10.2435
10.2375
10.2413
10.233
10.2375
10.2429
10.2407
10.237
10.236
10.2392
10.2412
10.2439
10.2359
10.2413
10.2441
10.2419
10.2459
10.2308
10.2358
10.2409
10.2433
10.238
10.2356
10.2321
10.2453
10.233
10.2429
10.2355
10.2328
10.2286
10.2404
10.2402
10.2314
10.2451
10.2518
10.2505
10.2347
10.2419
10.2394
10.2376
10.2372
10.2458
10.244
10.2345
10.2394
10.25
10.2505
10.2447
10.2454
10.2446
10.2395
10.236
10.2346
10.2378
10.2439
10.2534
10.2356
10.2444
10.236
10.2485
10.2457
10.2506
10.2514
10.2421
10.239
10.2419
10.2416
10.2421
10.2351
10.237
10.2395
10.2452
10.2363
10.2433
10.2395
10.238
10.2402
10.2347
10.2293
10.2427
10.2412
10.2356
10.2442
10.2349
10.2427
10.2377
10.2461
10.2486
10.2454
10.2375
10.2475
10.2366
10.2359
10.2323
10.2348
10.2413
10.244
10.2424
10.2432
10.2413
10.246
10.2332
10.2435
10.2407
10.239
10.2436
10.2416
10.2449
10.2422
10.237
10.2435
10.2331
10.2384
10.2386
10.2431
10.2389
10.2404
10.2402
10.2433
10.2407
10.2413
10.2419
10.2461
10.2406
10.2422
10.2393
10.2446
10.2433
10.2428
10.245
10.2379
10.2386
10.2484
10.2453
10.2441
10.2403
10.2418
10.2419
10.2431
10.2396
10.2359
10.2393
10.2425
10.2352
10.2498
10.2394
10.2364
10.2465
10.2417
10.241
10.2419
10.238
10.2368
10.2474
10.2425
10.2411
10.2444
10.2468
10.2371
10.2383
10.2431
10.2461
10.2527
10.2427
10.2454
10.244
10.2381
10.2459
10.2417
10.2326
10.2404
10.2461
10.2361
10.2454
10.2475
10.2454
10.2396
10.2422
10.2345
10.2429
10.2403
10.2421
10.2374
10.2369
10.2412
10.2355
10.2345
10.2392
10.2395
10.2481
10.2405
10.2358
10.2413
10.2446
10.243
10.2411
10.2415
10.2423
10.2428
10.2471
10.2409
10.2451
10.2365
10.2383
10.2409
10.248
10.2372
10.2409
10.2414
10.2348
10.2417
10.2357
10.2419
10.2433
10.2457
10.2475
10.2375
10.2459
10.2399
10.245
10.2366
10.2352
10.2437
10.2448
10.2371
10.2438
10.2468
10.2447
10.2471
10.2445
10.2386
10.2344
10.2415
10.2416
10.2354
10.2417
10.2415
10.2335
10.2457
10.2442
10.2471
10.2333
10.2331
10.2448
10.2409
10.2464
10.2409
10.2366
10.2454
10.2425
10.251
10.2392
10.2427
10.2375
10.2422
10.2382
10.2418
10.2475
10.2331
10.2345
10.2381
10.2442
10.2434
10.2526
10.2386
10.2385
10.2466
10.2398
10.2384
10.2466
10.2462
10.2365
10.2439
10.2402
10.2359
10.239
10.2469
10.2344
10.2408
10.2384
10.235
10.245
10.2445
10.2409
10.2417
10.242
10.2345
10.2464
10.2454
10.237
10.2437
10.24
10.2443
10.2337
10.2384
10.2399
10.2369
10.2443
10.2357
10.2378
10.241
10.2367
10.2356
10.2387
10.241
10.2347
10.2429
10.241
10.2439
10.2347
10.2428
10.2416
10.2416
10.2322
10.2482
10.2426
10.2412
10.2389
10.2408
10.248
10.2442
10.2327
10.2374
10.2412
10.2345
10.2462
10.2488
10.2386
10.2445
10.247
10.243
10.2397
10.2397
10.2456
10.2446
10.2434
10.2421
10.2407
10.2399
10.2431
10.2399
10.235
10.2518
10.242
10.2399
10.2445
10.2445
10.2406
10.2478
10.2393
10.244
10.2398
10.245
10.2399
10.2383
10.2393
10.233
10.2409
10.2419
10.2376
10.2378
10.2415
10.236
10.2482
10.2337
10.243
10.2329
10.2376
10.2476
10.2356
10.2415
10.2415
10.2456
10.2457
10.2416
10.2447
10.2445
10.2383
10.2421
10.2385
10.2407
10.2471
10.2423
10.2448
10.2487
10.2474
10.2409
10.2421
10.2425
10.2424
10.2437
10.2403
10.236
10.2371
10.2332
10.2362
10.2404
10.2487
10.2335
10.2474
10.2365
10.2417
10.2449
10.2409
10.2377
10.2428
10.2461
10.2448
10.2449
10.2439
10.2373
10.2355
10.2433
10.2431
10.2405
10.2456
10.2455
10.2475
10.2498
10.241
10.2355
10.2387
10.2379
10.2422
10.2377
10.2391
10.2395
10.2348
10.2322
10.2382
10.2447
10.2452
10.2413
10.2446
10.241
10.2446
10.248
10.2456
10.2428
10.2398
10.2341
10.24
10.2379
10.2404
10.2364
10.2412
10.2407
10.2475
10.2433
10.2409
10.2448
10.2375
10.2405
10.2452
10.2468
10.24
10.2408
10.2442
10.237
10.2356
10.2457
10.2394
10.2343
10.2408
10.2364
10.239
10.2429
10.2484
10.2412
10.242
10.2444
10.2444
10.2434
10.2442
10.2426
10.2395
10.2463
10.244
10.2406
10.2361
10.2436
10.2423
10.249
10.2378
10.24
10.2406
10.2408
10.2474
10.2414
10.2441
10.2391
10.2447
10.2371
10.2437
10.2447
10.243
10.246
10.2406
10.2484
10.242
10.2508
10.2396
10.2372
10.2358
10.2389
10.2407
10.241
10.2369
10.2448
10.2446
10.2348
10.2401
10.2413
10.2415
10.2347
10.2441
10.2399
10.2394
10.2431
10.239
10.2348
10.2411
10.2439
10.2427
10.242
10.2411
10.245
10.2482
10.2393
10.2361
10.2411
10.2418
10.2373
10.2467
10.2432
10.2465
10.2468
10.243
10.2483
10.2444
10.2435
10.2464
10.2417
10.2448
10.24
10.2414
10.2354
10.2412
10.2425
10.25
10.2453
10.2341
10.2438
10.2394
10.2371
10.2474
10.2446
10.2353
10.2361
10.2432
10.2345
10.2383
10.2344
10.2416
10.2411
10.2411
10.2404
10.2354
10.2461
10.2432
10.2397
10.2348
10.2431
10.2408
10.236
10.239
10.2412
10.2329
10.2393
10.2508
10.243
10.237
10.2459
10.2394
10.2456
10.2329
10.2374
10.2489
10.2456
10.2404
10.2444
10.2396
10.2354
10.2406
10.2388
10.2368
10.2336
10.2403
10.2329
10.243
10.2464
10.2363
10.2437
10.2333
10.2404
10.2384
10.2404
10.2442
10.2324
10.2353
10.2384
10.2438
10.2413
10.2282
10.236
10.2354
10.2401
10.2378
10.233
10.2417
10.2403
10.2483
10.2392
10.2347
10.236
10.2376
10.2362
10.2497
10.2484
10.2399
10.233
10.2454
10.2427
10.248
10.2437
10.2399
10.2408
10.2435
10.2425
10.2437
10.2501
10.2436
10.2481
10.2414
10.2455
10.2475
10.2498
10.2474
10.2389
10.2492
10.2381
10.2384
10.2375
10.2473
10.2317
10.2444
10.2401
10.2423
10.2397
10.242
10.2459
10.2418
10.2368
10.2371
10.239
10.239
10.2452
10.244
10.2447
10.243
10.2395
10.2412
10.2477
10.2417
10.2387
10.2439
10.2396
10.2421
10.2396
10.2409
10.2323
10.2486
10.2348
10.2382
10.2391
10.2428
10.2399
10.238
10.2369
10.2431
10.2419
10.2425
10.2396
10.2369
10.2416
10.2402
10.2421
10.2347
10.2432
10.2363
10.246
10.2379
10.2377
10.2438
10.2357
10.2466
10.2484
10.2407
10.2438
10.2401
10.2491
10.2397
10.2437
10.2463
10.2443
10.2461
10.2469
10.2432
10.2367
10.2411
10.245
10.2386
10.2468
10.2423
10.2413
10.2363
10.2449
10.2424
10.2459
10.247
10.2414
10.2404
10.2362
10.2394
10.2512
10.237
10.2386
10.2378
10.2364
10.2463
10.2384
10.2339
10.2398
10.2424
10.2398
10.2418
10.242
10.2466
10.2363
10.2368
10.2355
10.2439
10.2446
10.2393
10.2335
10.243
10.2393
10.236
10.2436
10.2457
10.2458
10.2452
10.2376
10.2534
10.2411
10.2367
10.2435
10.2506
10.2429
10.2413
10.2442
10.2361
10.2479
10.2426
10.2455
10.2365
10.2461
10.2436
10.2428
10.2368
10.2388
10.2427
10.2423
10.2479
10.2382
10.2427
10.2403
10.2417
10.2427
10.2364
10.2392
10.253
10.2345
10.2366
10.2461
10.2404
10.2445
10.2399
10.2387
10.2436
10.2415
10.245
10.244
10.2469
10.2401
10.2382
10.242
10.2479
10.2331
10.2385
10.2299
10.2357
10.2429
10.2404
10.2414
10.2418
10.2387
10.2387
10.2474
10.2396
10.2365
10.2422
10.2429
10.2438
10.2449
10.2373
10.2381
10.2334
10.2514
10.2405
10.2399
10.2486
10.2387
10.2372
10.2446
10.2452
10.2394
10.2377
10.2444
10.248
10.2453
10.2435
10.2442
10.2406
10.2417
10.2404
10.2387
10.2407
10.2434
10.2402
10.2406
10.243
10.2453
10.2457
10.2476
10.2409
10.2458
10.2421
10.2406
10.2382
10.2404
10.2395
10.2436
10.2432
10.2456
10.2325
10.2436
10.2385
10.2397
10.2438
10.236
10.2449
10.2439
10.2469
10.2369
10.2472
10.2446
10.2375
10.2393
10.2417
10.2384
10.2481
10.2492
10.2455
10.237
10.2362
10.2459
10.2351
10.2437
10.2398
10.2458
10.2459
10.2511
10.2354
10.2438
10.242
10.2405
10.2388
10.2399
10.2446
10.2345
10.2322
10.2385
10.236
10.2407
10.2362
10.2427
10.2437
10.247
10.2408
10.246
10.2392
10.2432
10.2474
10.2456
10.2341
10.248
10.2401
10.242
10.246
10.2471
10.237
10.2486
10.2431
10.2379
10.2341
10.2436
10.2445
10.2372
10.2377
10.2457
10.2359
10.2396
10.2322
10.2373
10.2357
10.2434
10.2422
10.2441
10.2395
10.2379
10.2412
10.2434
10.2399
10.2412
10.2352
10.2445
10.2499
10.2442
10.2404
10.2325
10.2475
10.2488
10.2366
10.2411
10.2455
10.2375
10.2414
10.2513
10.2481
10.234
10.2418
10.2401
10.2386
10.2296
10.2467
10.2404
10.245
10.2403
10.2359
10.2406
10.2331
10.2368
10.2418
10.242
10.2405
10.2347
10.242
10.2439
10.2378
10.2408
10.2444
10.2377
10.2429
10.2407
10.242
10.2413
10.2413
10.237
10.2465
10.2378
10.241
10.2475
10.2443
10.2329
10.2451
10.2362
10.2359
10.2404
10.2329
10.2519
10.2389
10.2481
10.2388
10.2428
10.2437
10.2429
10.2398
10.2436
10.2387
10.2339
10.2479
10.2491
10.2424
10.2423
10.2347
10.2357
10.2443
10.2411
10.2431
10.236
10.2428
10.2401
10.2459
10.2422
10.2446
10.2464
10.2399
10.2466
10.2446
10.24
10.238
10.2385
10.2385
10.2381
10.243
10.2444
10.244
10.2492
10.2503
10.2408
10.2404
10.24
10.2434
10.2402
10.24
10.2448
10.2318
10.2329
10.2426
10.2409
10.232
10.2472
10.238
10.2377
10.2484
10.2424
10.2374
10.2343
10.2446
10.2423
10.2424
10.2437
10.2327
10.2441
10.2417
10.2514
10.2377
10.2404
10.2448
10.2423
10.2438
10.2438
10.2403
10.2424
10.2331
10.2471
10.2446
10.2415
10.2464
10.2457
10.2423
10.238
10.2457
10.2424
10.2445
10.2399
10.2392
10.2447
10.2439
10.2396
10.2423
10.2413
10.2333
10.2361
10.2442
10.2429
10.2346
10.2403
10.2446
10.2431
10.2422
10.2412
10.2397
10.243
10.2407
10.2468
10.2407
10.234
10.2435
10.2409
10.2405
10.2395
10.228
10.243
10.2438
10.2436
10.2411
10.2361
10.2294
10.2456
10.2509
10.2396
10.2373
10.2421
10.2416
10.2426
10.242
10.2381
10.2503
10.241
10.2331
10.2419
10.2387
10.2464
10.2408
10.2419
10.2465
10.2409
10.2409
10.2449
10.2483
10.2415
10.2425
10.2448
10.2338
10.2421
10.2408
10.2395
10.2338
10.2443
10.2391
10.2416
10.2422
10.2428
10.2367
10.2435
10.243
10.2362
10.2449
10.2441
10.2392
10.2442
10.2464
10.24
10.2406
10.2351
10.2401
10.2402
10.2508
10.2376
10.245
10.238
10.2442
10.246
10.2324
10.2388
10.2464
10.2419
10.2319
10.2444
10.2377
10.2396
10.2431
10.2406
10.2416
10.2492
10.2474
10.2425
10.2346
10.2483
10.243
10.2407
10.2387
10.2361
10.2383
10.242
10.2342
10.2443
10.243
10.2367
10.2413
10.2346
10.24
10.2426
10.2388
10.2366
10.2382
10.2367
10.2382
10.2372
10.2418
10.2419
10.24
10.2427
10.2478
10.2427
10.2499
10.2329
10.2455
10.2381
10.2435
10.2428
10.2487
10.246
10.2404
10.2402
10.2314
10.2473
10.2429
10.2392
10.2447
10.2444
10.2395
10.2431
10.2425
10.2472
10.2414
10.2446
10.244
10.2349
10.2418
10.2418
10.2435
10.2427
10.2432
10.2426
10.2348
10.2402
10.2404
10.2379
10.2455
10.2402
10.2387
10.2434
10.2409
10.2426
10.2418
10.2375
10.2432
10.2369
10.2384
10.2448
10.2404
10.2433
10.2468
10.2397
10.2428
10.2415
10.2455
10.2461
10.2368
10.2457
10.2455
10.2378
