1.90691
1.97239
2.06115
1.83242
2.1211
1.99269
2.08361
1.83356
2.06997
1.98661
1.82492
2.06763
2.00077
2.00362
2.02108
1.80237
1.96775
2.02477
2.02147
1.92298
2.04028
1.89346
2.06368
2.02212
2.05024
2.13409
1.87999
1.97297
1.92686
1.95488
2.03494
1.94475
1.99745
2.15822
2.14619
2.00463
1.94929
1.90745
2.06881
1.98675
2.07737
1.84279
1.84995
2.14779
1.99931
2.08888
2.06852
2.13428
1.99596
2.06796
2.02129
1.96171
2.10014
1.91124
1.97594
1.99335
2.04174
1.92819
1.93158
1.90127
2.00755
2.07018
2.2412
2.19164
2.09174
1.98478
2.10813
1.96221
2.07414
1.88672
1.89569
2.00879
2.10818
1.92798
1.99394
1.99844
2.04439
1.92844
1.85009
2.11283
2.09265
1.98634
2.04804
2.18171
1.97437
2.04443
1.81584
2.07193
1.99037
1.99292
1.93596
1.96283
2.13104
1.93884
1.89243
2.10941
1.97182
2.00825
2.00607
2.13245
1.94428
1.93845
1.95975
2.1154
2.13425
1.96905
2.01834
2.09326
2.02635
1.87188
1.94151
1.84191
1.96043
1.99078
2.03402
2.11086
1.90017
1.8859
1.98861
2.06156
2.0009
1.93255
2.09148
1.90572
2.3816
2.00012
1.85186
1.89635
1.97815
1.95103
1.96569
1.94964
1.94136
1.96872
2.2311
2.0878
1.85804
1.94063
1.83983
2.06723
2.00805
2.16488
1.93681
1.83514
1.87901
2.06128
2.1565
2.01118
2.03511
1.98811
2.14559
2.21247
1.95409
1.83406
1.91998
1.87033
2.06075
2.01893
2.00705
1.98252
1.99409
2.01638
1.89438
1.85473
2.04557
2.0853
2.01675
1.99812
2.00714
1.96349
1.89938
1.93266
1.96273
2.12239
1.88383
2.05252
1.86549
1.98742
2.05358
2.09288
2.10402
1.93717
1.88512
1.98657
1.95892
2.09241
2.01898
2.0184
1.92916
1.94
1.91966
2.10648
1.97435
2.10263
2.13741
1.93246
1.89251
2.02106
1.98422
2.02956
2.02088
2.09842
1.96833
2.08417
2.06599
2.08247
2.00338
2.03519
2.03173
1.94093
1.97824
2.06139
2.02479
2.03492
1.87846
1.95239
2.01913
1.92122
2.06671
2.05904
1.94355
1.95047
2.006
2.18918
1.9781
1.88302
1.98894
1.9521
1.97942
2.17386
1.90716
1.97433
2.00015
2.01385
2.03718
1.91315
2.13091
1.77041
1.80639
2.15071
1.99699
1.83068
2.10857
1.94183
2.13076
1.9546
1.82174
2.05801
2.15794
1.95328
2.01589
2.00648
2.12559
1.95234
2.01352
2.12462
2.15077
1.94717
2.03769
1.85056
1.92475
2.05147
1.84219
2.12213
2.10584
2.00934
1.89202
1.90199
2.1304
1.91065
1.94976
2.25899
1.97092
1.99864
1.96615
1.93879
1.91574
1.8741
2.02563
2.08001
1.9681
2.05739
1.98097
1.90678
1.93451
1.92116
1.99114
1.94171
1.84654
1.91412
2.20137
2.05451
2.08668
1.96187
2.20658
2.01215
1.86695
1.91374
1.99553
1.84361
1.88948
1.80265
2.17974
2.09374
1.80288
2.06121
1.78204
1.90304
2.00988
1.98621
2.03895
1.88793
2.11358
2.12996
1.91587
2.09785
2.07583
1.93904
1.95324
2.03376
1.90466
1.97994
2.09132
1.9832
1.9084
2.08336
2.07617
2.05493
2.06655
2.20125
1.96463
2.00137
1.89232
2.01176
2.0343
2.03371
1.79827
1.89958
2.12493
2.11395
2.09029
2.00062
1.9477
1.91879
2.10059
1.98985
1.93827
1.92387
2.04964
2.01579
2.09523
2.10997
2.1079
2.06055
1.84122
2.11708
1.98942
1.75839
2.0348
1.99754
2.10367
2.02855
1.98269
1.89905
2.14044
1.96811
2.10956
2.04935
2.01148
1.97493
2.05265
2.06269
2.01323
1.8233
2.07509
1.83217
2.10274
2.03198
1.88813
2.13634
1.97497
2.08775
1.80966
1.7931
2.18399
2.03904
2.07835
2.0927
1.84398
2.05702
2.07504
2.02323
1.98333
1.93876
2.04054
2.02432
2.0959
1.99912
1.77628
2.01325
1.83268
1.89708
2.11598
2.18918
2.07957
1.98368
1.9671
2.18771
1.92919
2.09969
1.99483
2.01256
2.03728
2.00224
2.19286
2.12439
1.98024
2.00167
1.99013
2.03259
1.91766
1.98409
1.99738
2.00915
1.93098
2.06718
2.08194
2.08815
1.84746
1.93173
2.13658
1.8765
2.08357
1.97467
2.01587
2.21998
1.99276
1.99991
2.10338
2.03044
1.94926
2.01514
2.13707
1.93956
1.88648
1.92659
2.0747
2.04055
1.79868
1.99932
2.10462
1.99014
2.04046
2.14372
1.88771
2.08563
1.92171
2.06773
2.03457
1.9426
2.01018
1.85209
2.07018
2.14971
2.06153
1.92625
1.91579
2.0103
1.94536
2.10879
1.9139
1.95903
2.01911
1.99598
1.93657
2.07833
2.06944
1.97605
2.07479
2.07777
1.98461
1.84701
2.04273
1.90951
1.99636
1.90682
2.07989
2.05277
1.99886
2.02547
2.10649
2.01999
2.10048
1.88847
2.19988
2.25101
2.04201
1.85171
1.85848
2.06558
1.98923
1.95403
2.17836
2.06218
1.9647
1.9509
2.01739
1.91966
1.99046
1.98627
2.00413
2.05688
2.11827
1.94659
1.98282
1.92119
2.1091
1.96072
2.1853
1.97071
1.94208
2.045
1.87339
1.99942
1.86148
1.90749
2.1149
1.81755
2.17743
2.11031
1.95661
1.92477
1.92786
1.99599
1.98129
1.96998
1.97759
1.97244
1.99357
1.79518
2.09127
1.98465
1.95571
1.88996
1.9271
2.04415
2.04036
1.93638
2.04212
2.15237
2.07338
2.0335
2.06177
1.96117
1.87276
2.1014
2.04372
1.97538
2.13147
1.84126
2.05522
2.04084
2.08823
2.04443
1.93683
2.03437
1.84261
2.02737
2.10553
1.94343
2.00509
2.11685
2.04087
2.03539
1.93593
2.07849
2.1158
2.13295
2.00326
2.12227
2.07024
2.01957
1.99718
1.93706
2.17616
1.94613
2.08246
1.91434
1.8639
2.17521
2.06035
2.07099
1.95558
1.9193
2.12181
1.89657
1.98647
2.08389
2.00539
2.22354
2.15855
2.05711
2.03049
1.90645
1.94218
1.85344
1.80391
2.05646
2.00866
2.06758
1.82409
1.80501
1.98255
1.80047
2.01995
1.93084
2.09822
1.92197
2.07475
2.11913
1.94586
2.03519
2.02185
2.06334
2.1348
2.09361
1.97548
1.90169
2.11464
1.96721
2.01344
2.01257
1.71794
1.99252
1.99642
1.98626
2.09977
2.15044
2.00409
2.2106
2.00019
1.93495
1.87234
2.12962
2.24827
1.99224
1.87088
2.10243
1.97699
1.96919
1.92397
1.94515
1.8804
1.84902
1.94855
1.99747
2.11849
1.96101
2.07048
1.95931
2.01429
1.96678
2.0338
2.03803
1.93331
2.08864
2.00315
1.90219
1.99568
2.02667
1.80314
2.25922
1.99272
2.1054
1.81744
2.06317
2.06974
1.84595
1.95102
1.92726
2.03627
1.99779
1.96473
1.96921
2.1212
2.12038
2.28934
2.11778
1.88445
1.99556
1.93242
2.17114
1.94479
2.07915
2.08177
1.95964
2.21838
2.05185
1.9103
2.04505
2.01634
1.80079
2.013
1.89962
1.94308
1.98966
2.18019
2.03344
2.08814
2.11413
2.09009
1.95091
2.13229
2.14766
2.21102
2.10575
2.12715
2.18294
1.86046
1.76921
2.03323
1.93023
1.92781
1.81915
1.96097
1.90716
1.94048
2.03966
2.05936
2.24304
1.97112
2.0049
2.05987
2.02785
2.1536
1.99947
2.04861
2.01429
2.06991
2.03529
1.91945
2.05088
1.96102
2.19043
1.85618
1.82709
2.15059
1.87704
2.02173
2.03746
2.03975
2.01542
1.93742
2.12366
2.08666
1.99473
2.0356
2.06224
2.09474
1.90424
2.16402
2.00206
1.84825
1.885
1.9826
2.18326
1.91891
1.83932
2.02927
1.9653
1.93069
2.00757
1.97603
2.01105
1.87739
1.99885
1.94134
1.82998
2.13589
1.90323
1.95884
2.10355
1.91078
1.96265
1.97863
1.91041
1.89608
1.9216
2.01502
2.1726
1.99575
1.86252
1.91024
2.09654
2.27728
2.01313
2.0936
1.91054
1.96583
1.90073
2.12858
2.14142
1.97842
2.05943
2.17517
1.91156
1.95078
1.91909
2.1129
2.19177
1.92374
1.96406
2.07581
1.92906
1.95311
2.04422
1.94613
2.03068
2.0806
2.11181
1.87732
2.15898
2.07004
2.09352
2.27685
2.09886
1.97654
1.92544
2.07442
1.97482
1.99111
2.06013
2.03962
2.01586
2.11517
1.87746
2.06721
1.83725
1.93512
2.01872
1.97562
2.11766
2.05863
1.84485
1.96305
2.03973
2.03348
2.10131
1.98041
2.09655
2.19617
2.05058
2.04196
1.97891
2.05951
1.88117
1.91474
1.92258
2.12887
2.03383
2.03716
2.05
2.01574
2.081
1.9393
2.01916
2.0947
2.10886
2.12724
1.94932
2.04476
1.94407
1.97185
1.83691
2.08371
1.98564
2.08828
1.94689
1.87351
2.04206
1.97295
1.96343
2.03203
2.00305
2.08312
1.84097
1.8499
2.04347
2.04768
1.9388
2.08301
1.95459
1.88808
1.90976
2.01604
2.19865
1.95747
2.04304
1.96633
2.02624
2.06494
2.10762
1.89761
2.01077
1.86075
1.85044
2.11019
2.22112
2.10746
1.93626
1.80452
2.05524
2.02633
1.97799
2.03815
1.99495
1.95834
2.08076
1.81214
1.81401
1.90009
1.96304
2.03196
1.95537
2.0066
1.99754
1.91855
2.18775
2.09314
1.96381
2.08612
2.05198
1.87226
2.11671
2.07949
2.04116
1.99745
1.86326
1.88584
1.91907
1.97067
1.89493
2.00084
1.97729
2.05223
2.06208
2.07876
2.0837
1.92539
1.91907
1.84929
2.04178
1.97873
2.04717
1.95626
2.14759
1.76982
1.92509
1.98786
1.9345
1.99127
2.02321
2.03522
1.84908
1.92255
2.03679
2.02887
1.98985
2.06659
1.96403
2.02603
2.02088
1.94634
1.98126
1.89021
1.90584
2.00644
2.02238
2.01955
2.07126
1.93241
1.96681
2.15696
1.94414
1.8822
2.07526
2.00203
2.07521
1.89428
2.051
1.87745
1.97557
2.075
1.78434
2.24434
1.86574
2.00648
2.0134
2.10277
1.87495
1.98618
1.95862
2.04164
1.96464
2.03165
1.85355
2.02897
1.97837
1.96815
2.09078
2.08405
2.0719
1.97259
2.14812
1.8269
1.9219
1.90838
1.94854
2.07936
1.90721
2.19105
1.98184
1.92275
2.18229
2.14276
2.15243
1.80345
1.83407
1.79521
1.85225
2.0709
2.12591
1.97958
2.17568
1.88479
1.86947
2.00294
2.06694
1.94846
2.02986
2.04113
2.21021
2.05067
1.90621
1.9431
1.98564
1.98515
2.07742
2.22038
1.9485
2.13104
2.02705
2.06644
1.95946
1.95721
1.89369
2.19032
1.83496
2.08101
1.93688
1.98689
2.09723
2.06392
1.95472
1.8459
1.98031
1.81706
1.90419
2.09966
1.97072
2.15093
2.10654
1.86119
2.0894
2.04837
2.03812
2.08792
2.10047
1.89752
2.02607
1.77356
2.16573
1.96039
2.09128
1.95492
2.13456
1.97048
1.8206
1.99614
2.10284
1.90918
2.0639
2.06886
1.96184
1.99907
2.09815
2.04089
2.05036
1.99908
1.96157
2.14785
1.76955
1.97837
1.96684
2.03011
2.07711
2.13087
1.93138
2.09103
1.90766
2.10566
2.00884
2.05606
1.96512
2.05995
2.00361
2.09599
1.97706
2.07534
1.93585
2.09441
1.84297
2.00554
2.10011
1.87868
1.88217
1.92055
1.98318
1.9866
1.95533
1.88981
1.72819
1.96198
2.10463
1.99773
2.03598
2.00113
2.03027
2.02864
2.01462
2.06388
2.01432
2.07873
1.92579
1.93333
2.04146
2.19029
2.06548
2.09667
1.92489
2.00611
2.04794
1.94638
2.10922
1.87056
2.0718
1.95442
1.88672
2.0465
1.84082
2.0576
2.1049
2.11995
1.98381
2.04279
2.07159
2.10917
1.95052
2.0012
2.02941
2.00859
1.99983
2.08321
1.96452
1.88015
1.94865
1.85408
1.98775
2.04788
1.91031
2.03979
2.01314
2.03366
1.97059
1.96296
2.04744
1.96737
2.05395
1.85979
2.12558
1.90427
1.86996
1.98634
2.09638
1.93658
2.09325
2.06434
1.99696
2.00016
2.08657
1.98392
1.94471
2.08814
1.94251
1.87155
1.99167
2.22378
1.89637
2.06752
2.01132
1.87
2.13509
2.06581
1.92395
2.00155
2.05978
2.05559
2.15501
1.96675
1.86854
1.86196
2.04722
2.07578
2.01709
1.99377
2.02796
2.03238
1.98187
2.20253
1.99088
1.96856
1.94577
2.1432
1.94302
2.07025
2.02815
1.99788
1.98328
2.00476
2.01284
1.95616
2.13433
2.01565
1.88449
1.94292
2.02052
2.00283
1.76635
2.04691
2.02108
2.08992
2.02373
2.06279
2.09695
1.98185
2.00721
2.13245
1.99454
2.12888
2.04554
1.96241
2.02136
2.05273
2.10829
2.0687
1.93779
2.06139
2.07801
1.8676
2.20439
2.0476
2.15049
1.93151
2.08833
1.95329
2.28424
2.12841
1.70759
1.92155
2.0174
1.999
2.09735
2.1703
2.11491
1.97672
1.97866
1.98571
2.02483
2.02263
2.07212
1.93444
1.90784
1.97668
1.98639
2.00124
1.99921
1.94716
1.92535
2.01136
1.93012
1.89022
1.94174
1.98711
2.07973
2.04432
2.05334
1.88096
2.12147
1.97692
1.95412
1.97084
1.99737
1.91747
2.03822
1.94152
2.02852
2.0306
2.05104
2.0683
1.93612
2.10656
2.03806
1.97279
2.15432
2.01116
2.08794
1.89849
2.13518
1.93806
2.01223
1.91364
1.99138
2.10978
1.99118
1.99785
1.99743
1.92401
2.10497
2.03221
2.03413
2.2043
1.9182
1.89976
1.96647
1.87528
2.07716
2.19589
2.13487
2.04019
2.14881
1.99447
2.1535
2.01025
1.87903
2.22956
1.95888
2.06589
1.98303
1.96261
1.85763
1.85078
2.01022
2.11229
2.05361
2.06608
1.90426
2.01101
2.09861
2.03824
1.98558
1.81169
1.96337
2.12823
1.97398
1.99938
1.98291
1.87748
2.13006
1.96068
2.11691
1.89667
1.92638
2.00319
1.95231
2.04058
2.21477
1.74157
2.01208
1.80715
2.06082
2.0397
1.80184
1.91827
2.14369
2.12721
2.03932
1.96863
2.10401
1.95982
2.05631
2.01458
1.96862
2.00722
2.25012
2.07688
2.01764
2.04454
1.94662
2.02345
1.94125
1.99855
1.95533
1.91482
2.0322
2.02894
1.9033
2.12704
2.06075
1.98517
2.0688
1.98168
1.97188
2.12814
2.05651
1.99867
2.05142
1.99558
1.82074
1.98156
2.00008
2.13744
1.9688
1.91065
2.12452
1.65862
1.95926
1.91046
2.0998
1.86967
1.98581
1.79458
1.96382
1.96825
1.86161
2.13744
2.05503
1.94983
2.08366
2.01769
2.25322
2.17132
2.15501
1.92743
2.08152
2.14378
2.03811
2.04241
1.97302
2.05035
1.88863
2.14334
2.14031
2.04717
2.07998
2.02007
1.96601
1.76634
1.98486
2.12171
1.88737
2.04072
1.99021
2.01404
2.06161
1.93466
2.03084
1.94326
1.93075
1.90248
2.10777
2.08155
2.0958
1.98809
2.12452
2.04195
2.11339
2.16094
1.96308
1.84538
1.9325
2.11155
1.93434
2.00071
1.91955
2.11386
2.06791
1.96218
2.08498
1.77124
2.11581
2.11114
2.00815
1.96399
2.02009
1.92458
1.98482
2.02644
1.97103
2.05
1.91492
2.00372
1.85054
1.91735
1.94613
1.92241
1.9962
2.00753
2.01279
2.04172
1.86636
1.9168
2.03769
2.01358
1.96979
1.94449
1.89692
2.06731
2.1041
2.01609
2.19723
1.97863
2.05323
1.91429
1.94456
1.89759
1.87849
2.1489
1.73141
1.81708
1.93259
2.13326
2.01901
1.98464
2.03425
1.94197
1.99608
1.97827
1.89072
1.88872
2.00317
2.08983
1.89957
2.01489
1.89131
1.91892
1.90874
2.00227
2.10817
2.09325
1.98038
2.06824
2.06212
2.00084
1.97577
1.99864
1.99729
1.91337
2.01346
1.96124
1.9767
2.11001
1.91426
1.99006
1.98866
1.99909
2.04713
2.01216
2.14165
1.89151
1.90131
1.93166
2.00682
1.87645
1.93404
1.82597
1.94435
1.94923
1.94022
1.85039
2.07229
1.97402
2.03611
1.98569
2.03424
1.93511
1.8982
1.91985
1.924
1.75402
2.20688
1.9887
1.92699
2.0455
2.0403
2.09012
2.04656
1.99488
1.98908
1.96634
2.05904
2.026
1.99591
1.92942
1.89838
1.83683
1.89986
2.07407
1.96846
1.76671
1.82141
1.97822
2.09892
2.06265
2.13177
2.06524
2.07644
2.10589
2.11323
2.08343
1.86315
1.96239
2.06265
2.00305
1.96163
2.10086
1.87808
1.93859
1.97291
2.07494
1.98135
1.95754
2.0252
1.98068
2.04898
1.9049
2.02694
1.90372
1.98289
1.93645
2.08423
2.09875
2.05855
1.83187
1.97379
2.03225
2.04221
1.92637
1.88748
1.96572
1.99765
1.81293
1.89825
2.02557
1.97446
2.10902
2.12847
2.15864
2.04485
1.94725
1.95251
1.98414
2.10942
2.00115
2.04231
1.91417
1.91639
2.14147
1.95291
1.98609
1.92624
2.06395
2.0141
1.7928
2.06772
2.16042
1.99833
1.98417
2.07235
2.07095
1.89784
2.0448
1.94681
1.94466
2.07799
2.02392
2.04277
2.05147
2.27844
2.0413
2.00291
1.93553
2.01147
2.12322
1.90285
2.1302
1.96055
1.81895
2.00322
1.98022
1.97125
2.05737
2.13968
2.0792
1.90224
2.00649
1.91536
1.91045
2.01073
1.86601
1.95969
1.89495
2.08014
2.07347
1.97665
2.01786
1.9937
1.9475
2.07875
2.07096
1.94499
2.13588
2.06632
2.08505
2.11495
1.83205
2.01909
1.83897
2.07375
2.24689
1.9522
2.00321
2.13165
2.13203
2.12547
2.03296
1.86787
2.13889
1.96704
1.95648
1.91757
2.16612
2.0921
1.82284
2.04156
1.89628
2.18657
1.91846
2.0886
2.12388
1.85209
1.95205
1.91062
2.03672
2.05371
2.0372
2.10455
1.98405
2.03166
1.81567
2.02557
1.96969
2.08807
2.12475
2.02485
1.98908
1.95677
2.05178
2.11264
2.00517
1.95556
1.86136
2.09907
1.99027
1.98452
1.88898
2.06884
2.10647
2.05811
2.02748
2.0053
2.0046
1.92452
2.10852
1.89372
1.89388
1.97083
1.85973
1.97378
2.0613
2.02624
1.98551
2.04494
2.06377
2.01837
2.10726
1.88438
2.05611
2.15374
2.13496
2.02415
1.96979
1.9907
2.07931
1.99137
2.0425
2.02932
1.89109
2.06257
1.82057
2.18799
1.98281
2.05067
1.90949
1.99071
2.05828
1.92903
1.8351
2.05283
2.01185
2.15214
2.05782
1.8128
1.94983
2.1079
1.98845
2.09184
1.89969
2.01926
2.04172
1.87072
1.87925
1.84429
1.85716
1.80097
2.12648
1.81824
2.06554
1.99725
1.83905
1.95159
2.06066
1.92441
1.75664
2.08187
1.98003
2.03876
2.00902
2.07715
1.99662
2.3026
2.01606
2.03439
2.06203
2.20696
2.06517
1.97254
1.93084
2.11346
1.95726
1.94801
1.92182
2.00373
2.04721
2.00922
2.10019
1.94424
1.90869
2.04508
2.1546
2.09824
2.00195
1.90259
1.91598
1.90609
2.04041
1.92446
1.90397
2.10813
2.00314
1.95721
1.90333
2.07751
2.03566
1.8936
1.97569
2.03127
2.23491
1.95261
1.89394
2.0943
2.10578
1.80583
1.96591
2.00342
2.13671
1.86055
2.09292
1.98482
2.09557
1.96986
1.75251
2.04521
2.15796
2.01124
2.02529
1.81187
2.0213
2.00254
2.09084
1.98017
1.95302
1.99517
2.12717
1.94972
1.89443
1.92327
1.98867
1.94627
2.02247
1.89089
1.9817
2.03093
1.98282
1.94144
2.05288
1.8724
1.9967
1.92387
1.95577
2.01631
2.21492
1.88702
2.03906
1.9376
2.09706
1.98668
1.8467
1.79555
1.92733
2.04377
1.96315
1.88145
1.97886
1.83217
2.01763
1.95077
1.90832
1.93355
2.07793
1.75906
2.03845
2.08033
2.00683
1.99301
2.01034
2.0507
2.01778
2.05698
1.78972
2.0864
2.05409
2.034
2.13755
1.90551
2.01278
1.77965
1.79391
2.04762
2.01961
1.85516
1.88057
2.03547
1.99641
2.05001
2.1092
2.05152
2.19724
2.01723
1.9766
1.83085
2.11987
1.99525
2.06294
1.98931
2.09857
2.08719
2.06268
1.94464
2.04354
2.15547
1.9693
1.88145
2.02208
2.18854
1.86167
1.92327
2.07186
1.9763
1.99532
2.05349
2.2087
1.84481
1.75215
2.01588
2.06815
2.01824
2.07651
1.92733
1.99881
1.99839
2.05239
2.05558
1.91251
2.00696
1.89619
2.03892
1.91692
1.81113
1.84021
2.04718
2.09628
2.11448
1.98476
2.06759
2.01696
2.05081
2.0728
2.0183
2.1103
2.04408
1.99415
2.01725
1.96575
2.00174
2.1279
1.92607
2.02418
2.05799
2.31874
1.95568
2.07833
2.00164
1.84504
2.05763
1.93798
2.08647
2.117
1.96749
2.06406
1.82884
1.94485
2.19597
1.94264
1.9444
2.03693
2.00381
2.10378
1.93914
1.88761
2.03659
1.79453
1.99455
1.84759
1.94933
1.92858
1.97754
2.14487
2.03137
1.9152
2.03407
2.06425
1.94549
1.9864
2.00862
1.96397
1.95175
2.12061
1.94066
2.16157
1.93652
1.85892
1.94664
2.18936
1.89064
1.88093
1.9379
2.17374
2.07868
2.06782
2.06609
2.11479
2.00645
1.99311
2.1407
1.92244
1.98925
1.95005
2.08095
1.87854
2.0186
2.11071
2.01963
2.15108
2.07662
1.91435
2.06088
2.04792
2.21271
1.99827
2.05136
1.79065
2.07446
2.00221
1.91348
2.11774
2.11097
1.87103
1.95488
2.03402
1.94085
2.07565
2.03717
2.01847
1.99608
2.03077
1.80974
1.99646
1.83814
1.94192
2.13498
2.00048
1.91725
1.89717
2.0156
1.94872
1.92761
1.88807
2.0105
2.08219
1.88649
2.07642
1.99392
2.04621
2.01613
2.09502
1.93844
2.08465
1.95709
2.04912
2.03945
1.87904
1.91349
2.16467
2.07624
1.92856
1.97191
2.1195
1.98447
2.03347
2.03666
1.99094
2.00799
2.03589
2.00398
2.02548
1.94898
2.0105
2.06045
1.78384
2.06281
1.93169
2.13268
1.85601
2.16361
2.18885
1.91601
2.10826
1.97129
2.14705
1.86514
1.99573
1.88993
1.99772
2.18701
2.00477
1.91954
1.74999
1.95021
2.24303
1.97612
2.16933
2.06188
1.94143
1.96927
1.84422
1.86226
1.97711
2.14947
1.93062
1.97967
1.97427
1.93271
1.87085
1.96354
1.92744
1.89219
2.01422
2.05455
2.10354
2.00633
2.03369
1.99156
2.00653
2.03825
2.06208
2.04026
1.99339
2.02183
1.98746
1.94467
2.05743
1.95384
1.93139
1.89204
2.01076
1.9474
2.01648
2.08721
1.9629
2.20217
2.06497
1.95496
1.94922
1.97656
2.08833
1.88233
1.91331
1.91794
2.02298
2.00866
2.10483
1.9546
1.99319
1.91342
1.97134
2.09476
1.87713
2.05693
2.03861
1.75703
1.85426
2.0551
1.99505
1.85004
2.02047
1.97411
2.07624
2.00067
2.23848
2.05439
2.03989
2.12093
2.00486
1.80913
2.03509
1.89742
2.07123
2.12978
1.88632
1.95568
1.90149
2.00539
1.85512
2.11986
2.02929
2.08097
2.04605
1.88773
1.97994
2.05019
2.01438
2.02864
2.08892
2.06672
1.95843
1.84331
1.89143
2.01864
1.91719
2.09453
2.01522
1.99627
2.10421
2.05608
2.01919
1.99786
1.8249
2.14188
1.99831
1.89203
1.92588
1.90915
1.90739
2.06318
2.00158
1.83608
1.91834
2.09634
2.08241
1.75579
1.84945
2.00229
2.01319
2.01438
2.06657
1.91906
2.00454
2.08533
2.09918
2.23872
2.10763
2.01853
1.86875
2.06844
2.01629
2.06244
2.15058
2.01466
2.15923
1.9861
2.2461
1.96191
2.04803
1.88372
2.01963
2.11547
2.09487
1.94474
2.13544
2.1195
2.09605
1.98831
2.02138
1.95997
2.14549
1.97397
2.00288
1.99777
2.08779
1.86716
2.0792
1.93718
1.95319
1.83201
1.95999
1.99428
1.99402
2.06608
1.84141
2.00415
1.82578
1.94406
1.95883
1.96246
2.03055
2.01387
1.95999
1.95371
1.88605
1.95122
1.94938
1.98927
2.05139
2.06702
1.92111
2.16042
1.96853
1.89089
2.02084
1.92839
2.02538
2.00541
1.98825
1.98384
2.00209
1.88297
1.90522
1.97371
1.95641
2.03862
2.04567
2.00255
1.96396
2.02323
1.90093
2.11062
1.88075
1.96385
1.8016
1.89825
1.98609
1.97088
2.14261
2.0791
1.9198
2.02844
1.95627
2.11363
2.12832
2.19283
1.94236
1.9956
2.13327
1.8378
1.88355
1.87515
2.0015
1.82188
1.9391
1.86504
1.96849
2.10272
1.91053
2.15291
1.99381
2.02678
2.23169
2.02242
2.16798
1.98779
2.06328
2.16993
2.02321
1.93411
2.05107
1.88005
2.10269
2.02603
2.06887
2.15202
1.96256
2.00087
1.93632
1.94283
1.85631
2.26261
1.97242
1.94474
1.97335
1.99233
2.06208
1.96873
1.99388
2.04183
1.96568
1.91928
2.02818
2.06191
2.05458
1.98501
1.99118
1.94272
1.94932
2.00753
2.12651
1.85463
1.88681
2.18126
2.05737
1.87772
2.14803
2.04412
1.94519
1.90667
1.98059
2.07916
1.80794
2.03854
2.07503
2.02251
2.0208
1.91819
2.12666
2.005
1.98704
1.96241
1.92673
2.12528
1.82242
2.08249
1.96659
1.92919
2.00971
1.92001
1.98412
2.12792
1.95877
2.14901
1.87809
2.07658
1.84943
1.93493
2.02819
1.98495
2.08089
2.01319
2.09576
1.97909
2.11124
1.98854
1.94605
1.97347
1.95566
2.06925
2.06398
2.06813
2.09772
1.92127
2.01745
2.11356
1.93179
2.01703
1.95659
2.03369
1.79888
1.99572
2.03909
1.90826
2.1275
2.09509
2.00724
2.12096
2.06539
1.88588
1.79016
2.04545
1.9497
2.06042
1.8496
2.14835
2.09445
1.99546
2.04772
1.90707
1.83635
1.92059
1.88461
2.27346
2.08075
1.98201
1.96391
2.00675
2.13675
2.06105
2.02492
1.90041
1.95799
1.83427
2.07045
1.88046
1.88801
1.86818
2.14187
1.91492
2.03005
2.05645
1.96806
2.12825
1.86294
1.99311
2.04729
1.97586
1.98393
2.0697
1.72063
2.01167
1.94332
2.06799
1.93235
1.84302
2.06477
2.04591
1.74029
2.07289
1.98939
2.14639
2.02005
1.89258
2.16294
2.07194
2.19396
1.95952
2.10984
2.0171
2.04998
1.86792
1.95427
2.03797
1.80106
2.13189
2.02513
1.87911
1.92296
2.16857
1.96701
1.87794
1.81443
1.79055
1.95609
2.01779
1.98137
1.94081
2.11669
2.04926
2.01552
1.99329
1.84671
2.14054
1.9485
2.0167
1.97357
1.99044
1.98215
2.06731
2.0919
1.97005
1.90264
2.01475
2.18892
2.00871
2.0553
1.94778
2.03628
2.018
1.93415
1.98799
1.9252
1.86767
2.07619
1.86572
2.04922
1.87891
1.97856
1.82136
1.98119
1.88612
1.99961
2.05154
2.1291
2.02947
2.08862
1.98401
2.0868
1.9965
2.04207
1.93397
2.03761
2.00918
1.93186
1.94797
1.97745
2.09197
1.92602
2.07201
1.83298
2.16841
1.92024
1.98987
1.99774
1.98124
2.08849
2.16468
1.92459
2.13432
1.99134
1.95553
2.12953
1.84599
2.12034
2.03285
2.03661
1.81375
2.17419
2.15846
2.09696
2.01971
2.04283
2.04285
2.0176
1.94668
2.01032
1.9777
1.82526
2.03652
1.78729
1.98083
1.90142
2.0376
1.92243
2.13684
2.12667
1.93421
1.97465
1.96076
2.05417
2.13245
1.9141
2.14886
2.04258
1.91121
2.04894
1.91721
2.06138
2.12701
2.05229
1.94468
2.1745
2.11225
1.97744
1.99753
1.89423
2.06223
1.94271
2.17797
1.92595
2.03834
1.91249
2.06142
2.05038
2.20277
1.98631
2.13474
1.97626
2.06035
1.98572
1.9251
1.73376
1.92538
2.05252
2.04186
1.92309
1.91946
2.03181
1.98706
1.9133
2.04771
1.93396
1.90142
2.12634
1.88064
1.97999
2.06139
2.16851
2.08172
1.98601
2.01688
1.9861
2.08207
2.02047
2.06114
2.01773
2.10209
1.98645
1.94853
1.75786
1.90443
2.05747
2.01179
2.12784
1.97471
2.17007
1.99807
1.91443
2.1238
1.98525
2.03653
1.90529
2.04275
1.90058
2.22345
1.95587
1.9956
2.04783
2.13891
2.00478
2.16601
1.8738
1.94351
1.80923
1.91859
1.90986
2.14292
2.06671
1.81118
1.99485
1.95606
1.93666
2.00422
2.04782
2.09089
1.88008
1.96967
1.80386
1.86429
1.90479
2.0649
1.91519
1.96265
1.98044
1.97437
2.08363
2.13612
2.17058
2.01104
2.10517
2.14538
2.06066
2.04466
2.11198
1.98766
1.95463
1.9705
1.98809
1.87492
1.9636
2.01684
2.06666
1.88481
2.06692
2.02986
2.10615
1.94797
2.20816
1.88528
2.09852
2.03611
1.97865
2.03432
2.0491
1.97621
2.03257
2.0856
1.90263
1.91565
1.98669
1.94965
1.86654
2.02366
1.99013
2.05778
2.12077
2.05895
2.05918
1.98619
2.07805
1.81007
2.0046
2.09256
2.06434
2.12965
2.14347
1.94132
2.02048
1.98235
2.02553
2.03778
2.05094
2.04338
2.01001
1.873
2.19999
2.11798
2.02941
1.90702
1.92786
1.92339
1.91963
2.09487
1.94374
2.16924
1.98796
1.94403
1.92943
2.06823
2.07967
2.0913
1.99019
1.82923
2.00784
1.95827
1.87346
1.89694
2.02719
1.99416
1.98844
1.97299
2.17694
1.99841
1.85671
2.18602
2.13193
2.02198
1.9615
1.90882
2.09524
1.82151
1.95136
1.99219
2.04923
1.78582
1.97722
2.01705
2.12475
1.9212
2.22747
1.96445
2.03565
1.90298
1.8375
1.9273
1.99319
2.01003
2.09538
2.09002
2.14762
1.96756
2.08422
2.07265
1.98924
2.04933
2.02489
1.84973
1.87687
2.14829
1.96551
2.02006
1.98511
2.184
2.11281
2.00853
1.97941
1.94369
1.9566
1.88012
2.09002
1.86619
1.96503
2.10201
1.9967
2.07044
2.02384
2.09136
2.04477
1.89719
2.11228
2.06951
1.89987
2.00134
1.98985
2.05858
1.92656
2.03686
2.01596
2.04816
1.95353
1.97869
2.10596
2.06062
2.18088
2.06857
2.0531
2.06551
1.95309
1.9016
2.07517
2.00986
2.16111
2.07965
2.05143
1.8544
1.94607
1.99447
2.12702
2.02677
2.08865
2.10596
1.98026
1.95143
1.92274
1.96419
2.0471
1.93589
2.1542
1.944
2.01481
2.11989
1.88712
2.07218
2.04987
1.75593
1.93256
2.06021
2.15083
1.99094
1.90006
2.02207
1.93868
2.069
1.97009
2.12661
1.86407
1.98059
2.017
2.00903
2.08481
1.99782
1.90293
1.85874
2.03236
1.87425
1.98175
1.97662
2.01856
1.9332
2.13355
2.17961
2.04585
1.92592
2.14442
1.97103
1.95998
1.75827
2.147
1.93757
2.12346
2.00936
1.96854
1.96173
1.98821
2.07371
2.23986
1.97482
1.87248
1.97464
1.95105
1.88667
2.14948
2.10729
2.05898
1.9946
2.12639
2.05139
1.94063
2.01932
1.94449
2.02859
1.98214
1.88378
2.09792
1.9673
1.91239
2.02095
1.86888
2.10655
2.12215
1.9766
1.96643
1.96653
2.02346
2.12736
2.05196
2.01635
2.12513
1.92987
1.9614
1.86613
2.00188
1.96314
2.11859
2.03236
1.85668
1.91046
1.96899
2.00735
1.76408
2.03875
2.01458
2.12627
1.9847
2.06832
1.90103
1.99716
2.06759
2.08828
1.97332
2.2575
2.04878
2.04852
1.95385
1.8401
1.98415
2.01315
2.22125
2.17807
1.95311
1.88792
1.91273
1.9601
1.93002
2.10815
2.04915
1.8467
2.04968
1.945
1.94726
1.92306
1.96212
2.00473
2.05211
1.88771
2.16962
1.80265
1.89169
2.15624
1.94578
2.04802
1.74135
1.94026
1.94564
2.10848
1.98658
2.08854
1.98711
1.82221
2.00907
2.04036
1.88563
2.00598
1.91313
1.98191
1.99617
2.10012
2.04311
1.93542
2.16333
1.90507
1.96504
1.94804
1.89773
1.94297
2.13882
2.06775
1.78878
1.8799
1.94993
1.93585
1.97327
2.27378
1.9605
2.03961
1.87533
2.10395
2.00419
1.93572
1.78836
1.97867
2.15558
2.07795
1.71826
1.96063
1.98446
1.75901
2.05577
1.90449
1.93311
2.07194
1.98182
2.15482
2.06503
2.02731
1.96479
2.16259
2.11824
1.97382
1.95735
2.08114
1.66342
2.02034
2.00558
2.15956
2.13214
2.00983
2.05387
1.9857
1.98815
1.94207
1.99507
2.09491
1.9854
2.03279
1.9321
1.85571
2.0457
2.04036
1.82729
2.04288
2.39003
1.98401
1.91942
1.97016
2.00431
2.03937
2.01051
2.03274
2.03769
2.03209
1.96932
2.04636
2.05786
1.82925
1.88749
1.9369
1.96293
1.8273
2.09481
2.0399
2.11732
2.00257
2.07063
2.05235
1.8512
2.12279
1.95027
1.9057
2.0679
2.00128
2.1249
1.98995
2.06767
1.97032
2.06635
1.89648
1.92312
1.89978
1.88522
2.1436
2.02029
1.83141
1.99916
2.04078
2.0484
2.02161
1.90415
1.98622
2.15484
2.00965
1.97028
2.02151
1.97247
2.06502
1.93536
2.05265
2.03007
1.95156
1.94344
2.00413
1.825
1.9024
2.03503
1.96984
2.0674
2.01282
2.02378
2.03829
2.1817
1.9937
2.0097
2.12272
1.88097
1.971
2.02029
2.11528
2.00366
2.0984
2.0914
1.98807
2.07546
2.11968
2.20058
2.02681
2.03598
1.88511
2.06229
2.04627
2.08608
1.97435
1.82459
2.00575
2.10566
2.10427
1.92131
2.10858
1.90004
1.99047
1.90282
1.95933
1.97408
2.11512
2.19109
1.90641
2.15977
2.0262
2.01099
2.04699
2.08615
1.87557
1.84593
2.07823
2.1024
1.97808
2.18032
2.14358
1.96356
2.08095
1.96059
2.08393
1.8884
1.97531
1.78568
2.07808
1.98754
2.02328
2.05319
1.986
1.86148
2.1156
2.04295
2.06974
1.99064
1.95528
2.16005
1.88873
2.14991
2.00951
2.03215
2.09136
1.94463
1.93084
1.92866
1.93783
1.97359
1.90706
2.01656
1.93632
2.00499
1.68435
2.0603
2.01646
2.00712
2.18438
1.97911
2.03689
1.99514
1.88907
2.16079
2.1683
2.15268
1.97579
1.89431
2.02541
1.97506
2.012
1.89773
1.9965
2.02121
2.04749
2.14123
1.84048
1.94638
1.93634
1.96611
2.10603
1.88383
2.00987
2.13287
2.06277
2.07236
1.991
2.0613
2.17102
1.95822
2.02443
1.93152
1.89168
1.99304
1.82105
2.04749
1.95769
2.06213
2.10992
2.1138
1.98604
1.86938
1.86236
2.03201
1.87998
1.92672
2.11458
1.98926
1.92767
2.06823
1.97581
2.12121
2.05926
1.92566
2.25506
2.04898
1.99045
1.98588
2.13621
1.82975
2.19859
2.01597
2.18192
2.04937
2.07372
2.0523
2.12493
2.06349
2.05285
1.93184
1.87171
2.20774
2.0419
2.04657
1.89747
1.92133
2.03455
1.93108
2.18152
1.88908
1.90904
2.17922
2.168
1.9056
1.82612
1.9706
2.08911
1.77617
1.85759
2.14452
2.11065
1.82272
1.96868
2.01211
1.89638
2.05679
2.21996
2.08766
2.00414
2.08933
1.94563
1.97749
1.93027
2.00128
2.08335
1.97032
1.97483
1.99473
2.10472
1.96254
1.93727
2.02625
2.0037
1.94036
2.09826
1.97523
1.86623
2.12564
1.93235
1.95932
1.93296
1.95714
1.8926
2.30446
2.24543
1.916
1.92534
2.15899
2.06494
1.98689
2.1315
2.05521
1.88746
2.0316
2.10996
1.98866
1.95449
2.05214
2.09819
2.05056
1.94233
1.94919
1.94467
1.86517
1.9436
2.17537
2.00625
2.0067
1.99887
1.84951
2.10971
2.06996
1.98182
1.92433
1.88993
2.01069
2.00992
2.01444
1.95463
2.10579
1.92576
2.13862
1.93615
2.08688
1.895
1.92143
2.0412
1.99484
2.10022
1.88988
1.95938
2.02557
2.02581
1.9491
2.02498
1.91033
2.0192
2.20285
1.88507
1.91585
1.89417
1.87654
1.98281
2.01031
2.115
2.00296
1.94696
1.89174
2.08812
2.03132
2.07045
1.92175
1.88348
2.15888
1.9049
1.92722
1.95698
2.15999
1.92177
1.99126
1.96282
2.01318
2.042
1.93116
1.98481
2.20209
1.85809
1.96296
2.03878
2.0386
1.90815
2.19276
2.11595
2.01905
1.87582
2.02285
1.9098
2.04016
1.84823
2.06818
2.02093
2.17377
2.05796
1.9749
2.00369
1.80894
1.93016
1.94267
2.03314
1.99256
1.94325
1.96277
2.0942
1.8193
2.043
1.98596
2.10639
1.90292
1.97989
1.97473
2.00221
2.06662
2.07697
2.11742
1.96124
2.00992
1.91792
1.97398
1.95962
1.95529
1.97625
1.91064
2.03589
2.06902
2.17662
2.19597
2.03992
2.08362
2.10169
1.92414
1.99051
2.04647
1.80175
2.06177
1.89238
1.87685
1.89755
2.11562
2.02699
2.00789
1.97102
1.8094
2.04594
1.80051
1.94981
2.08763
1.92428
2.12133
1.99213
1.78608
2.14129
1.95033
1.90104
2.03029
1.85732
1.87206
1.94144
1.94765
2.01264
2.02007
2.09145
2.03622
2.0013
2.08002
2.10865
1.96119
2.16563
2.04026
2.12148
1.98781
1.84084
2.05632
1.85633
1.9828
2.11015
2.09955
1.97535
2.00566
1.87437
1.78625
2.00242
2.03874
1.97344
2.0255
2.05145
1.83237
1.96538
1.98371
2.01137
1.91982
2.09367
2.10499
1.94192
1.82777
2.05171
2.0682
1.97348
2.06632
1.96788
1.88672
1.95172
2.11939
2.02604
2.05527
1.89548
2.0276
2.12465
1.903
2.12961
1.99227
2.03627
2.15563
1.93975
2.04278
2.0476
2.09934
1.84115
2.07682
2.02283
2.1375
1.96168
2.059
1.95844
1.97853
2.12666
2.08455
1.92156
2.03369
2.06392
2.05148
2.11568
1.99871
1.90783
1.92593
1.95653
1.91415
1.94979
2.0701
2.03708
2.00925
2.00338
2.00272
1.95951
2.13291
2.01076
2.0605
1.91742
2.02341
1.95058
2.05554
1.87883
1.98607
1.95529
2.01135
2.1078
1.91383
1.82376
1.9095
1.85143
2.02739
2.04515
1.84555
2.11373
2.10537
2.04504
2.05582
2.03542
1.99687
2.00545
2.04333
2.11684
1.85319
2.07959
2.03083
2.05867
2.12602
1.96302
1.97408
2.02151
2.03081
2.05141
1.91374
2.0255
2.11144
2.0484
1.91818
2.00656
2.00264
2.03683
2.04228
1.90094
1.94773
2.1502
2.03235
2.09848
2.15047
1.96264
2.11942
2.17449
1.86755
1.90531
2.01836
2.0016
2.06931
2.04478
1.8633
2.10769
1.89307
2.23932
1.96055
1.98232
2.09293
1.89553
1.98129
1.9153
2.08799
1.97345
2.10326
1.9647
1.99432
1.93067
2.06487
1.9647
2.00202
1.90827
2.07541
2.08248
1.96048
1.87513
2.12599
2.03867
2.15943
1.9551
2.00506
2.12247
1.92935
1.80585
1.91668
1.90956
2.1062
1.93604
1.92325
2.07736
1.88921
1.89781
1.97446
1.97475
2.19635
1.88333
2.12367
2.03889
1.9943
2.22263
2.05237
1.94056
2.02445
1.85671
2.25342
1.94545
1.88125
2.0491
2.19169
2.02335
2.25538
1.91724
2.01942
2.11299
2.07222
1.70814
2.01792
1.87669
2.00104
2.20713
1.95396
1.90523
2.10267
2.15404
2.14025
2.08447
1.91225
2.00556
2.01262
2.15064
2.21879
1.93645
1.98225
1.97298
1.92749
1.95854
2.00115
2.12502
1.99945
1.97936
1.86896
2.1753
2.03794
2.17293
1.93696
2.11571
2.07704
1.86373
2.03692
2.02366
2.0394
1.94176
2.02172
1.94946
2.1731
2.09214
1.92714
1.89543
2.01411
1.9255
2.04218
1.87021
1.94201
1.93231
2.02516
2.00982
2.02244
1.98392
2.012
2.01083
1.83575
1.89457
2.07398
2.09702
2.08342
1.94925
2.00023
1.86298
2.06878
2.14364
2.13542
1.91097
1.9584
1.90901
2.10548
1.97152
2.06519
1.92023
1.98656
2.00414
2.06304
1.87259
2.00985
1.9287
2.04486
2.02274
1.96322
2.04654
2.02484
2.012
2.02419
2.13802
2.1402
2.1093
1.89138
1.92267
2.07797
2.01707
1.86071
1.93627
2.10564
1.98096
2.11548
1.91646
1.94861
1.93421
1.895
2.03742
1.90305
1.96099
1.98978
2.03094
1.8131
1.97296
2.05592
2.0499
1.78123
2.07547
2.12063
1.99638
2.16109
1.86757
2.01164
1.8345
1.81846
1.89378
1.94245
2.03239
2.06905
2.0509
1.95076
2.00418
2.0421
1.92973
1.99921
1.96797
1.71286
2.1486
1.92488
1.89223
1.85172
2.01124
2.1395
2.01672
2.15498
2.01361
2.1722
1.92152
1.88635
2.0245
1.99051
1.908
1.81257
1.98672
1.91907
2.12637
1.95357
2.00232
1.96004
1.81925
2.04487
2.05688
2.26914
1.9815
2.16757
2.14321
1.80305
2.03745
1.92561
2.0026
2.17416
1.88968
2.07956
2.08453
1.91027
2.02226
1.94859
2.06294
2.05128
2.04393
2.07186
2.07912
1.91902
1.97623
1.94343
2.04946
1.94412
2.00244
2.21739
1.85844
2.04967
1.99604
2.00364
1.87937
2.02895
1.84844
2.08601
2.17378
1.95649
1.95684
2.01416
1.98217
2.16221
2.02515
1.94086
2.01472
1.94802
2.0733
2.0653
2.05006
2.07899
1.88661
1.96132
1.98852
1.95577
2.04597
2.0288
2.01334
2.0982
1.76045
2.03279
2.14765
2.03165
1.98391
1.97174
1.81917
2.01404
1.92957
1.99207
1.97654
2.012
2.01757
1.8938
2.23755
1.97217
2.18386
1.84244
1.97952
2.14345
1.99522
2.04706
2.21638
2.10183
1.98358
1.93529
1.9171
2.15114
2.09207
2.01939
1.93403
2.0818
2.13067
2.04351
1.90147
2.08009
1.93441
2.19265
1.99717
2.03101
2.06508
2.08555
1.85889
2.08243
1.98964
1.94072
1.98912
2.00036
1.97862
1.94814
1.9984
1.89672
1.93867
2.01467
2.09527
1.88796
1.92157
2.14095
1.92908
1.8699
1.75107
1.82635
2.04674
2.04429
1.97388
2.13447
1.9768
1.79987
1.98683
1.93664
1.86595
2.02292
1.95481
2.13032
2.19379
1.90555
1.97418
2.05282
2.06828
2.03092
1.87451
1.98336
1.94283
1.98556
2.01263
2.00634
1.98267
1.91188
1.86655
1.98204
1.91141
2.08815
2.10195
1.9354
1.82478
2.03528
1.91167
1.89286
1.99917
2.04257
2.00522
2.07708
1.83542
1.73406
2.09339
2.01088
2.0811
1.94818
2.08935
2.0743
1.95826
1.89002
2.02624
2.09348
2.00621
1.89298
2.11265
2.12606
2.13489
1.99046
2.05425
1.99201
2.05037
2.18044
2.12591
2.01173
2.02826
2.05181
1.91824
1.98797
1.92804
1.91587
1.98301
1.92021
1.96579
1.87039
2.07617
2.07753
1.93106
2.04653
1.95989
2.16371
2.01168
1.95423
1.87122
1.89567
2.15638
1.8514
1.88064
2.09044
2.0462
1.86058
2.04146
2.0194
1.80373
1.84485
1.99374
2.2052
2.12057
2.11153
2.12832
2.03297
1.96985
2.04737
1.9385
2.0915
2.12848
1.82011
2.05697
1.90119
1.9132
2.24344
1.81995
1.86931
1.78327
2.12904
2.00426
2.03552
1.91195
1.85652
1.91291
2.07319
1.90416
2.13456
1.86282
1.86069
1.99295
2.09015
2.02716
1.96795
1.87251
2.01021
2.13728
2.18511
2.03667
2.11596
1.94567
2.00918
2.02963
1.95863
2.05481
1.99279
2.0799
2.1166
2.02665
1.91978
1.76936
2.05732
1.87125
2.02852
2.00469
2.11546
2.02764
2.08777
2.02499
1.91104
2.01711
2.00004
1.92097
1.99244
1.89942
2.00186
2.00741
2.08173
1.86755
1.9595
1.85697
1.9953
1.98231
1.89108
1.90099
2.08485
2.09991
1.85736
2.10561
2.02977
1.89218
1.89824
2.12442
2.01376
2.22953
1.98092
2.0404
1.92837
1.95728
1.9945
2.0337
1.96338
1.85483
1.96824
2.08562
2.08803
1.928
1.91259
2.01998
1.94863
2.10795
1.82018
1.93539
1.90044
1.90572
2.18987
2.09128
2.04042
2.00397
1.94164
1.95156
1.93034
2.08528
2.12664
2.05966
2.01163
1.98889
2.1653
1.87334
1.99368
1.97707
2.01803
1.96419
1.95295
1.91011
1.98829
2.03162
2.05003
2.05666
2.08319
2.15839
2.05181
2.1306
1.98322
2.05352
2.1586
1.90545
2.09986
2.04731
1.94133
2.11049
1.98471
1.9424
1.9904
1.99948
2.10199
2.05869
1.93862
2.05072
1.90645
1.99108
2.0911
1.907
1.79463
2.05931
1.9948
2.0834
2.17113
1.95558
2.09373
1.90606
2.10528
1.96588
2.17221
2.12254
1.89346
2.03724
1.79728
2.01327
2.00176
1.91518
2.0933
2.01008
1.99842
2.14356
2.01094
2.17732
1.95574
2.01054
2.20183
1.95043
1.90721
2.08018
2.18169
2.08051
2.14206
2.112
1.92374
1.85967
2.06671
2.20914
2.03825
1.8288
1.99863
2.02654
1.95732
2.00681
1.88147
2.00494
2.09844
1.98872
1.94858
1.89435
2.16851
2.07721
2.08981
1.84933
2.16668
1.98204
1.85603
2.05893
2.03224
2.13358
2.15329
1.94973
1.94698
1.99172
1.98276
2.03899
1.94231
1.89251
1.95282
2.01492
1.87628
2.13078
1.97678
1.99283
1.95551
2.012
2.00217
1.92262
1.93842
2.05076
1.92586
2.11288
2.07035
1.88414
1.93717
1.90193
1.85138
2.12011
2.04467
1.97594
2.13951
1.99889
2.08598
2.17726
1.91586
1.91481
1.70824
1.91741
2.15706
1.95492
1.94891
1.76771
1.93553
1.98149
1.98074
2.1013
1.92511
1.97102
1.98228
1.93618
1.84446
1.96759
1.86345
2.19306
1.98613
1.96197
2.00739
1.97455
2.02223
1.82184
1.91972
1.92237
1.99023
1.97572
1.90623
1.89114
2.35479
2.12553
2.01985
1.86164
1.71063
1.82433
1.85561
2.06212
1.88723
2.05855
2.03281
1.96389
1.93209
1.94348
1.99255
1.95071
1.96621
1.93583
2.00462
1.89266
2.0723
2.16167
1.84395
2.03181
1.96691
1.98764
2.19747
1.92305
2.09549
1.89513
2.00799
1.9489
2.02177
1.9394
1.93745
2.04547
2.20989
1.8616
2.03423
1.95095
2.00814
2.06741
1.85977
1.89517
2.00238
2.13519
2.02108
1.99741
2.04818
2.09267
2.07471
2.15851
1.93081
2.06849
2.06589
2.00783
1.91273
2.15964
2.01698
2.08649
2.08318
2.03604
1.95978
1.94113
2.13829
1.93531
1.87645
2.02113
1.96642
1.90324
1.96709
2.07768
1.94378
2.04554
1.9723
2.04548
2.02455
2.13092
2.083
2.06794
1.86755
2.00849
1.87899
1.94018
2.07633
1.96039
2.10016
2.00061
2.0596
1.89667
1.98572
1.98351
1.9136
1.86481
1.94037
1.92095
2.08781
1.93454
2.12178
2.01118
1.95933
2.16289
2.08752
1.93739
2.03031
2.06347
1.90583
1.82914
2.1321
1.94032
2.05767
2.04437
2.08905
1.9319
1.87853
1.99684
1.9017
1.99773
1.82214
1.97079
1.99389
2.07865
1.97578
2.10833
1.98988
1.97388
1.87446
1.97506
1.94293
1.98485
2.20607
2.05255
1.86494
1.97012
1.92001
2.05875
2.14291
2.07918
1.96824
2.14334
2.16007
1.99864
2.05266
1.86898
1.84585
1.92438
2.04114
1.97094
1.9073
2
1.89428
2.01222
1.91384
1.98327
2.03876
2.18969
2.00269
2.00223
1.97482
1.85869
1.89101
1.88396
1.95692
1.94923
2.21744
1.99683
2.02494
1.83992
2.04286
2.08386
1.96468
1.99458
1.96183
2.09181
1.96188
2.04971
1.99311
2.07193
2.16834
2.04893
1.94336
2.05146
1.96162
1.97231
1.97315
2.09335
1.96672
1.86879
1.93452
1.84232
2.00609
2.01282
1.99714
2.11086
2.03902
2.0375
1.87643
1.9339
2.10008
2.08859
2.05577
1.91135
2.05444
2.04745
1.92964
1.904
2.06029
2.1832
1.98984
2.04264
1.90762
1.87145
1.98147
1.99155
2.10709
2.16154
2.02732
1.9652
2.22602
2.14604
1.9488
1.81176
1.94282
1.97733
2.01347
1.98845
1.81835
2.04274
2.02803
2.00497
2.04658
1.91608
2.03646
1.91495
2.01619
2.01024
1.98684
2.05106
1.96807
1.98045
1.94742
2.04852
2.14578
2.02461
2.10456
1.92401
2.01277
2.06576
2.07032
2.14935
2.00848
2.04519
2.03153
1.93078
1.90393
1.99975
1.97904
1.98478
1.90394
2.06565
1.94697
1.91328
1.84926
2.0303
1.90905
2.14448
2.03888
1.96639
1.9664
1.92172
2.17656
1.90131
1.99788
2.12348
1.84926
2.08035
2.08305
1.99939
1.99182
1.74209
2.05588
1.97895
2.15752
2.16754
1.93247
2.05434
1.93807
2.08641
1.9329
2.18822
2.07348
1.79938
1.99114
2.00604
1.93412
1.96315
1.93368
1.86304
2.13188
1.98028
2.01016
1.99866
2.0456
2.13019
1.92739
2.0203
1.97251
2.0711
2.05978
1.97317
1.89095
1.91543
2.13353
1.96648
1.94564
2.13674
2.17569
2.17945
1.86862
2.06963
1.97754
1.9707
1.97215
1.92212
1.93234
2.02854
2.02399
2.04996
2.05498
1.92985
1.878
1.94472
2.12925
2.13439
2.05138
1.90786
2.11103
1.97065
1.89441
1.95523
2.15912
1.85484
2.01183
2.08127
2.08469
2.02311
1.93664
1.97432
2.18186
2.1466
1.95466
1.95076
1.95625
2.1759
2.11743
1.87374
1.91792
2.0984
1.99944
1.91264
2.01401
2.03622
1.84768
1.89342
1.99678
2.13272
1.98906
2.00225
2.04289
1.89147
1.93996
2.06773
2.08067
2.04261
2.02907
1.99268
2.03288
2.15316
1.98055
1.91602
2.00827
2.16648
1.85594
1.94512
1.99786
1.82261
2.01596
1.80474
2.16889
1.90244
2.05209
2.10821
2.10104
1.9236
1.95435
2.09962
2.02187
1.81526
2.09292
1.97101
2.13197
1.88614
2.03953
2.06431
2.11937
1.97977
1.98146
1.89942
1.94446
2.11463
2.05315
2.0269
1.96543
1.97652
1.96712
2.04095
2.1981
1.87743
1.94752
2.04185
1.83085
1.98633
2.09812
2.05727
1.95432
1.95153
2.01553
2.00863
1.96473
1.96385
2.00212
1.93853
1.93936
1.8999
2.03475
2.11373
2.05689
2.0817
2.3486
2.01458
1.99831
2.06634
1.946
1.96355
1.98523
1.98077
2.16215
2.13212
1.94302
2.06564
1.97852
1.91778
2.08624
2.05941
2.01415
2.01826
2.15265
2.01102
1.98118
1.98832
2.02027
2.04675
2.05548
1.97026
2.04527
1.9975
2.00639
2.03292
2.09798
1.92552
1.91177
1.99007
2.13773
2.06229
2.03413
1.8891
2.0649
2.02658
2.0321
2.08121
1.87908
1.96874
1.99466
2.12589
1.77546
1.97849
2.10124
2.12016
1.97279
2.19248
1.76705
1.98606
2.1693
1.93781
1.93465
1.92588
1.99065
2.1262
1.96349
2.09222
1.95931
1.96261
2.15674
2.07886
1.99349
2.11553
2.0013
1.89237
2.06092
2.12332
2.02697
1.97915
2.06085
1.84962
2.1099
2.02124
2.0059
2.01714
2.05521
1.94811
1.92976
2.20019
1.97914
2.06253
1.99916
2.02819
1.99862
2.1187
2.17007
2.02542
1.96815
2.00969
2.09209
1.96018
2.12876
2.12528
2.12483
1.95381
1.92791
1.94289
1.93126
1.8765
1.87079
1.94638
2.09293
1.95511
1.986
2.06692
2.07351
2.02179
1.98612
1.98345
2.03167
1.94343
1.97058
1.92692
2.01472
2.0603
2.07417
2.03364
2.11002
2.06042
1.93734
1.95264
2.01908
1.99665
1.93249
1.93876
2.05347
2.10911
1.965
2.06232
2.04642
1.91123
1.98577
1.85769
1.97472
1.88657
1.90855
1.9861
1.83355
2.20887
2.03429
1.91741
2.14494
2.02518
1.94662
2.18456
1.90848
2.04865
1.9066
2.19522
1.92095
1.94481
2.11433
1.95747
1.99229
2.08347
2.07779
1.9754
2.03189
2.00689
1.95093
2.00321
1.84235
1.86075
2.10089
1.92812
2.06991
1.93199
1.89441
1.96348
1.80741
1.92749
1.95828
1.89848
1.86811
1.83535
1.97269
1.96212
2.11115
2.00156
2.00421
1.97009
2.07564
1.98097
2.05126
1.89344
1.71903
1.85804
1.93058
1.91769
1.93374
1.96239
2.04762
1.79072
2.08849
2.0016
2.03831
2.19394
2.00278
2.21329
2.02679
2.0458
2.08738
1.97693
1.91735
2.06976
1.89126
1.91964
1.81948
2.03743
1.95225
2.01165
2.10766
1.95685
2.06885
2.0109
1.91149
1.91482
1.8577
1.9246
1.78149
2.10176
1.95335
1.87651
1.96351
2.09938
2.0251
1.77009
1.98109
2.02255
2.10838
1.86114
1.9401
1.94282
1.8769
1.9203
2.39791
2.02204
1.9427
2.15626
2.05726
1.99846
2.05363
1.96456
1.86861
1.96376
2.12404
1.99572
2.08119
2.09856
1.92217
1.92323
1.97178
1.96836
2.14517
1.97911
2.05781
2.06576
2.16389
1.99327
1.8388
1.99211
2.02575
1.89535
1.90237
2.06248
1.9955
1.96019
1.9788
1.93327
2.02567
1.92743
1.90319
1.86146
1.96043
2.05385
1.94228
1.94945
2.09539
1.97929
1.90971
1.94866
1.99554
1.95015
1.86849
1.92525
2.09927
1.95854
2.015
1.83982
1.90173
2.00879
1.84227
1.84427
2.01593
1.9028
1.93741
1.92783
2.11002
2.09849
1.91251
1.94161
1.99697
1.89941
1.99097
1.96787
2.03015
2.0276
2.07978
2.0285
1.91584
1.88088
2.20581
2.11951
1.86899
1.97342
1.96697
1.80771
1.96496
2.21991
1.94586
2.04821
1.9142
2.16816
2.05866
1.8887
1.9247
2.02744
1.94153
2.0153
2.01625
2.05936
2.14204
2.0868
2.20276
1.89952
2.03574
2.12961
2.04086
1.93398
2.11568
1.84306
2.02453
2.02654
1.90951
2.2067
2.03755
2.0661
1.89601
2.00735
1.89616
2.02446
1.9609
2.08026
2.07357
1.9877
1.92789
1.90903
2.07709
2.04061
2.05227
2.14347
2.0629
2.01148
2.02811
2.0409
1.89566
2.05481
2.01427
2.0223
2.12894
1.88673
2.04892
2.13948
2.07207
1.87663
2.00289
2.03469
2.00497
1.82495
1.91895
1.89675
1.98579
2.00078
1.86169
2.09462
2.12374
2.21941
2.07982
2.1127
2.04597
2.02076
1.96714
1.9815
2.08637
1.95342
2.07247
1.84986
1.97519
2.05377
1.97571
2.08815
1.95599
1.88153
1.84844
1.9575
1.9818
2.07581
2.17107
2.1912
1.97154
2.04377
1.82217
2.06843
1.82391
2.08268
1.97495
1.99065
2.09373
2.05651
2.19439
2.11732
2.19312
2.15574
1.92735
2.07458
1.99493
1.82592
2.27373
2.00481
1.79827
2.0332
2.1152
2.03455
1.97087
2.01755
2.1173
1.99974
1.92901
2.16713
2.05346
1.91622
1.84075
2.03041
1.84929
2.14812
2.16891
2.02033
2.0859
2.01111
2.09967
1.98668
2.09831
1.9292
2.14415
1.96445
1.93619
1.98608
1.80915
1.81059
2.09484
2.06881
1.91405
1.96286
2.00364
2.02107
1.89163
1.97371
2.08053
2.07081
2.0066
1.93918
2.03133
2.31129
2.10408
2.04252
1.97818
2.07055
1.86846
1.93008
2.0441
2.00062
2.10868
1.89491
2.08511
2.04951
1.95517
2.15156
1.96745
1.94912
1.99925
1.98508
2.00438
1.95148
1.85183
1.87918
2.06043
2.07557
1.97639
2.0916
1.9763
2.05642
2.03662
1.90541
2.00071
2.035
2.0017
2.036
1.96222
2.02289
2.01779
1.99495
1.92219
1.88449
1.96435
2.07638
2.05195
2.03329
2.23349
1.89124
2.21649
2.02358
2.09131
1.97723
1.98487
1.74911
2.02186
1.91051
1.93851
1.97966
1.98678
1.96674
1.84889
1.86703
1.89627
1.84603
2.16962
1.86048
2.09186
2.07951
1.86346
2.17931
2.10209
1.83124
2.00364
2.04417
1.95713
2.21648
1.98639
1.91999
2.0649
1.80509
2.06224
1.82294
2.10038
2.05274
2.17172
1.85051
1.90022
2.09623
2.15769
2.08342
1.86018
2.03586
2.14736
2.05485
1.90284
2.075
2.21885
2.22314
1.96116
2.0863
1.98514
1.96452
1.93938
1.88874
2.22662
1.77702
2.02254
1.92054
1.96825
2.16632
2.08377
1.83798
1.94815
1.99514
2.07725
2.01782
2.13162
1.90082
2.06943
1.85684
1.80117
1.9671
1.9841
2.1636
2.11399
1.88704
1.87543
2.04329
1.97458
1.79518
1.96261
2.09048
2.08121
1.99817
2.05394
1.76862
1.84975
1.93802
2.07192
1.89554
2.09236
2.00061
1.90792
1.90607
2.13621
1.96906
1.96747
1.97424
2.08685
1.76912
2.04931
2.14419
2.00447
1.92725
2.04598
2.12859
1.89258
2.09414
2.01157
2.03246
2.03824
2.18569
2.08517
2.05615
2.00961
1.96555
2.11534
1.92982
1.94976
1.89366
2.09169
2.03906
2.02203
2.05185
1.94469
1.9293
2.07631
2.00892
1.97541
2.00156
1.92242
2.1071
2.0215
1.91791
1.96959
2.01816
1.99855
2.12269
1.90504
1.91496
2.02598
2.02631
2.01972
1.85789
1.85871
2.15068
2.09457
2.14199
1.96244
1.94558
2.16622
2.08465
1.87859
1.92954
1.89357
2.03967
1.97902
2.09167
1.99703
1.98219
2.09411
2.22884
1.93297
2.11132
2.13176
1.91769
2.00228
1.83766
2.09347
1.91194
1.94671
2.08611
1.9063
2.0171
1.99902
2.00027
2.11917
2.10386
2.04011
2.03815
1.99626
1.962
1.87247
2.07322
1.88282
1.77759
1.93769
2.07813
2.03839
2.07498
2.01553
2.13966
1.86502
1.95376
2.0635
2.00279
1.88821
1.90511
2.11466
1.97622
1.80017
2.00173
1.89861
1.97974
2.06887
1.94193
2.04109
2.00891
2.02201
2.02731
1.98916
1.99555
2.00595
2.00968
2.05119
2.11612
1.91748
2.01436
2.06692
1.89083
2.06347
2.09362
2.1538
1.9229
1.96044
2.00406
1.91919
1.91294
2.13415
2.09363
2.03734
2.02475
1.89904
2.09702
1.96779
2.01833
2.04728
2.09331
1.88073
2.05731
1.98187
1.98922
2.16392
1.92195
2.14332
2.02334
2.05844
2.14997
2.05636
2.19736
1.98722
1.89824
2.03089
1.84331
2.06642
2.14174
2.09292
2.03385
1.94871
2.03982
1.87871
1.99901
2.17102
1.97789
2.26604
1.91436
1.99409
2.05053
1.94364
2.04486
2.03557
2.0744
1.95674
2.07651
1.98789
2.10542
1.97655
2.13158
2.08439
2.03227
2.15584
2.07113
2.16948
2.06929
2.08122
2.17555
2.14435
2.16915
2.02074
2.04815
1.89382
1.88878
1.78802
1.85846
2.04826
1.99767
1.89544
2.05384
2.07271
1.96653
1.82575
2.06113
1.9916
1.96066
2.03652
1.94478
2.02972
1.92333
2.08191
1.95017
1.98976
2.07992
1.78658
1.91213
1.92683
2.01793
2.04533
2.08685
2.10464
1.87026
2.05631
2.02621
1.91942
2.12888
2.0101
1.91367
1.9563
2.12121
1.92642
2.09977
1.9899
1.99101
2.00311
2.02249
1.89666
2.06928
2.0565
1.88238
2.00463
2.03743
2.08363
1.87879
2.00969
1.96095
1.94519
2.01139
2.02931
2.11153
2.13562
1.97859
1.96222
2.02436
1.93624
1.96211
1.98526
1.95585
2.03379
2.02134
1.84966
1.89898
1.9986
2.04708
1.98648
2.00676
2.15981
2.17845
2.0064
2.00536
1.81042
1.98838
1.9729
1.94106
2.26803
2.23944
1.91868
2.02343
1.91043
2.02979
2.03022
1.84965
2.06475
1.90367
1.87516
2.03788
2.03374
2.06591
2.01822
2.11479
2.11203
1.89941
2.00828
1.93279
1.92205
1.9349
2.02141
1.87537
2.06196
2.0495
1.92362
1.83026
2.16221
2.05246
2.05537
2.01821
1.91226
2.03693
1.99478
1.95207
2.10276
2.01612
1.8628
1.9153
2.00548
2.02643
2.11638
2.02475
1.97842
1.82469
2.08976
1.85518
1.92645
1.99201
1.99466
1.98096
1.93272
2.04943
1.89632
1.87145
1.99539
2.09325
1.92911
2.04655
1.74427
1.89428
1.87292
2.17902
1.98466
2.18744
2.01979
1.87473
2.0685
2.03914
1.90444
1.96334
2.01778
1.95968
1.88469
1.80625
1.93031
2.01596
1.93677
2.12088
2.03004
2.15364
1.81472
2.11056
2.0919
2.16229
2.11539
1.95108
1.88472
1.95805
2.21131
2.02836
1.97233
1.91802
2.02113
2.00847
2.02533
1.98714
1.86119
1.97821
1.98799
1.91394
1.86784
2.0465
2.01099
2.08758
1.93729
2.07448
2.02757
1.99715
2.12684
2.05105
1.97032
2.02397
1.94848
1.98691
1.89044
2.0256
2.13603
2.06447
1.9626
1.94413
1.92213
1.90783
1.9706
1.92811
1.90653
1.99273
1.99821
2.00515
2.12302
2.10512
2.09181
2.05773
1.76874
1.86228
2.01087
2.30726
1.99786
2.03731
1.93542
1.91721
1.88227
1.98689
2.0362
2.13248
2.05041
2.06528
1.90005
2.00212
1.93994
1.92442
2.0123
2.01312
1.97512
2.04111
1.97974
2.06139
2.14958
1.97154
1.77987
2.00569
2.12484
1.99031
2.00434
1.94762
2.02191
1.96315
2.01263
1.97086
1.87511
2.22888
1.85816
2.11285
1.84969
1.91744
2.01951
2.15415
2.09639
2.21005
1.91367
1.96149
2.10918
2.02813
2.10479
2.02663
2.00342
2.07464
1.8122
1.99231
2.02753
2.10221
1.95838
2.03193
1.98272
2.13911
2.37505
2.05006
2.00208
1.99597
2.20212
1.93987
1.95871
2.01775
2.0856
1.90777
2.29512
1.92716
1.99833
2.13746
1.92915
2.03837
2.05259
1.83319
1.87374
1.92436
2.07924
2.043
1.9439
1.91819
2.13267
1.95197
1.87673
2.14466
2.02158
1.97797
2.16141
2.01103
2.06506
1.96093
2.04035
1.83502
1.87382
2.10348
1.98972
2.28496
2.05909
1.8917
1.84034
1.98992
1.95015
2.1896
2.12391
1.89784
1.98999
2.08639
2.06951
1.93482
2.11055
2.02293
1.9995
1.98564
2.06064
1.99426
2.09674
1.99765
2.10322
2.05729
2.01154
1.94406
2.05712
2.02516
1.95848
1.9493
1.8007
2.13136
1.98267
2.12996
1.97237
2.12176
2.09346
2.18197
1.75527
2.1399
2.06778
2.17401
1.96022
1.95625
2.02092
1.86838
2.04458
2.05441
2.04976
2.01938
2.09271
1.91563
1.9457
2.12629
2.02543
2.07637
1.91102
2.02319
1.95547
2.02921
1.93941
2.16033
1.94388
1.87525
1.88086
2.09185
2.10789
2.15792
2.01335
1.88657
2.01534
2.01743
2.03324
2.0754
1.85752
1.95109
2.09422
2.01128
2.06147
2.04941
2.05101
2.05429
1.97506
2.25671
1.98093
2.06404
1.85374
1.95999
2.10472
1.97751
2.05699
1.89255
2.00697
2.05408
2.04449
2.01408
1.95227
1.86372
1.96901
2.05263
2.15895
2.03565
2.02759
1.8466
1.99029
1.9479
1.88325
2.16296
2.00231
2.06853
2.01909
2.02132
2.08086
2.01225
1.93309
1.94338
2.00837
2.18441
1.93397
2.12759
1.99139
1.92318
2.06319
2.02525
2.07832
1.94924
1.98351
1.93848
2.03499
2.14881
1.90664
2.15214
2.12237
2.08812
1.99956
2.09382
2.02062
1.89473
1.874
2.03719
1.99848
1.79158
2.01203
1.8901
2.046
1.9864
1.93496
2.18642
1.90001
2.11008
2.00721
1.93467
2.06239
1.91781
1.89098
2.13734
1.93339
2.04823
1.95872
1.99878
1.9827
2.05769
2.00809
1.99743
1.99845
1.84284
2.05912
1.95295
2.04311
1.97217
2.10115
1.96889
1.97867
2.06248
2.04668
2.14093
2.03815
2.02046
2.03391
2.0695
2.16576
1.89723
2.08319
2.10398
2.07188
1.92014
2.00477
2.05469
1.94869
2.07507
1.93514
1.99373
2.04195
2.06767
1.83952
2.00563
2.09599
2.04695
2.15297
1.8942
2.29078
2.04652
1.88675
1.98693
1.94344
1.92684
1.95393
2.02924
1.92803
1.81937
2.03452
2.13219
2.05352
1.91703
2.07778
2.01384
2.1181
2.03905
2.06771
1.96005
2.0867
1.98203
1.93019
2.10696
1.94017
1.96998
1.9242
1.98846
2.13056
2.06304
2.0759
1.95704
2.0498
1.95679
2.06539
1.87537
1.97152
2.05332
2.05621
2.03412
2.06355
1.94239
2.10292
2.10525
2.10575
1.97573
2.04436
2.18655
1.93264
1.92087
2.03502
2.01856
1.99635
2.01734
2.09149
1.84694
1.97903
1.85014
2.01136
1.89964
1.99148
2.00186
2.03769
2.04463
2.02894
1.94755
2.00788
1.99775
1.86713
2.06313
2.00258
2.08312
2.07982
1.96914
1.9187
2.19609
2.06764
2.07025
2.20729
2.09562
2.02401
2.05007
2.06319
2.00785
2.07777
1.97858
1.92359
1.95221
1.98506
2.0249
1.91244
2.00873
2.20718
2.06419
2.03058
2.15809
2.0784
2.08085
1.81472
1.9074
2.03174
2.07805
2.1295
2.04059
1.89678
2.11112
1.97187
1.98824
1.94831
1.99291
2.01946
2.09511
2.02482
2.03727
2.02259
2.06957
1.95024
1.9123
2.09581
1.91276
1.93387
2.02879
2.03768
2.05621
1.954
2.11821
2.02346
1.85858
2.01988
2.06975
1.95662
2.03665
2.00599
1.93244
2.07401
2.01202
1.98575
1.99734
1.90856
1.90777
2.0276
1.84547
1.9707
2.15378
2.0837
2.01501
1.84047
2.06597
1.9682
1.86456
1.96277
1.94038
1.95842
2.10973
1.95256
2.03636
2.03603
2.12311
1.90506
1.9167
2.12131
2.00013
1.90777
2.00102
1.93674
2.0655
2.09299
2.03108
1.95149
2.07437
1.96319
2.19484
1.92742
1.8633
2.073
1.91505
1.95674
2.11643
1.94647
2.00798
1.99135
1.8382
2.02061
2.12964
2.00667
1.93326
1.92142
1.98639
2.02264
1.88161
2.03779
2.01198
1.97474
2.06092
2.11171
2.05635
2.0432
1.92292
2.0801
1.95676
1.95795
2.0535
1.9211
2.06377
2.00551
1.88689
1.98395
1.88174
2.04783
1.96004
1.98361
1.94939
1.98671
2.1479
2.15489
2.03132
2.00633
2.07247
2.0814
1.97517
1.94485
2.06806
1.7991
1.98034
2.05023
1.93414
2.04445
1.79612
2.09191
1.74363
1.88528
1.93494
2.01474
2.08007
2.00316
2.01426
2.05615
2.12583
1.96633
1.88562
1.92658
1.8418
2.07731
2.005
2.076
2.17151
2.05911
2.16465
1.94335
1.97868
2.01162
1.90228
1.98893
1.92304
1.95947
1.98671
1.92085
2.15584
2.06662
1.90871
1.96573
2.08631
1.85199
2.21204
1.87056
1.91668
1.9977
2.1692
2.05945
2.08762
2.01476
2.15556
2.0518
2.02434
1.97424
1.91948
2.05843
1.85873
2.05947
1.89367
2.18174
1.96911
2.0798
1.85802
2.09945
2.17955
1.97816
2.05726
2.05707
1.93022
2.07283
2.06778
2.0273
1.90898
1.99262
2.03631
1.98039
2.15525
2.05733
2.03185
1.98031
1.85563
2.13242
1.99011
2.00858
2.08337
1.99753
1.97588
1.94507
1.93516
1.96032
1.97594
1.98816
2.13285
2.26453
1.83979
2.00944
2.11682
2.04814
2.1899
2.0732
2.11215
1.90625
1.83083
1.9031
1.94133
2.12322
2.07836
1.88742
2.02124
2.07839
1.99985
2.03951
2.17753
2.04494
2.02677
2.13617
1.84193
1.99526
1.9603
2.12928
2.06662
2.0389
2.08594
2.05473
1.95232
2.05994
1.99535
1.86012
1.81693
1.98327
2.1185
1.97104
1.9477
2.09384
2.02574
1.93112
1.98888
2.05036
2.06387
1.89475
1.8988
2.02965
2.00175
2.02891
1.90328
2.02656
2.24511
1.95565
1.86512
2.01094
1.95172
1.96104
1.9521
2.07172
1.9889
1.96858
1.8631
2.04695
2.25253
2.15023
2.02274
1.84622
1.91019
2.09191
1.92042
2.14235
2.01149
2.23241
1.84819
2.19624
2.06545
2.10247
2.03245
1.9819
1.86645
1.74458
1.99569
1.95558
1.87926
1.87613
2.00542
2.0374
2.04465
1.89601
2.04321
1.84457
2.12239
2.01811
1.95128
1.98125
2.05611
2.04033
2.13312
1.93226
1.89652
1.83438
2.13648
1.97083
1.9497
2.10169
1.92456
2.07952
2.13415
1.88631
1.84814
2.17135
1.93593
1.98565
2.0033
2.02867
1.9662
1.97099
1.96286
2.06457
2.01039
2.06573
2.08104
2.04429
2.08692
1.99613
1.8557
1.78745
2.03777
1.93663
2.04668
1.86576
2.07559
2.0754
2.0735
2.10444
1.98155
2.01538
1.91441
1.73231
2.07519
1.90844
1.9303
2.09397
1.91312
2.1255
2.02159
1.83527
2.21991
2.14731
2.07794
1.88479
1.95442
1.88129
1.89439
1.83628
1.87179
1.96024
1.90602
1.82661
2.12143
2.02584
2.00676
1.99343
1.76662
2.09519
2.12186
1.98765
1.97901
1.81689
1.98061
2.16387
2.03909
2.19872
2.01822
2.03179
2.07047
2.09705
2.03489
1.89886
2.10284
2.01241
1.97818
1.90423
2.00155
2.01741
2.02512
2.07931
2.09353
1.90558
2.01103
1.94711
2.01794
2.04437
1.8329
1.96761
1.95335
1.85573
1.91605
1.95881
2.12079
1.85668
2.18638
1.84252
1.94965
1.91529
1.99401
2.10299
1.83567
2.15488
2.01468
1.79445
2.07528
2.05468
1.8557
2.14421
2.00983
2.20173
2.01816
1.82608
1.82238
2.00605
2.08038
2.19199
2.18929
2.1169
1.97865
1.99347
2.0715
1.99403
2.04831
2.10257
1.99006
1.8711
1.98107
1.96453
1.99776
1.79516
1.84175
2.09142
1.90186
2.02232
2.0284
1.85974
2.17066
2.19905
2.00363
2.09992
2.17897
2.09872
1.93166
2.16611
2.10172
2.01316
2.08113
1.85646
1.88696
1.98773
1.90967
1.9965
2.09267
2.18484
1.97191
2.02747
2.11325
2.02362
1.86762
1.85473
1.88157
2.03669
2.05776
2.08972
1.89414
2.04928
2.05047
2.00935
1.9572
2.02411
1.97097
2.07366
1.80081
1.98591
2.03288
2.08755
2.02719
2.00248
2.02802
1.75159
1.9949
1.94298
2.16913
2.01264
1.95305
1.9817
1.93202
1.97633
2.11009
1.97783
1.93144
1.81301
1.93777
1.97186
2.02302
1.92716
2.06309
2.00928
1.87132
1.84857
2.08099
2.04544
1.89055
1.99494
2.01386
2.00348
1.97905
1.96066
2.02524
1.92478
2.00105
2.06091
2.00771
1.91856
1.98098
1.95342
2.08807
1.96267
1.94024
1.81644
1.96665
2.13155
1.96447
2.09358
2.00437
1.93593
1.96866
1.75416
2.04492
1.96071
2.01554
2.23644
1.98843
1.94738
2.06042
1.95967
1.92918
2.04444
1.95569
2.13142
2.11145
1.98245
2.00653
2.08767
2.09986
2.06413
1.98833
1.90049
1.92238
1.84607
2.06489
2.1143
1.97172
2.12029
2.12515
1.74411
2.00182
2.12489
1.95609
1.91079
1.99641
2.11552
1.91892
2.18522
2.01736
1.83335
1.87792
2.03834
2.03514
2.04308
2.02008
2.11669
1.90836
1.96157
1.9345
1.9776
1.92933
2.05688
1.95436
1.99029
1.95222
1.95456
1.99359
2.07436
2.11929
1.91439
1.94973
2.17119
2.02873
1.9417
1.99566
2.03856
2.12295
1.84171
1.94724
1.91818
2.0434
1.92678
2.05029
1.98572
2.15092
2.05812
1.91875
2.0401
1.96856
2.01582
1.92614
2.04893
2.00492
1.8229
1.86949
2.07659
1.92783
1.88257
1.94544
1.9125
1.95337
2.05014
2.04467
1.90565
1.89894
2.26466
1.96366
2.02529
2.03272
1.90635
2.10085
1.90702
2.15986
1.99903
2.19065
1.85684
1.96093
1.84196
1.87155
2.07014
2.14405
1.97297
2.13176
2.03219
1.92879
1.83821
1.97009
2.0048
2.03982
1.98779
2.05375
1.95961
1.90894
2.09551
2.09985
2.15799
1.98085
1.76344
2.04355
1.83609
1.90761
1.93266
1.77439
2.03039
1.92417
1.91437
2.01429
2.0437
1.90684
2.0338
1.98352
1.89532
2.09123
2.01214
2.00361
1.96288
2.05476
2.07807
2.06895
1.94165
2.05464
2.06219
2.04938
1.76822
1.85505
2.07164
1.97551
1.94202
2.07725
2.02189
2.00373
1.89526
2.03983
2.02843
1.95266
1.95645
1.86923
2.07952
2.09504
1.91775
2.0423
2.07069
2.15641
1.9587
2.05315
2.18496
1.90734
1.92258
1.9411
1.98903
1.95574
1.92211
2.08955
1.9399
2.11939
2.12741
1.94042
1.99372
2.05104
1.87585
2.05043
2.14288
1.95727
1.81429
1.84356
1.94751
1.92194
2.01347
1.89478
1.95915
2.0073
2.01235
1.88951
2.06481
2.01196
2.20921
1.85476
1.96559
1.95277
1.95405
2.00893
2.02805
1.97873
1.96868
1.99651
2.07595
1.83611
1.95033
1.84457
2.23195
2.01901
2.01449
1.85821
2.15385
1.96827
2.01611
1.9539
1.95013
2.02176
2.05767
2.01264
2.06356
2.0343
2.0075
1.81653
2.0067
1.96107
1.85461
1.97705
2.15835
1.8923
1.97577
2.1094
2.15173
1.96622
2.15957
1.99954
2.01139
2.12172
2.00662
2.16975
2.03545
1.90778
2.03027
1.9961
2.0339
2.15046
1.93352
1.98684
2.06356
2.06067
1.82577
1.97195
2.15569
1.91922
2.00745
1.94687
1.8384
1.90546
2.04886
2.23996
2.0611
2.02265
1.82212
2.0808
2.05117
1.89574
1.89144
1.93682
2.10506
2.07644
1.99184
2.04439
2.0707
2.27117
1.94019
2.13726
2.09543
2.04682
1.89224
2.08635
2.0995
1.96043
1.93478
1.98798
2.07193
1.97425
2.08836
1.91792
1.91871
1.7991
2.08259
2.06272
1.90836
2.09774
2.00618
1.99252
2.02321
2.14467
1.98323
2.17665
1.93031
2.15963
2.04425
2.0644
1.85863
2.05614
1.95035
2.09581
2.12856
2.17553
1.95429
1.97218
2.10482
1.90788
2.11562
1.93402
2.15409
1.95237
2.09378
1.96282
2.16472
2.04754
1.91841
1.84061
2.13944
2.00511
2.07296
2.04347
1.96618
1.87089
1.99673
2.07018
2.10779
1.97066
2.0064
1.71949
2.0339
1.95473
1.99967
2.00092
1.9811
2.02663
2.06663
1.94874
2.1351
1.91197
2.03123
2.13922
2.03882
2.19071
2.02451
2.05527
2.00974
2.09124
1.89074
1.99465
1.96274
1.90546
2.03312
2.1117
1.94921
2.00139
2.02552
2.08419
1.8718
1.86914
2.00322
1.96689
1.91185
2.12845
1.91908
2.00193
1.75645
2.02526
2.08348
1.91238
1.98037
2.05025
1.91889
2.03932
2.02041
2.04042
2.20086
1.91836
1.87351
1.91707
2.17821
2.03209
2.08475
1.94197
1.96618
2.01832
2.17071
2.06823
2.01444
2.15106
1.91641
2.04891
2.05299
2.03801
2.07627
1.9755
1.99253
1.94338
2.04874
2.05004
1.94643
2.05598
1.98181
2.08358
2.22968
2.11149
2.18178
2.06272
2.06071
1.91953
2.18323
1.87896
2.17915
1.89391
2.01234
1.97851
1.91536
2.06696
2.00052
1.89417
1.93317
1.99865
2.1012
2.067
2.03873
2.01781
2.10486
1.96547
1.88933
2.06435
1.99973
2.04661
2.07994
1.82194
1.94064
1.6613
2.0934
1.90192
2.08777
1.9247
2.04636
2.17213
1.9325
1.96514
1.97474
1.86807
2.06177
2.0568
1.99079
2.03312
2.02868
1.99489
2.015
1.97107
1.93278
1.84358
1.93223
1.99792
2.0098
1.87862
1.82517
2.08599
1.94164
2.16932
1.94313
2.03236
1.89445
1.96987
2.04071
2.08041
2.15822
2.10055
2.02465
2.0504
1.93008
1.88227
2.11412
2.03012
1.83779
1.98936
2.06717
2.01504
2.04379
2.27982
1.96606
1.9462
1.9064
2.04178
2.12796
2.0047
2.00541
2.11738
1.86734
2.07495
2.07353
2.07326
2.09004
1.86837
1.95464
2.04349
2.11206
2.02053
2.03596
2.094
2.02137
2.04871
2.09352
2.09961
1.89021
2.03227
2.09955
2.00014
2.13484
2.15051
1.86427
1.89136
2.24399
2.05314
2.089
1.91862
1.98261
2.24489
1.92097
1.90176
1.96351
1.89724
1.96361
2.0372
1.98693
2.01626
1.68165
1.93499
2.04986
1.99625
2.30665
2.02899
1.86614
2.04929
1.96145
1.86463
2.14085
1.88843
1.95205
2.07877
1.99208
2.05165
1.96747
1.944
1.94991
2.06513
1.93572
1.90207
2.01172
1.88491
1.82535
1.79593
2.03305
2.05466
2.09545
1.92807
1.90946
2.07819
1.94327
1.91545
1.88207
2.06464
2.05398
1.93654
2.00657
1.91388
2.05834
2.09566
2.04237
2.016
2.04469
1.90228
2.09077
1.87136
2.14962
1.9739
1.93273
1.96963
1.87706
1.95339
1.97046
1.956
2.11196
1.98394
2.12305
1.94725
2.00378
2.11508
1.97731
2.04998
1.8515
1.96298
1.96432
1.89404
1.94918
2.02837
2.11611
2.04958
2.1819
1.95692
1.80924
2.0111
1.92106
1.8742
1.9239
1.95997
1.83728
2.14841
2.0626
1.97038
2.05281
2.16929
2.00097
2.01431
1.81551
1.93564
1.87726
2.02174
2.00264
2.0444
2.0994
2.04256
2.0281
2.09513
2.05915
1.96913
2.12063
2.17374
1.95334
2.12071
2.04725
2.05266
2.0331
2.04199
2.04523
1.97053
1.90942
1.82815
2.01758
1.89211
1.98685
2.02487
2.00453
1.95933
1.9178
2.09905
2.06938
2.02792
1.95787
1.78781
2.018
2.00286
2.0503
1.86307
1.58906
1.98612
2.06312
1.87722
2.02332
2.00906
2.0273
1.94572
1.91257
1.96298
1.95263
2.01586
2.03541
2.11192
2.10645
1.85498
1.96723
2.00297
1.86306
2.06063
1.99908
2.14993
2.06671
1.89012
2.0359
2.0439
1.74473
2.0214
2.05886
1.78364
2.13752
2.07125
2.07767
2.06278
2.11379
1.96715
1.9138
2.08935
2.08929
2.00334
2.12631
1.76582
2.06617
2.1245
1.9751
1.97842
1.90738
2.17005
1.84099
1.97288
2.14618
1.93678
1.99987
1.97891
1.99618
2.06859
1.92747
2.09248
1.94913
1.88816
1.96488
1.87135
2.12257
1.99462
2.01865
1.97029
1.8979
1.95369
2.10264
1.89445
2.13149
1.89888
1.93921
1.8885
1.90168
2.17205
2.04146
1.97425
2.0667
1.89655
1.95739
2.06714
1.94742
2.02456
1.76806
1.96886
2.14643
1.97346
2.01794
1.91198
1.95445
2.14753
2.05038
1.92524
2.17157
2.1165
1.94685
2.05353
1.98185
1.89365
2.17189
2.01429
1.927
1.98597
1.74325
2.01229
2.04522
1.97195
1.92137
2.07023
1.97169
1.8886
2.06315
2.07231
2.0469
2.07737
1.98032
2.05237
2.00101
2.09076
1.82104
2.03511
2.20843
2.06427
1.99798
2.05144
2.08116
2.01943
1.88002
2.05308
1.95893
1.88572
1.90327
2.02526
1.85093
2.12274
1.85726
1.95409
2.1259
1.94989
1.84449
1.95237
2.084
2.16276
1.96614
2.02695
2.11565
2.03031
1.95684
1.82401
2.0869
2.04643
1.92974
2.00639
2.01049
1.96522
2.12342
1.97292
1.93994
2.09237
2.08444
1.97842
2.24574
1.83633
1.83026
1.82704
2.30406
1.99299
2.00401
1.8758
1.88511
2.02156
2.07136
1.82182
1.88358
2.01916
2.02424
1.96923
1.71865
1.96352
2.05322
1.92183
2.15184
1.97361
2.06611
1.97135
2.07618
2.14456
1.89211
2.01029
2.04457
2.01197
2.01188
2.08816
2.01274
1.85107
1.98103
1.96822
2.06171
1.89642
2.05619
2.06235
2.04451
1.93119
1.95109
2.01328
2.13866
2.03127
2.13335
1.93601
1.85688
2.04837
2.13325
2.18624
2.11845
2.07972
2.08067
1.99052
2.06136
2.15251
2.13564
2.05938
2.10398
2.0122
1.94337
2.03942
1.97944
2.09351
2.006
2.04505
2.06309
1.83269
1.95637
1.90529
2.0191
2.02793
2.07086
2.02157
2.10662
1.94023
2.00224
2.10856
1.94932
1.9218
2.05504
1.94402
1.98384
2.15177
2.00242
1.94203
1.95996
2.2434
1.96993
1.95937
2.06261
1.86075
1.91561
2.11354
2.12318
1.9998
2.15816
2.09029
1.90606
1.93082
1.95519
2.11263
1.79285
2.04996
1.78583
2.15142
2.02524
2.03658
1.85474
2.09398
2.04359
2.00162
2.0643
1.99022
1.97508
1.94877
1.86227
1.94402
1.91222
2.0572
1.94705
2.11467
2.13167
2.13979
2.02028
1.91598
2.04182
1.95452
2.13882
2.0272
1.96318
2.07471
1.7995
1.82144
2.13551
2.09164
1.84874
2.03325
1.90439
2.0862
2.02245
2.09088
2.14748
2.11115
1.91012
2.09902
1.73701
1.84145
1.83124
2.01086
1.9203
1.84133
1.88035
1.96332
2.12089
1.93779
1.93684
2.11289
2.00598
2.00114
1.86988
2.11791
1.93693
1.97018
1.88226
2.04103
2.08204
2.08473
1.85676
1.92827
1.99426
1.94851
1.96338
2.01368
2.13971
2.00413
2.16179
1.99481
2.09325
1.90764
2.16957
1.97302
2.15073
1.97806
1.9187
2.02202
1.90509
2.06366
2.09468
2.09412
1.86193
1.97936
1.90515
2.00374
2.08994
2.11623
1.99174
1.84799
1.94415
2.01553
2.0678
1.96661
2.00878
1.95094
1.95547
1.9415
1.87276
1.90975
1.94758
2.02347
2.14037
2.10331
1.91082
2.00891
2.04777
1.85248
1.93855
2.07536
2.08887
2.09877
1.75765
1.93432
1.92806
1.93323
1.96011
1.84854
2.16146
1.99718
1.89346
1.95057
2.00206
2.11046
1.8154
2.04425
1.94747
1.9371
2.03303
1.9174
1.9194
1.99195
1.97718
1.99965
2.00218
1.86113
1.7446
2.1323
1.98441
2.23194
1.96456
2.28964
1.95674
2.02785
2.0589
1.94641
2.11637
1.76247
1.80468
1.93511
2.00788
2.03433
2.01341
2.1646
1.99744
2.02589
2.03891
2.0113
1.83918
1.96952
2.01067
1.85434
2.02584
1.94596
1.91133
1.98167
1.99303
1.99363
1.85867
1.82771
1.97737
1.91225
1.9234
2.02003
2.02612
2.00295
2.06414
1.70336
1.93084
1.83922
1.89191
2.2335
2.18668
1.88908
2.00916
2.02803
1.93348
2.06715
1.94032
1.89186
1.91853
2.11205
1.94711
2.09244
2.00076
2.14717
1.94967
2.02703
2.0284
2.0139
1.89413
2.09053
1.9092
1.99057
2.02825
1.89317
1.90309
2.03462
1.95921
2.10139
1.94802
2.19906
2.00828
2.11741
2.08134
2.01143
2.05644
1.96001
1.9765
1.97937
1.86172
2.06027
1.9374
1.93614
2.06845
1.92762
1.89599
1.97942
2.13829
2.13162
1.93835
1.86629
1.91973
2.05166
1.93659
1.94754
1.94655
1.73949
1.93838
1.98419
1.70439
2.09645
2.04572
1.82739
1.95271
2.02052
2.05622
2.024
2.02591
2.03063
1.99441
2.10337
2.12589
1.88297
2.03657
2.0188
2.0598
2.14556
1.96413
2.22464
2.05785
2.06912
1.94112
1.96164
2.09643
1.91771
1.88445
1.97528
1.86486
1.98881
2.00866
1.99391
2.00497
1.97672
1.93695
1.93137
1.9589
1.98993
1.9431
2.03467
1.76611
1.98813
2.17291
2.00801
1.8692
2.03707
2.01456
1.99252
2.14681
2.04505
2.19154
1.87246
1.80936
1.9676
2.01076
2.13637
1.98874
1.92359
1.98905
1.86871
1.97586
1.89003
2.13731
1.94771
2.02699
2.02457
1.97167
1.95138
1.81626
2.07167
1.99573
1.92182
2.04734
1.9702
2.08944
1.97044
2.04535
2.13596
1.92445
1.91877
1.99965
2.1188
2.00378
1.84637
1.90823
2.04581
1.93506
2.03099
1.86398
1.95285
1.96464
1.80658
2.08856
2.02644
2.04986
2.01222
2.00414
2.11775
1.91069
2.06564
2.10512
1.94287
2.04884
1.94946
2.18514
1.93574
2.01331
2.11677
2.03855
1.98902
2.14218
2.03862
2.14406
2.02947
2.03663
2.03046
1.98291
1.9977
2.0989
2.18867
2.17642
1.90626
1.98356
2.04515
1.79058
1.96988
1.85753
2.02596
2.02492
1.93016
1.93242
2.0967
2.08196
2.04184
1.92173
2.02901
2.08319
1.89248
1.81838
1.94233
2.13466
2.05263
2.01372
2.18883
1.9618
2.16396
2.15175
2.15449
2.0868
1.99549
2.10927
2.04232
2.01016
2.07807
1.93277
2.0485
2.00977
2.10676
2.19197
1.94143
1.93122
1.91802
1.90734
2.16323
2.07881
2.08159
1.98956
2.07597
2.25846
2.09924
1.94978
1.99748
2.04829
1.93761
1.9741
2.11168
2.06033
2.14571
1.99455
2.07396
2.06875
1.86815
1.95636
1.95389
2.03535
2.01075
2.04357
1.88988
2.09627
1.95616
2.02711
2.02214
1.91752
2.15068
1.81175
2.08737
2.04494
2.04878
1.86385
2.11095
1.99947
2.16071
1.94674
1.83363
1.89335
2.02729
2.02135
1.87591
1.96007
1.98331
1.96248
1.82606
2.03286
2.09283
1.90768
2.05425
1.97684
2.01884
1.99407
1.91156
2.09834
1.86703
2.07879
2.00018
2.06462
1.89675
2.07734
1.85326
1.9587
1.86486
2.00055
2.05197
2.13082
2.13409
2.04231
1.89201
2.04144
1.84311
1.93995
1.99675
1.9911
2.01473
2.19593
1.92247
1.99151
1.91476
2.07441
2.13313
2.06901
1.8625
2.20765
1.87523
1.97865
2.18904
2.07209
2.05185
1.86536
1.99752
1.97641
1.99171
1.91703
1.90062
1.93679
1.89984
1.97915
1.9216
1.99427
1.91579
2.14272
1.88853
2.0309
2.06229
2.12651
2.23443
2.00591
1.9154
2.03547
2.05612
1.99172
1.96996
1.98756
2.09661
2.07794
2.02567
1.97932
1.88539
2.00619
1.96861
2.00674
2.0067
1.82176
1.91619
2.11732
1.93091
2.16171
1.96451
1.99842
1.91471
2.20132
1.98972
1.778
1.98054
2.21808
1.98379
2.06782
1.90999
2.00437
1.9826
2.03442
1.89789
2.06168
2.05376
1.98392
1.91013
2.09827
1.93366
2.13106
2.19608
1.93389
1.97245
2.02454
2.03258
1.77413
1.98338
2.04805
2.08018
2.07938
1.9536
1.88872
1.91777
2.02361
1.88042
2.15148
2.06764
2.14422
2.06505
1.96872
1.90883
1.90087
2.12653
2.02955
1.93653
2.01946
1.97849
2.0446
1.81295
2.00614
1.9149
1.94137
2.01927
2.01033
2.01483
1.91699
2.12915
2.04842
1.85416
2.09983
1.93335
1.8596
1.90333
1.93054
2.16577
2.06631
1.86986
1.96863
1.91122
1.94698
1.95564
1.9584
2.04351
2.01091
1.97865
2.09283
2.03388
1.93531
1.98438
2.04055
1.92153
2.05881
1.728
2.10108
2.16472
1.95359
2.07041
1.88297
2.01017
2.04308
2.00668
1.88303
2.09876
2.17913
1.91479
1.93269
1.9329
2.01356
1.96885
2.13518
1.96957
1.88767
2.11424
2.06004
2.14456
1.91343
2.07463
2.01318
2.08611
1.94642
2.00147
1.88734
1.8857
1.94403
2.09604
2.17451
1.95281
1.87065
2.0707
1.92675
1.97619
2.01505
1.81779
2.1172
1.85789
1.94481
2.0726
1.95262
2.0403
1.91082
2.02326
2.08946
1.81679
1.84291
1.87841
2.10845
2.09932
1.96004
1.74053
1.9278
1.92663
2.14123
1.92969
2.05002
1.87993
2.01223
1.95008
1.96471
2.11346
1.93021
1.97421
2.017
1.94659
2.16177
1.99339
2.06903
2.01856
1.9001
1.81156
2.05952
1.98113
1.89894
2.26193
1.96404
2.04285
1.93318
2.06518
2.07732
1.96691
1.98183
1.90829
1.91111
1.83353
1.89843
1.99155
1.80305
2.25143
2.0711
2.13181
2.06105
2.01413
2.03867
1.95465
2.08113
1.84159
2.01808
2.12521
2.05905
2.02956
2.11495
2.02659
2.00848
2.15612
2.08197
2.00589
1.93476
2.1088
2.10133
1.99727
1.90665
2.05327
1.98434
1.90602
2.05797
2.06749
2.07631
1.94034
2.0163
2.04328
1.96563
2.0421
1.97327
2.0609
2.02442
2.11665
2.02265
1.84698
1.96597
2.13068
2.14163
2.15156
1.82778
2.02045
2.03889
1.92029
2.07052
2.13754
2.2524
2.00859
1.99138
1.97831
1.96
2.01296
1.96017
1.97918
2.0124
1.96301
1.93341
2.0867
1.92316
2.09461
2.09511
1.91692
1.93658
2.04872
2.01227
1.99486
2.16554
2.08089
2.15983
2.05658
2.02009
1.9126
2.06537
1.98502
2.02217
1.72912
2.14679
1.99303
2.03179
2.03645
2.12054
2.05876
2.13639
2.07312
1.99909
1.99717
1.87583
2.15743
2.12819
1.85644
1.94675
2.04891
2.03725
2.11295
1.96436
2.09871
2.03169
1.94205
1.97353
1.95466
2.00585
2.06448
1.69086
1.91485
2.0728
1.87849
2.12187
2.01742
2.0553
1.91207
1.9357
1.94678
1.91169
2.0234
2.07766
1.92622
2.02165
1.93832
2.14007
2.1258
1.87581
2.02304
2.01783
1.97387
2.11638
2.01206
1.96186
2.04293
2.03241
1.9334
1.9958
1.92755
2.04955
1.86455
1.92841
2.02944
1.9483
1.9543
1.93599
2.00356
1.91475
2.02894
2.03772
2.03738
1.85862
1.74009
1.96999
1.84791
1.93039
1.9516
2.04711
2.05746
2.00785
2.00999
2.04985
1.98049
2.12048
2.08071
1.93691
1.93239
2.17772
2.02146
2.19574
2.09411
2.01118
2.00299
2.07123
1.87012
2.05248
2.09062
2.07174
1.87699
2.10891
1.94035
2.06309
2.09492
1.96625
1.97643
1.84652
1.93056
1.97688
2.19696
1.96826
2.00068
1.79279
2.00211
2.05925
2.03561
1.97773
1.90397
2.04933
1.88908
2.14305
1.95877
1.87755
1.96202
1.97198
2.15759
1.8877
2.10652
1.93721
1.91071
2.1387
1.87582
1.94903
2.01977
2.04311
1.98862
1.98326
2.12812
1.87748
1.89498
1.86928
1.8988
1.94707
1.99933
2.0998
1.86052
1.99635
1.85235
1.87662
2.13232
1.99795
2.10123
1.99084
2.15734
1.90642
1.9511
2.06459
2.05898
2.01755
1.89165
1.79464
1.83845
2.1007
1.9624
2.06413
1.78463
1.95226
1.9597
1.99434
1.94343
2.0849
2.04429
2.11655
2.10356
2.03333
2.15866
2.08769
2.12791
1.93298
2.00542
2.08854
1.94336
1.85789
1.94927
1.98306
1.84642
1.88532
1.96207
1.90871
2.07799
2.21948
2.07092
1.94975
1.91619
1.9415
2.12916
1.84935
2.11168
1.92812
2.08112
1.95288
1.81884
1.97681
2.12354
2.03144
1.9194
2.03192
1.9109
2.06737
2.08325
1.90234
1.99853
2.19561
2.10584
1.98205
2.00057
2.04775
2.09556
1.87403
1.9559
2.11892
1.99109
2.06007
1.95154
2.11117
1.97325
2.00718
2.17807
1.91981
1.92274
2.15084
2.10722
2.09402
1.94137
2.11651
2.03697
2.00635
1.96063
1.86901
2.1993
2.10171
2.1621
2.10785
2.15248
2.0549
2.05136
2.01577
1.97591
2.20643
2.04802
1.99748
1.93675
2.00444
2.14843
1.81962
1.99254
2.05668
1.84028
1.88314
1.922
1.95462
2.00408
2.17471
1.97607
2.03251
2.01915
1.96861
2.15165
2.18579
2.01917
2.12498
2.02888
1.92013
1.93279
1.99642
1.98121
2.0082
1.83143
2.11511
2.30169
1.97563
1.93354
1.95383
2.03731
1.82297
2.077
1.99901
2.02596
1.99696
1.92257
1.89228
2.04787
2.01818
2.0195
1.8346
1.95691
1.99108
2.04243
1.9881
2.07369
2.01241
2.03464
2.00708
2.07927
2.15492
2.01395
2.07957
1.94574
1.98697
1.88677
2.00095
1.88473
1.95034
1.99096
1.96444
2.002
2.02103
1.96352
1.92716
2.14099
1.90272
2.12872
2.01423
2.19414
2.03546
1.93008
2.09461
2.05009
1.94685
2.01056
2.12078
1.81461
1.91453
2.07704
1.93928
1.85528
2.04095
2.14208
1.88744
1.99984
2.01161
1.9476
2.12749
1.86683
2.08247
1.97227
1.95441
2.02693
1.92322
2.04798
1.93909
2.0526
1.84051
2.10104
2.02498
1.98981
2.02928
1.89552
1.98016
1.81607
2.07935
1.8913
2.04204
1.99599
2.05811
1.98702
2.18103
1.96215
1.97634
1.91473
2.01673
2.1161
2.11633
1.97596
2.04957
1.69953
2.18089
1.96877
1.96494
2.11635
2.08791
2.17256
2.20438
2.08666
1.91124
1.99107
1.89639
2.1314
2.15963
2.09566
1.94438
1.96915
2.10681
2.10498
1.93585
1.89903
1.92327
1.95861
1.99787
1.99198
1.92044
1.88891
2.04108
2.09822
2.08153
1.97469
2.22037
1.99159
2.08511
1.99565
1.93348
1.99877
1.93159
2.16089
2.01002
2.00067
1.96106
2.06623
1.97754
1.995
2.0864
2.11711
2.17449
2.01714
1.96866
2.12328
2.00062
2.0068
1.88607
1.96175
2.04688
2.00385
1.98895
1.88666
1.97889
2.03509
2.01865
1.92075
1.98588
1.8116
1.96713
1.95073
2.06432
2.09982
2.10375
1.89423
2.12775
1.98808
2.06908
1.96102
1.93321
2.13913
2.06656
2.09537
2.1445
2.03932
2.001
2.18952
1.99909
1.85017
1.84061
1.97521
1.99508
1.97157
1.96751
1.86031
1.86508
2.09362
1.72064
2.13697
1.89035
2.16854
1.83309
1.99951
2.07212
1.96526
1.95712
2.01683
2.01937
2.157
2.06073
1.9305
1.7334
2.04703
1.95461
1.8906
2.15348
2.22619
1.92779
2.20116
1.87238
1.94111
1.96858
2.08235
1.93395
2.05651
2.00648
2.0432
2.10213
1.89863
2.12794
1.9681
1.90508
2.05871
1.98472
2.13797
2.08257
2.01897
1.89152
2.00955
2.04369
2.06828
1.95382
2.06881
2.09596
1.96612
2.18281
1.95378
2.11303
1.93513
1.93731
1.95718
2.00813
2.04314
1.89283
1.8531
1.91768
2.08478
1.91137
2.0595
1.94616
2.00263
2.01707
2.19877
2.02841
2.01429
2.0366
2.17938
2.19606
2.00718
1.84524
1.84296
2.01648
1.99305
2.01776
1.97751
1.83874
2.11851
1.95848
2.14863
1.95307
1.96444
1.95498
2.15668
2.07018
2.00037
2.01298
1.93983
1.93204
2.12981
2.01529
1.96067
2.00227
2.01428
2.12398
2.14569
2.04191
1.983
1.9746
2.04928
1.94828
1.98853
2.03828
1.91068
2.01942
2.15007
1.95853
1.83546
2.06185
1.9863
1.9979
1.96803
1.9124
1.97588
1.94971
1.97492
2.10482
2.02287
2.15332
1.97153
1.86907
1.96781
2.04217
1.95437
2.06541
2.05477
1.94236
1.86704
2.18541
2.13954
2.1147
1.89524
1.8046
1.95228
2.1153
2.10541
2.06633
1.87227
1.94976
1.94374
2.0781
2.15115
1.92758
2.11982
2.0296
1.95163
1.82122
2.12933
2.00078
1.80794
1.92159
2.02515
1.88585
1.98411
2.00931
2.26591
1.8553
2.01269
2.22764
1.83244
1.97758
1.81053
2.12513
1.9778
2.01783
2.00598
2.01668
2.02878
1.99784
1.94769
2.06822
1.93942
1.98276
1.9152
2.13566
1.95727
2.12638
2.03063
1.98713
2.10413
2.01275
1.97894
2.0696
1.87385
1.86051
2.02631
1.93101
2.01297
1.99003
2.06575
2.00305
1.8944
2.03736
2.20655
1.86286
2.02567
2.00737
1.95219
2.19048
2.03656
2.12372
1.99869
1.96024
1.97791
1.97836
2.0297
1.93184
1.98418
1.95324
1.89974
2.02885
2.03106
1.97235
1.8366
1.93537
1.80752
1.88413
1.92266
2.09674
2.03403
2.05143
2.03662
1.86308
1.94599
1.96998
2.0834
1.96245
1.87078
1.93913
2.01369
2.12404
1.96692
1.8032
2.00837
1.74377
1.96789
2.09681
1.99399
1.9583
2.20426
1.85154
1.80553
2.10611
1.97562
2.06788
2.09285
2.13357
1.91626
2.08861
1.87528
2.06514
1.96145
2.00462
1.82938
2.12282
2.02126
2.15895
2.00349
1.95779
1.94424
1.99891
2.04301
1.96491
2.03752
2.0433
1.98284
1.88776
1.91218
2.11726
2.03104
1.95208
2.0405
2.00419
2.16541
2.09617
1.99877
1.91361
1.95855
2.12511
1.81621
1.78955
1.95543
1.94577
1.88797
1.97891
2.04348
1.9442
2.09759
1.87028
2.04771
2.04174
2.11752
1.7843
1.9571
2.01882
1.86466
1.95955
1.9662
1.9444
2.03254
2.20794
1.93603
1.94848
2.18619
1.86009
1.9236
2.02194
2.04237
2.05195
1.97613
1.99437
1.82481
2.01184
2.0143
2.02496
1.96644
2.01687
2.06731
2.11125
2.21063
2.02284
2.15653
2.11051
2.00652
1.98979
1.81304
1.96114
1.96503
1.82526
2.0837
1.71483
2.03354
2.10684
2.17952
2.07385
2.00506
2.00182
2.01408
2.00858
2.00598
1.96909
1.90702
2.08733
1.8197
2.03748
2.18558
1.97609
1.89057
1.99885
2.00549
1.99787
2.09789
1.99847
1.87569
1.92423
1.93888
1.93666
2.00806
1.91927
2.24313
1.92986
1.81731
1.91942
1.99637
2.05635
1.83637
1.94812
1.9759
1.94926
2.1635
1.99597
2.07784
2.00444
1.91497
2.09581
2.03347
2.14983
1.9728
1.9759
2.03957
1.9635
1.94681
1.92793
1.84037
2.12438
1.81869
2.03338
2.11785
2.1954
1.98854
2.05949
1.8698
1.98068
1.95522
1.97757
2.0798
2.10165
1.98947
1.91166
1.95534
2.0782
1.83613
2.02912
1.87133
1.99945
1.94188
2.03394
1.88197
2.0005
1.99181
1.91126
1.89846
2.01679
1.98147
1.89383
1.98897
1.82301
2.05398
1.99321
1.92548
2.09065
1.91782
2.03974
2.03737
2.01617
2.07449
2.0696
1.90525
1.77656
2.18112
2.0422
1.88381
1.81488
2.02805
2.12294
2.08177
2.05159
2.05239
1.94244
2.02347
1.97194
2.03897
2.04496
2.06111
2.04012
2.04153
2.17604
1.83651
2.07219
2.12175
1.9997
2.08962
2.02753
2.09553
1.89391
2.02918
1.97705
2.00848
1.85873
1.96212
2.07842
2.09814
1.91618
2.01518
1.9436
2.18488
1.97857
2.12044
2.03365
2.04911
1.97029
2.01965
1.99259
2.03028
2.13647
2.02297
2.09428
1.94801
2.04057
1.99693
1.92955
1.93327
2.14857
1.97035
2.13396
2.064
1.97301
2.00361
2.07841
2.0203
2.15707
2.03693
1.89751
2.23188
2.11401
1.90897
2.09444
2.03042
1.88991
2.06781
2.04459
2.00033
2.00956
1.99296
1.91218
2.12781
2.12466
1.85446
1.8683
1.91402
1.90438
2.01447
2.13624
1.89638
2.03066
2.01177
2.00394
1.85081
1.82954
2.05618
2.0558
2.0107
2.16621
2.22428
1.97497
2.09672
2.07853
1.95045
1.94533
1.99562
1.89533
2.08389
1.95392
1.85382
2.03923
2.00219
1.92513
2.04848
1.97022
2.01194
2.03438
1.87401
2.16192
2.10836
1.79368
2.07327
2.02473
1.91611
1.95717
2.06299
1.95725
2.02364
1.97965
2.03572
1.87804
1.96597
1.94794
2.11008
2.02721
2.1239
1.90532
2.03246
2.23305
2.09296
1.85807
1.96482
1.88594
2.07706
2.02346
1.97526
2.00123
1.83549
1.93188
1.97166
1.97137
2.08689
2.14822
1.92952
1.89083
2.03379
2.24303
2.10089
1.98643
1.87858
2.14541
2.05772
2.04656
1.97343
1.98272
1.9401
2.0878
1.99178
2.05256
1.89792
1.82795
1.95866
1.99978
1.96975
1.99729
1.99672
2.05594
2.07943
1.97485
1.96114
1.94382
2.21562
1.99378
2.08945
2.04723
1.95346
1.91056
2.00185
1.99139
1.82121
2.08979
1.96977
1.93148
1.92703
2.01334
1.80911
2.18964
2.01493
2.09319
1.94944
1.97577
2.0946
2.04722
2.00542
2.10594
2.17642
2.04232
1.83324
2.02938
2.03607
1.96713
1.96387
2.09554
2.02624
1.99211
1.8066
2.01595
2.00798
1.97421
1.86237
2.14072
1.96931
2.11746
1.90359
1.93485
1.99416
1.91448
1.98511
2.07637
1.89227
1.89531
2.03073
1.9472
1.99828
1.95819
1.98224
1.89742
1.95251
2.04181
2.01318
1.86048
1.74362
2.00782
2.00302
1.94349
1.99048
2.19464
1.97476
1.87467
1.84638
2.03675
1.9559
2.02143
1.92554
1.9332
1.85297
2.07357
2.11787
1.90363
2.14649
1.98785
2.04878
1.94949
1.86186
2.09025
2.16563
1.797
2.04339
1.96032
2.13985
1.86613
2.09223
1.99826
2.10879
2.04084
1.8407
2.02727
1.94596
2.10818
2.0966
1.91718
2.08826
2.10446
1.93494
1.97657
2.21077
2.0176
2.01961
2.15396
1.97254
2.14603
2.00002
1.96413
1.92925
1.97472
1.91788
2.07094
2.03411
2.04712
2.02298
2.03197
1.98895
1.9109
1.97236
1.95068
1.88735
1.93959
1.88128
1.94017
2.11272
1.94036
2.09265
2.29758
1.97643
2.03314
1.86187
1.92912
1.99659
2.00157
1.98377
2.17342
1.91063
2.00485
1.94512
2.03901
1.84383
1.91922
1.94624
2.07805
1.97017
1.87418
2.12504
1.99465
1.96128
2.0425
2.02036
2.07536
1.96627
1.86959
2.1404
1.78797
2.11237
1.87272
2.0033
1.97245
2.01054
2.01842
1.94169
1.98756
2.05647
2.05266
2.13898
1.98508
2.10125
2.00595
1.95321
1.85324
2.04562
1.96156
1.99089
1.89879
2.0085
2.13769
1.96903
2.10522
1.8939
2.1156
1.82735
1.90199
1.78155
2.00301
2.02451
2.02632
2.21491
2.01537
1.91883
1.88637
2.09222
1.94558
2.0285
2.08616
1.94852
1.90406
1.94575
2.1491
1.80328
2.00343
2.04295
2.05337
2.17369
1.91379
2.1416
2.05793
2.10766
2.03654
1.89921
1.94925
1.8352
2.15929
2.01159
1.80119
1.95152
2.14389
1.94982
2.04942
1.86459
1.93423
2.02954
1.92525
1.9632
1.90801
1.81138
2.04422
1.93782
2.03533
1.82619
1.95947
2.05423
2.00925
1.97087
1.90079
2.03779
1.95117
1.90009
1.88638
2.06664
1.89962
2.08614
1.99698
1.87126
2.00157
2.09302
