1.99855
2.01082
1.99405
1.99411
2.00062
1.99399
1.99794
2.00657
2.01415
2.01196
1.99355
2.02615
1.99993
2.00765
2.01588
1.99162
2.02648
2.00534
1.99251
1.98472
2.00305
2.00657
2.00183
2.00091
2.00488
2.02438
2.01644
1.99969
2.00124
2.02029
1.97741
1.97741
1.99463
2.00837
2.00804
2.00452
1.99062
2.01049
1.98284
1.99556
2.00792
1.99617
2.00004
2.0106
1.99171
1.99418
2.01714
1.97996
2.00882
1.99651
2.00239
1.99028
1.98994
2.01118
2.00639
2.00305
2.00551
2.00926
2.00603
2.01454
2.00004
2.003
1.98925
1.99097
2.00663
2.01103
2.01072
2.00828
2.01549
2.00382
2.00064
1.99268
1.99559
1.99084
2.01394
2.01521
1.99306
2.03234
1.99501
1.98849
2.00175
2.00623
2.00273
1.98287
2.01173
1.99156
1.98572
2.01858
2.02121
1.98592
1.97348
2.01411
1.99145
1.99953
1.99837
1.99954
2.00619
2.01644
1.99363
2.02432
2.02125
1.99677
1.97414
1.9905
1.9838
1.99737
2.01503
2.02013
2.00919
1.9897
2.01378
1.99536
2.0053
1.9954
2.02719
2.01338
2.005
1.99451
1.9898
1.99636
2.00996
2.01958
2.02209
2.00946
2.00671
2.01425
2.01168
2.02677
1.99682
1.99418
1.99991
2.01474
2.01591
1.99993
1.99625
1.99278
1.99997
2.00658
1.97971
2.00688
1.9927
1.98184
1.99247
2.0074
2.01805
2.02011
2.00406
2.00738
2.00917
2.01218
1.98257
2.0021
1.98706
1.99118
2.00099
1.99858
2.02302
2.00785
1.98139
1.9978
1.98316
1.99101
1.99124
1.98199
2.01326
2.03152
1.99448
2.00148
2.00372
1.98806
1.9971
1.98443
2.0306
2.01781
1.97544
2.00985
1.98694
2.00269
2.02917
2.00237
1.99172
2.03239
1.99143
2.00879
2.01676
1.9978
2.00375
1.97681
1.98928
2.00248
1.99108
2.00175
2.02496
1.99251
2.00849
1.99419
1.98745
2.00113
1.99505
1.98097
1.97666
1.99955
1.99774
1.9974
1.98565
1.99578
2.013
1.98752
1.99779
1.98412
2.01314
1.9723
2.00781
2.01075
1.99314
1.99815
2.01804
1.99717
2.00421
1.97927
2.00613
2.0135
1.99151
1.9958
1.9973
1.99377
1.99264
1.99895
1.99786
2.00796
2.00789
1.99353
1.99389
2.00252
1.99649
1.9852
1.99281
2.0174
1.9676
2.01604
1.99878
2.00386
1.98427
2.00648
1.98187
2.00032
1.98164
2.0006
2.00092
2.00874
2.00822
2.01622
2.00214
2.0023
1.97912
2.00323
2.01792
2.03355
1.9993
1.98719
2.00205
1.98639
2.00979
1.99927
2.00516
1.98698
2.01021
1.9942
1.98252
1.98275
2.0074
1.98695
2.01835
2.01656
2.01635
1.99975
2.02367
1.98409
2.00945
1.99168
1.99991
1.99317
2.00545
1.97215
1.99306
2.00707
2.01374
2.0194
2.00659
1.98909
2.01025
2.00153
2.0062
2.00805
1.99886
2.0063
1.99204
1.99197
2.00155
2.0264
2.01903
1.99954
1.98428
2.00393
1.99336
2.00467
2.02738
1.99504
1.98657
2.01978
1.98487
1.99026
1.99347
1.99685
2.00597
1.98627
1.98255
1.97807
1.98485
1.99185
2.01024
1.99205
1.99663
2.00938
1.99475
2.0113
1.97994
1.99764
2.00801
1.97842
2.00181
2.00796
2.02191
2.01794
1.97564
2.0087
1.98334
1.99382
1.98645
2.01011
2.01631
1.99773
1.99156
2.0089
1.98529
1.99497
1.96047
2.00286
2.01152
2.00668
1.99523
2.01184
2.00564
1.9879
1.98749
2.00649
1.98984
2.02171
1.99924
1.98202
1.99952
2.00642
2.00448
1.99089
2.01381
1.98779
2.00979
1.98735
2.00219
1.98402
1.98647
2.01241
2.01488
1.99686
1.98747
2.00478
2.02352
1.99964
2.00212
2.01193
2.01348
2.00614
2.02102
2.0125
2.01149
2.0148
2.0055
1.98801
2.0006
1.99531
1.99883
2.00969
2.00685
1.99238
2.00322
2.01053
1.99753
2.01088
1.97437
1.96497
2.00519
1.96496
1.99817
2.00476
1.99601
1.99062
2.00287
1.99872
1.99959
2.01314
2.01133
2.00127
2.0092
2.01196
2.00106
1.99147
1.99861
1.99871
2.0174
2.01193
1.99931
1.98595
2.00826
1.98158
2.01024
1.99768
2.00343
1.98947
1.98539
1.99147
2.00493
2.01383
1.99632
1.97648
2.00316
2.01619
1.99659
1.99726
1.98465
2.01325
2.00843
1.99947
1.98902
1.98602
1.99726
2.00761
2.01391
2.00442
2.01304
1.99885
1.98684
1.97108
2.00396
1.99604
2.0056
1.98641
1.99133
2.01854
2.00494
2.00646
1.99968
1.99538
2.01366
2.00333
1.99808
1.9912
1.99505
2.03128
2.00857
2.00543
2.01057
2.01967
2.00194
2.0075
2.0004
2.00519
2.01876
1.99165
1.99051
1.97172
2.00733
2.0009
2.01252
1.97644
2.00309
1.97855
2.01625
2.01717
1.99128
2.00595
2.00017
1.98692
1.99165
1.99965
2.0007
1.9938
2.00133
2.00186
2.01573
2.01767
1.98865
2.02164
2.00546
1.979
2.00558
1.99641
2.01186
1.97755
2.02045
1.97739
2.00957
1.99401
2.00351
1.99344
1.99329
2.00593
1.9987
2.01113
2.00773
1.97936
2.0252
1.9877
1.99938
2.02147
2.03112
1.99425
1.99546
1.98698
2.00465
1.96933
2.0071
1.98766
2.01724
2.00137
1.99882
1.99267
1.97908
1.98986
2.01372
2.00945
1.97979
1.985
1.99254
1.97877
1.99022
1.99893
2.00369
2.00724
2.02004
1.99079
2.0059
2.0212
1.98198
2.00507
1.98763
2.02115
1.98181
2.01577
1.99298
2.0192
1.98653
2.00685
2.00227
2.00822
2.00199
2.00776
2.01515
1.98128
2.03875
2.01194
1.97209
2.01249
2.00541
2.00413
1.99729
2.01189
1.98297
1.98093
1.98677
2.0139
1.99568
1.997
2.01212
2.00921
2.00137
2.0123
2.01671
1.99855
2.01635
1.99952
2.00316
1.98071
2.02295
1.98833
2.00034
2.00428
2.0083
1.99699
1.98643
2.01578
1.99443
2.02135
2.00378
1.98785
2.01005
2.00541
2.01766
1.98605
1.99616
2.01369
2.0071
1.98968
1.99674
1.97051
1.99971
1.99691
2.01773
1.99777
2.00181
1.9823
2.00134
1.99347
2.00181
1.99255
2.00138
2.01618
2.0095
2.00963
2.00058
2.02264
1.98001
2.02426
2.00393
2.00137
1.99744
2.01901
2.03237
1.99775
2.00995
2.01201
2.00711
1.98589
2.00609
2.01375
2.00423
2.0064
1.979
2.01581
2.00302
2.0001
1.99673
1.97989
1.97848
2.01207
2.00006
2.01807
1.99287
1.99166
2.01111
2.00366
1.9902
1.99935
1.99794
1.98729
1.99254
2.003
1.9966
1.97653
2.00431
1.97912
2.00205
2.00543
1.99657
1.97781
1.98952
2.00063
1.99928
1.98457
1.99973
1.99729
1.99713
2.00803
1.98736
1.97825
1.98982
1.9842
1.98874
2.00042
1.9902
2.00457
1.98801
2.01276
2.00905
1.99422
1.99675
1.99762
2.00559
2.01441
2.01639
1.9786
2.009
1.98953
1.9886
1.98432
2.00887
1.98984
1.99278
1.98661
1.98708
2.02043
1.99462
1.98545
2.00474
2.00099
1.98137
2.01596
2.02377
2.01311
1.99342
1.96939
1.99322
2.01387
2.01673
1.98884
1.99192
1.9948
1.99808
2.02092
2.00973
2.01486
2.02817
1.9838
1.99432
1.98757
2.00057
1.98623
2.02015
2.00991
1.9809
1.99481
2.00176
2.02019
1.97802
1.99953
2.01342
1.98205
2.00209
2.02385
2.0034
2.00261
1.98968
2.00081
1.99216
2.01775
1.98606
2.01366
2.0024
1.99519
1.9808
1.97396
2.00627
1.99445
1.98274
1.98917
1.98353
1.99056
2.01158
2.00075
2.01714
1.99381
2.0005
2.01231
1.99616
2.0013
2.00282
2.00381
1.9756
1.99232
2.01474
1.99741
2.00045
2.0229
1.99061
1.99634
2.01854
2.00055
1.98087
2.00059
2.00261
1.98715
2.01175
1.9969
2.00798
1.99382
2.01403
1.98917
2.02352
1.99397
1.98383
2.01764
2.03016
2.01483
1.99116
2.02556
1.99527
1.97823
2.00334
1.98162
2.01642
2.01316
1.98944
1.98551
2.00676
1.99122
1.98198
1.97795
1.98104
2.00325
2.0025
1.97693
1.98531
2.00014
2.0083
2.00068
2.01832
1.9921
2.01091
2.02057
2.00451
2.01156
2.00264
1.99452
2.01113
2.00066
1.99614
2.02179
1.99639
2.00254
2.0152
2.01212
2.01403
2.01837
2.02045
2.01536
1.98658
2.0004
1.99044
1.99702
2.00098
1.98662
2.0159
2.00781
2.00354
2.00892
2.00568
1.98785
1.98394
2.02911
1.98941
1.98728
2.01657
1.99342
1.98172
1.99283
1.98526
1.99329
1.99267
2.01127
1.9827
2.01745
2.01744
2.03288
1.99264
2.00151
1.99884
2.01619
2.02349
1.98396
2.01481
2.01538
1.98585
2.00023
2.00433
1.97917
2.02423
2.00923
2.02357
2.0121
2.00495
2.02092
1.99994
2.00211
2.00402
2.00653
1.98511
2.00847
1.98344
1.98398
2.00494
2.00529
1.99213
2.00486
2.01649
1.9833
1.99476
2.01546
1.97378
2.00904
2.02218
2.00779
2.0131
1.99957
2.03635
2.00703
1.97564
1.98159
1.99839
1.98527
2.01384
2.00449
2.00113
1.99005
1.97455
2.02099
1.98715
2.01845
2.0049
1.99079
1.98506
1.98804
1.99644
1.98763
2.00563
1.97806
2.00492
2.00752
1.99342
2.01263
2.00095
1.96648
2.00837
1.98453
2.00591
1.99321
1.99085
1.97979
2.00996
2.00727
1.99494
1.99186
2.01171
1.99308
2.00121
1.99898
2.0095
2.00895
1.9912
1.9979
1.99735
2.02149
1.98815
1.9877
2.00382
1.99178
1.97907
2.00713
1.98801
1.98181
2.00043
1.99928
2.00864
1.97862
1.98277
1.99278
2.00578
2.01359
2.00218
2.01473
1.99451
2.00265
2.00135
2.0076
2.00042
1.99293
2.0044
2.00153
1.99234
2.03947
2.00847
1.97859
2.01277
2.02159
1.99246
2.01634
2.00987
1.99779
1.9938
1.99249
1.99564
1.97923
1.99694
1.97939
1.99834
2.01893
2.01712
1.9778
2.00661
2.00927
1.99425
1.96726
1.9877
1.99769
1.98939
2.01591
2.01158
1.98618
2.00394
1.98924
1.99157
1.99348
1.97639
2.00883
2.01198
1.99424
2.02207
1.99652
1.99255
1.98605
1.99595
2.00829
1.99333
1.99711
1.97598
1.97907
1.99983
2.00076
1.98745
1.99918
2.00439
2.00443
1.99077
2.02607
2.00152
2.00829
1.99477
1.98038
2.01169
1.97464
1.97142
1.9878
1.99316
1.98383
2.02058
1.96874
1.98783
2.01227
2.00693
2.00707
2.00482
2.0144
2.00663
1.98336
2.00567
2.02348
1.99179
2.00516
2.04638
1.9963
2.01216
2.03619
1.99049
2.04101
2.00633
2.00411
2.00683
1.98445
1.99741
2.00834
1.99516
2.01063
1.9982
2.02072
1.99818
2.00447
1.99394
2.00162
2.01517
1.97247
1.97561
2.00379
1.98727
2.01562
2.01937
1.99076
1.99987
2.00767
1.98536
1.97986
1.9896
2.01399
1.98381
1.96798
2.00037
2.01405
1.97995
1.99089
1.98581
1.97298
2.01415
2.02049
1.97897
2.00035
2.00226
1.99428
2.02072
1.98933
2.00409
1.98903
2.01492
1.99861
2.01226
1.96777
2.00028
1.97386
1.99633
2.00868
2.00909
1.99746
1.99645
2.0108
1.98294
2.00626
2.004
1.98882
2.00817
2.00271
1.99891
1.98035
1.98542
1.99268
2.00815
1.9947
1.98232
2.00231
1.99273
2.00382
1.99395
1.98464
2.01722
2.02824
1.98257
2.01443
1.99451
2.02131
2.01798
1.98358
2.01946
1.98031
2.01293
1.9911
1.9656
2.00092
2.01672
2.0199
2.00055
1.99609
1.9924
2.00394
2.00396
1.98712
1.99164
1.99412
1.98778
1.99113
2.00494
1.97974
1.97966
1.97153
2.0154
2.00598
1.99607
1.98818
1.99401
1.99004
2.01312
2.01409
2.00523
2.00752
1.989
1.99602
2.00845
1.99063
1.98885
2.00137
2.01961
1.99973
1.98367
2.00154
1.98527
2.00589
2.01979
1.98424
1.99633
2.00288
2.00003
2.01158
1.99065
1.99521
2.02485
1.98832
1.99488
1.98639
1.99556
2.00529
1.97529
2.01196
1.98314
1.99404
2.01375
1.99855
1.97487
2.01068
1.98508
1.99873
1.99369
2.01012
2.00814
1.99442
1.98311
1.99675
2.02998
1.98815
1.99977
2.00185
2.0084
1.98378
2.01678
2.00959
1.99834
2.00852
2.01743
1.99519
1.97434
2.00827
2.01205
1.99339
1.9972
1.97683
2.00526
1.99263
1.98375
1.99451
2.00875
2.0332
1.99552
2.00762
2.01171
1.99197
1.99306
2.01243
1.98414
1.97736
1.98048
2.00049
1.98705
2.00602
1.98199
2.02354
1.99275
2.00238
2.02136
2.00855
2.01116
1.98124
2.00344
1.97797
1.9969
1.99108
2.00995
1.98809
1.99898
1.98865
2.00236
2.01231
1.99293
1.99667
1.99374
2.02106
1.96458
1.99285
1.99756
1.97459
2.01777
1.98515
1.98366
2.00821
2.01994
2.00352
2.0088
2.0063
1.98249
2.00237
1.98999
2.02403
1.97679
1.97784
1.99861
1.99617
2.01436
1.99728
1.98649
1.97477
1.99794
2.00472
1.98126
1.98471
1.99507
1.99549
2.00819
2.00074
2.0046
2.00906
1.99632
2.00518
2.00972
2.00317
1.99463
2.00337
1.99828
2.03857
1.97808
2.00142
2.01058
1.99394
2.00905
1.99754
2.00934
2.01635
1.99742
2.00956
2.00086
1.99164
2.01221
1.99372
2.00719
2.00878
1.99334
1.98546
2.00749
1.99775
1.97502
1.98377
1.99448
2.01219
1.9861
2.00207
1.99648
2.0206
2.01028
2.01044
2.00352
2.00061
1.98421
2.00233
1.98417
2.02304
1.98448
1.99696
2.01037
2.00949
2.00583
1.97879
2.00623
2.01521
2.00484
1.98923
2.00775
1.99298
1.98707
2.00399
1.99977
1.99003
1.99162
2.00419
1.99152
1.98455
2.00552
1.99256
1.9914
2.02829
2.00459
1.99887
2.01401
1.99488
2.00747
1.9853
1.99629
1.99533
2.02347
1.99297
2.00925
2.01266
1.97639
2.00884
1.98655
1.99881
2.01225
1.99138
2.00886
2.00832
2.01947
2.00382
1.98975
2.00119
2.00892
1.95971
2.00606
2.01442
1.99434
1.99652
2.00025
2.00339
2.02032
2.00364
1.98782
1.99736
1.99175
1.99969
2.00225
2.01097
2.01032
2.01242
2.02065
1.99038
2.0001
2.01673
2.01491
1.99159
1.98875
2.01642
1.99595
1.96965
2.01481
1.98589
2.00824
1.99954
1.98056
2.01709
1.99646
2.00141
2.01679
1.99963
1.99101
2.01158
1.9997
2.0136
1.99578
1.99697
1.98967
1.99979
2.00147
1.99143
1.9946
1.97641
1.99619
1.99143
1.99365
1.99371
1.99879
1.98589
2.00227
1.99826
2.00185
1.99449
1.98779
1.98472
1.97778
1.96965
2.00351
1.98534
2.01599
2.0175
1.99895
2.00442
2.00933
2.00199
2.00749
1.99267
2.01081
2.01761
2.00965
1.99871
1.98141
2.00162
1.99424
2.00786
2.00075
2.02819
2.00782
2.00266
1.97276
2.01118
1.99314
2.00578
2.00981
1.99278
2.00158
2.0067
1.9982
2.00079
1.99236
2.01799
1.99846
2.03149
2.01615
2.00016
2.00957
2.00552
2.01054
1.99014
2.00473
2.00845
1.99751
1.99985
2.00681
1.99622
1.98858
2.00394
1.98502
2.02153
1.97627
2.00446
2.02256
2.00332
1.99889
1.99319
2.0045
2.0016
1.99817
1.99135
2.00675
2.006
1.97367
2.01138
1.99672
2.00834
1.98565
1.9876
2.01113
2.00501
2.01606
2.01283
1.99274
1.9922
2.00196
2.00505
1.99129
2.01584
1.98493
2.02352
2.00631
1.98984
1.98828
2.00509
1.99548
2.02549
1.99826
1.99671
1.98421
1.98968
2.00502
2.01372
2.01008
2.01926
2.01867
2.01097
1.97914
1.98742
1.98681
1.98669
1.99129
2.00432
1.99148
2.02499
1.99981
2.00438
2.02198
2.01892
1.99664
1.96973
2.00849
1.99965
2.01561
2.01044
1.98468
1.99339
2.0148
2.01991
2.02405
2.00801
1.98545
2.01044
1.99654
2.00082
2.01696
2.00794
2.01289
2.01314
2.01702
1.99927
2.01449
1.99406
1.98162
1.99246
2.00614
1.99515
1.99412
2.01481
2.01927
1.99814
1.97384
2.01913
2.04166
2.04758
1.99155
2.00244
2.0148
1.96264
1.99053
2.00949
2.02076
2.0034
1.97912
1.99868
2.01983
2.03022
1.99358
2.00436
1.99089
1.97205
2.02298
1.99862
1.99783
1.98058
1.99208
2.01652
2.02682
1.99219
1.98555
1.99348
1.98226
1.99779
2.02333
2.00944
2.0022
2.01289
2.0015
2.0179
2.01491
2.00449
1.98832
1.99403
1.99635
1.98936
1.98968
2.00832
2.00545
2.00045
1.97721
1.99998
2.01137
1.99131
1.99551
1.98535
1.993
1.99426
1.99173
1.99273
2.02084
1.98932
2.00653
2.00208
2.01668
1.96745
2
1.99924
2.01268
2.00753
1.9807
2.03706
2.00214
2.01107
2.01048
1.99134
2.02367
1.99771
2.00111
1.97493
1.99445
1.98383
2.01176
1.98104
1.99462
2.00364
2.00408
2.00318
1.98383
2.01144
1.98946
2.00267
1.99775
2.00496
1.99451
1.99993
2.00995
1.99569
2.02683
2.01657
1.98603
2.00128
2.01187
1.96309
1.98586
1.99756
2.02615
1.99258
2.00593
1.99174
1.97537
2.00869
2.01099
2.00045
1.98507
2.0061
1.99183
1.99883
1.98782
2.03089
1.99119
2.01062
2.00067
1.98271
1.99025
2.00314
1.97643
2.00502
1.9686
2.03122
2.01588
2.00453
1.97946
2.01412
1.99969
1.99576
2.02066
1.99715
1.99661
2.00407
2.00878
1.99455
2.00583
1.99783
2.01691
2.00326
1.98416
2.01185
2.03641
2.01488
1.97691
2.01259
2.00126
1.99496
1.99838
2.01348
1.99327
1.9871
1.97159
1.99514
2.00445
1.98852
1.99766
2.01037
2.00629
2.01938
1.99161
2.00841
2.0108
2.00427
2.0091
1.99042
2.00192
2.00458
1.98478
1.99149
2.00879
1.9901
1.99263
2.007
1.98701
2.01819
2.02856
2.01459
1.98969
1.9938
2.00979
2.02986
1.98891
2.00071
1.98968
1.97687
2.00331
1.99863
1.9928
1.99862
2.00763
1.99788
2.01126
2.01665
1.99052
2.01309
2.04952
1.99457
2.01469
2.02529
2.02036
1.99044
2.01104
2.03635
2.00392
1.99976
2.00192
1.99586
2.00004
1.98082
1.979
1.99051
2.00712
1.99547
2.01118
1.98279
1.98501
2.01827
1.99207
2.01067
1.99793
2.00718
1.99915
1.98492
1.9847
1.99541
1.9945
2.00844
1.98404
1.97431
2.03679
2.01126
1.99964
1.98714
2.01796
2.00485
2.00591
2.00193
1.99435
1.98794
2.0182
2.00497
1.99584
1.99173
1.99327
1.99004
2.02387
2.00333
2.00631
1.9918
1.97427
2.00843
2.00127
1.98055
1.98693
2.00658
2.01199
2.00859
1.99627
1.97361
1.99499
2.02236
2.0045
1.99647
2.01345
1.99446
1.99154
2.00087
2.0091
1.99424
1.98524
2.00266
1.99274
2.0108
2.00652
2.00698
2.0216
1.9954
2.00783
2.02981
2.00787
1.9793
1.99367
1.99331
2.0056
1.98791
1.994
1.99338
2.00906
1.99916
2.02243
1.98402
2.00385
2.00123
2.00584
2.0098
2.00025
1.99698
2.00586
2.00868
2.01542
1.99507
2.0068
2.00347
1.9893
1.99916
2.00496
1.99033
2.00774
1.98571
1.98159
2.00746
1.97508
1.99749
2.01583
2.00096
1.97643
1.97819
2.0123
2.00556
2.00326
1.98466
2.00879
2.01629
2.0108
2.0139
1.98757
1.99911
1.99775
2.00399
1.99109
2.0048
2.00708
2.00292
1.96871
2.00388
2.03635
2.03025
2.01015
2.00145
2.02484
1.98284
1.99913
1.98294
2.00138
2.01317
2.01053
1.99432
1.9863
1.99268
1.99679
1.99193
2.00485
1.99857
2.02293
2.00152
1.99846
1.99094
2.02211
1.99411
1.98567
2.01129
2.01644
1.99736
1.99116
2.00144
1.98274
1.99246
1.9961
2.00556
2.00046
1.99895
2.02285
2.02912
2.00359
1.98207
2.02033
2.00276
1.99482
1.98173
1.99913
2.01878
1.99759
2.00016
1.98599
2.00262
1.9922
1.99877
1.99628
1.99613
1.99935
1.99742
2.00318
2.02479
2.01175
2.0319
2.00013
2.00216
2.02906
1.98782
1.9896
2.01654
2.00657
2.00759
2.01358
2.00521
2.00794
2.0054
1.99596
1.98365
2.00978
1.9978
1.98808
1.99876
1.98991
1.99981
2.01191
2.00433
1.99754
1.99632
2.0005
1.9861
1.99653
2.01977
1.99396
1.99863
1.9773
1.99416
1.98208
1.98216
2.00839
1.99546
2.01071
1.99681
2.01052
1.99481
2.00641
2.01428
2.00779
1.98296
2.01341
1.97964
2.00464
2.00982
2.00034
1.9899
2.01739
1.99625
2.00389
1.9791
2.00388
1.99458
1.99171
1.98473
2.01073
2.00872
2.0025
1.99833
2.00871
2.02194
2.03107
1.99868
2.0221
1.98827
2.00012
2.00604
1.99762
2.02334
1.98835
1.9841
1.99657
1.98616
1.98114
2.02237
2.00131
2.0168
1.9883
1.96795
1.99299
1.99438
2.00184
2.01569
2.01002
1.98122
2.01386
1.97116
2.00276
2.00737
2.00879
2.00637
1.97787
2.00672
1.99382
1.98954
2.01419
1.99115
2.00298
1.99888
1.98603
1.96155
1.99348
1.98948
1.97308
1.97802
2.0242
1.99583
1.98035
1.99795
2.0146
1.99906
1.98821
2.01715
1.99626
1.97842
2.00364
2.02342
1.97851
1.99376
1.97371
1.99175
1.97618
1.99452
1.99131
2.01477
1.99849
1.97297
1.99455
1.99687
2.00206
1.98333
2.02067
1.94396
2.01418
2.00508
2.00792
2.00498
2.01574
2.00948
1.99635
2.00508
2.02921
2.01071
2.00686
1.97106
1.99549
2.01256
2.01193
2.00017
1.97505
1.97939
2.00272
1.97345
1.99745
1.98589
2.00264
2.02302
1.9996
2.023
2.00898
2.01677
2.0048
2.01313
1.9874
2.02039
1.98417
2.01462
2.01111
2.02102
2.01776
2.01111
2.00652
1.99244
2.00688
1.98189
2.00634
2.01538
2.01276
1.99836
2.02022
2.00222
1.99646
1.99187
1.99896
1.9927
2.00934
2.01198
2.0094
1.98532
2.01568
2.00142
2.02417
1.97786
1.99849
1.97438
2.00305
2.0218
2.00722
2.0008
2.02066
1.99572
1.97729
1.98427
1.99882
1.98806
1.99385
1.99644
2.01659
1.99832
2.02303
1.99394
2.00631
2.00733
2.00643
2.00539
1.97588
1.97637
1.98789
2.01862
1.9804
1.98008
2.0023
1.98191
1.97605
2.00042
1.9892
2.01961
2.00783
2.00107
1.99778
1.99799
1.97046
2.00701
2.02373
1.98845
2.02145
1.97031
1.99307
2.00606
1.97159
2.00831
2.01244
2.01332
2.00818
1.99704
1.98812
2.00445
1.98628
1.99003
1.99616
1.99556
1.97834
1.99719
2.00452
2.02005
1.99897
1.99991
2.0012
1.99489
2.01174
2.00143
1.99371
2.00735
1.99652
1.99538
2.0086
1.98742
2.00745
2.00835
1.97036
1.99993
2.04374
1.9617
1.99494
2.00074
1.99693
2.00967
1.99571
2.00435
1.98192
1.99737
1.99527
1.99481
1.97541
1.98915
2.00153
1.99296
2.00558
2.00577
2.00732
2.00835
2.00769
1.99514
2.02011
2.01106
1.99167
2.00236
1.98184
2.00359
2.00131
1.98966
2.00792
1.96263
1.98512
2.00837
2.00953
2.00148
1.99475
1.98009
2.01138
2.004
2.00976
2.02299
2.01182
1.98371
1.99699
1.9922
2.02497
2.02709
2.01373
2.00935
2.0339
2.00382
2.00608
2.0151
1.99436
1.96626
1.99925
1.99089
1.98695
2.00995
1.99041
1.99483
2.007
2.01391
2.01114
2.01338
2.00115
2.00387
1.97696
2.00149
1.9963
1.98808
2.00479
2.00293
2.0185
1.98422
2.01574
2.0167
1.98605
2.0041
2.0195
2.02323
2.01378
1.99708
2.0125
1.9837
1.98361
1.99754
2.00419
1.99781
2.00087
2.00916
2.00039
1.98168
2.00278
2.00034
2.00049
1.98428
1.98578
1.98849
1.98263
2.00095
2.005
1.98582
2.00738
2.00495
1.98269
1.97086
2.01185
1.99502
1.99173
1.98529
1.99874
2.00752
1.97737
1.98562
1.98659
2.001
1.98935
2.0183
2.00084
2.00393
1.99185
2.01798
1.99671
2.02565
2.01461
2.00003
2.005
1.9945
1.97978
1.99754
2.0044
1.99638
2.00668
1.99562
1.9648
2.01723
2.00198
1.98946
1.98169
1.98712
1.99302
2.02236
1.98549
2.00768
2.00558
1.9839
2.01247
1.99408
2.01183
2.01237
2.01401
1.99876
2.02608
2.00347
1.97703
2.0019
2.04408
1.99788
1.98143
2.00365
1.99748
1.99382
2.01317
2.00099
2.01496
1.99555
1.99987
2.01294
1.99638
2.00814
1.99148
2.001
1.99208
1.99231
1.99677
2.02161
1.99726
2.0046
1.99172
1.99666
1.97948
1.99659
2.00532
1.98154
2.00976
2.00074
2.01821
2.00583
2.00306
1.99761
2.01103
2.01246
1.98878
1.99184
2.00747
2.01581
2.02139
1.9904
2.00374
2.00249
2.00928
2.01082
2.00187
1.9993
1.98792
1.98221
2.00954
2.00832
1.9839
2.00339
1.98882
2.01352
2.00317
2.00813
2.01343
2.00385
2.00618
1.98966
2.01878
2.0065
1.99893
2.00611
1.99313
1.96615
2.00985
1.99613
1.99528
2.0117
1.99862
2.00316
2.00606
1.97059
1.99475
1.99853
1.99313
2.00695
2.01134
1.96791
1.98661
1.9937
1.99912
1.99448
2.01646
2.00308
1.99103
2.01736
2.01666
2.00479
1.99489
2.0042
1.99982
2.0053
1.96909
2.00194
1.99046
2.01912
1.9964
2.02688
2.00931
2.01923
1.98726
2.01023
2.00963
1.97517
2.02784
1.99759
1.98805
1.99487
2.00905
1.98624
1.99807
2.00003
2.00085
1.99243
2.02554
1.98592
1.9857
1.98468
2.01129
1.9749
2.00926
1.98605
1.99928
2.03775
2.00107
1.9866
2.02399
1.99607
1.99972
2.01354
2.00573
1.99458
2.00902
2.00078
1.99962
1.99803
1.99608
1.98007
2.0055
1.9863
1.98129
2.01928
1.99812
1.98607
2.00044
2.01412
2.00888
1.99216
1.99455
1.99473
2.00504
1.99638
1.99384
2.02149
1.99582
1.9859
1.97554
1.98133
2.00647
2.01505
1.99597
1.99249
1.98565
2.01757
1.98778
2.0121
1.98776
1.99693
2.02442
2.01715
2.00475
2.00518
2.01458
2.01204
1.99175
2.00285
2.00948
2.00071
1.99536
2.02492
1.9913
1.98202
2.01262
2.01414
1.99394
2.00914
2.00443
2.00195
2.00164
2.00675
2.01574
1.98913
2.01228
1.99487
2.01733
1.98491
2.01249
2.03466
1.99984
2.01024
1.99419
1.98739
1.98817
1.99597
1.98791
2.00985
1.98462
1.99465
2.00099
2.0063
2.00298
2.00275
2.00995
1.98705
1.99154
2.00682
2.00744
2.01184
1.97583
2.03603
1.99042
2.01028
2.01202
1.99738
2.0058
1.99713
1.99563
1.96962
1.98603
2.01325
1.99017
2.02093
2.00815
1.98875
2.01258
2.02386
2.00418
2.01099
2.00471
1.98912
1.99467
2.02292
1.98719
2.01857
1.98077
1.99344
2.01192
1.97913
2.00322
1.98456
1.99676
2.00412
2.0057
2.00085
2.02063
2.00392
1.9846
2.00157
2.00816
2.00192
1.99493
1.99033
2.01553
1.97375
2.01253
1.98137
2.018
2.01832
2.00469
1.98171
1.97922
2.01049
1.98619
1.98723
1.97653
1.97554
1.97416
1.98223
2.00156
1.99123
2.00199
2.01242
1.99086
1.99345
1.98228
2.00765
1.99133
1.9952
2.01222
2.01901
1.98517
1.98001
2.01595
2.01113
2.0054
2.00436
1.99591
2.00042
2.0133
1.98201
1.98469
1.99008
1.99549
1.98885
2.00567
2.0038
1.99691
1.98872
2.01457
2.01583
1.98636
1.98436
1.98759
2.00095
1.99872
1.99476
1.98548
1.99841
1.98216
2.01132
2.00513
1.97845
1.99205
2.00006
2.01934
1.99701
1.98668
1.99169
2.01291
2.01057
2.02737
1.99213
1.98491
2.01142
2.0117
2.00461
1.99159
1.99844
2.01837
2.00486
2.03345
1.99994
1.99254
1.99625
1.99429
1.99386
2.01418
1.98961
2.01156
1.98107
1.99101
1.98727
1.97487
2.02372
2.00325
1.99204
2.00858
1.97624
1.96231
2.00999
1.9816
1.98749
1.9964
1.99849
2.00141
2.02341
1.98362
2.01852
2.02061
1.98138
2.00402
1.98603
2.01695
2.00875
1.99637
1.98703
2.02192
2.02006
1.98581
2.00703
1.99892
2.00555
2.00522
2.00081
2.00308
2.0047
2.01164
1.99926
1.98733
2.00635
2.00916
1.97206
1.99914
2.0222
1.9653
1.98264
2.00308
2.00424
2.0184
1.99876
2.02686
2.00144
2.01092
2.00694
1.9916
2.01418
2.01615
2.00627
1.99108
2.01124
1.98839
1.99472
2.02031
2.02021
1.99158
2.02248
2.00565
1.98811
2.00122
1.99458
1.99907
1.98557
2.01253
1.99527
1.99117
2.00405
1.99812
1.99647
1.98438
1.99744
1.97051
2.00894
1.99841
2.00098
2.0064
2.00162
1.99092
2.0039
1.9916
1.99348
2.01112
1.99581
2.00574
2.00412
2.01623
2.00852
2.01461
2.00094
2.00238
1.97573
1.9954
2.01327
2.01693
1.99312
2.0193
2.00964
1.99907
1.99766
2.01006
2.00143
1.98868
1.9811
1.98617
2.00291
2.00496
1.99072
2.0151
1.99066
2.00008
2.00756
2.02435
2.02212
1.99847
2.00685
1.99593
2.02621
2.01988
2.00782
2.01605
2.03725
1.98391
2.00324
1.97975
1.98495
1.99964
2.00738
2.01756
1.99999
1.97302
1.97184
1.98478
2.00069
2.00269
1.99936
2.0054
1.95765
1.99763
2.0037
1.9985
1.98579
2.00547
2.0133
2.00395
2.02799
2.01854
2.03926
2.01053
1.97542
1.99215
2.01255
2.00194
2.00158
2.00436
2.00277
2.00634
2.00772
1.98285
1.97628
2.0077
2.00442
1.99991
2.00773
1.99181
2.00034
2.00816
2.00936
2.01801
2.00921
2.02331
2.0252
2.00038
1.97926
1.99315
1.98414
2.01717
2.0025
2.02762
1.99589
2.01777
1.9881
1.98847
2.00989
1.98241
1.99596
1.98973
1.99845
2.00917
2.02144
1.98712
2.01301
1.98735
1.98493
2.02232
1.98499
2.02922
1.98848
1.99275
2.01218
2.00426
2.00896
2.01046
2.0081
1.97658
1.99542
2.00304
2.02879
2.00573
1.99268
1.99049
1.99444
1.99496
1.98117
2.00057
2.01228
1.99905
2.01366
2.00914
1.99324
2.01283
1.99333
1.99707
1.99046
1.96974
2.00652
1.99826
1.99565
1.99935
1.98539
1.98604
1.99257
1.98566
2.01096
2.01131
2.00457
2.02894
1.99121
1.98595
2.01
1.995
1.99031
2.02413
1.96993
1.9974
1.99832
2.00651
2.0125
2.01717
2.01716
2.03354
2.01022
2.00671
2.00551
1.98951
2.02308
2.03013
2.00022
1.99778
1.993
1.99564
1.99677
2.00268
2.0136
2.00033
2.00397
1.99179
2.02631
1.98678
2.01065
1.98382
2.0232
1.99189
1.99316
2.01474
1.98382
1.99344
1.98895
2.00869
1.99815
2.01609
2.00283
2.01959
1.97868
2.01148
2.0099
2.00026
1.9918
2.01825
2.00079
2.012
2.01902
1.99415
2.01277
2.01298
1.98179
2.00658
2.0176
2.00261
2.00587
1.99496
1.98203
1.98807
1.98053
2.0137
1.99987
2.00279
1.98302
1.99639
2.00872
1.99883
1.99761
1.99472
1.98755
1.9882
2.00606
1.9802
2.0224
2.02925
2.00396
2.01273
1.98574
1.99456
2.0198
1.9877
1.99129
2.01605
2.01042
2.00328
1.97427
2.02345
1.99615
1.99252
2.02041
2.00125
2.01299
1.98321
1.98865
1.99269
1.9623
1.98356
1.99512
2.00067
2.00512
1.99132
2.00874
1.97941
1.99687
1.99358
1.97547
2.01762
1.99413
1.99798
2.00722
1.98303
1.99235
1.98825
2.00334
2.00259
1.99813
2.00624
2.02993
2.00294
2.02067
1.98695
2.01958
1.98562
1.97313
2.00206
2.03233
1.99361
2.01707
2.00454
2.01201
2.00549
1.99576
2.00059
1.99552
1.99974
2.00118
1.9914
1.99738
2.00709
2.0159
2.01701
1.97749
2.01322
1.98047
1.99661
1.99991
2.02182
2.01184
1.97125
2.00021
1.98198
2.00666
1.99043
2.0062
2.00877
2.00714
1.99888
1.96657
2.00141
1.98829
1.99947
1.98837
2.00426
1.99599
1.99174
1.99169
2.02091
2.00956
2.01584
1.99783
2.00578
1.99093
2.00198
1.99632
2.01717
2.03077
1.99281
1.98755
2.00247
2.00544
1.98324
1.98168
1.99917
1.99312
2.0034
2.01787
1.99939
1.99988
2.00526
2.01599
1.98694
1.99233
2.00809
1.9855
1.99759
1.98636
1.99207
2.00618
2.00676
1.99957
1.99358
1.99633
1.99852
2.00306
1.98382
2.01416
2.00376
1.99498
1.9916
2.01532
1.97326
1.97765
1.99831
2.0183
2.0099
2.00746
2.019
2.0164
1.9925
2.01332
2.00174
2.0094
2.00936
2.00408
2.00671
2.01359
2.0207
1.98711
2.01946
2.0006
1.99904
1.99898
2.00138
1.98987
2.00067
2.03428
2.00329
1.99346
1.99896
1.96949
1.99022
2.02128
1.98897
1.98345
1.99007
2.00791
1.99672
1.99721
1.99971
2.00729
2.00456
2.01937
2.00148
2.01568
1.99153
1.98813
1.9925
1.98925
2.01135
1.99512
2.01446
2.01574
2.00596
2.00855
2.00583
1.98446
1.99358
1.99527
2.00613
1.99006
2.01006
2.00203
1.97528
2.00573
2.0029
2.01521
1.9907
2.01583
2.01568
2.00253
1.99121
1.98269
2.01303
1.98609
2.01027
1.98992
1.99754
1.99847
1.98993
1.99285
1.99213
1.97193
1.9732
1.99922
1.99396
1.98541
1.99836
2.01082
2.00335
1.98368
2.01119
2.02128
2.00201
1.98183
2.00828
1.98724
2.01159
2.00056
2.00818
2.01161
2.00818
2.00643
2.00271
1.99147
2.0065
2.00546
1.99536
2.01565
1.96724
2.01372
1.99197
2.00679
1.98696
1.97976
1.97469
1.98556
1.99466
1.9888
2.00357
2.00166
1.99268
2.00886
2.02504
2.00161
2.01327
2.01128
2.00399
2.00182
2.02775
2.00539
1.97814
1.99882
2.01073
1.98856
1.99855
2.03375
2.02935
1.9766
2.01082
1.99885
1.99651
1.98888
2.01588
2.00136
1.98723
2.00299
1.9981
1.98142
2.00519
1.98788
2.00068
1.98398
2.005
1.99605
1.997
1.97491
2.00113
1.97897
2.02135
1.99743
1.99487
2.00671
1.99688
1.98955
1.98983
2.00162
2.01717
1.99115
1.98891
1.99963
2.0093
2.01048
1.99771
1.99932
1.98965
1.98433
2.01099
2.02217
1.98407
2.00033
1.99572
2.02137
1.99631
1.99746
1.98942
2.0141
1.96607
1.98888
2.02098
1.99108
2.01426
1.98461
1.97187
2.00154
2.01096
1.99687
2.00322
2.01374
1.98651
2.02099
1.96855
2.02696
2.01483
1.99315
2.00592
2.00564
1.99886
1.99407
1.9968
2.00125
2.00542
2.01106
2.00072
1.9773
2.00579
1.99421
2.0078
1.9786
2.00596
2.00747
1.98483
1.99393
1.96876
1.97664
1.98711
1.98659
2.01472
1.99921
2.00175
1.99389
2.01354
1.98788
2.00831
1.97914
1.98784
2.00015
2.00753
1.99193
1.97646
2.00537
1.99895
1.99094
2.01419
1.97394
2.00684
1.9864
1.97193
2.0027
1.98312
2.01151
1.98975
1.98713
2.02261
2.00141
1.98737
1.99212
2.0184
1.99559
2.00032
1.98968
2.00031
2.00871
1.99808
2.02015
1.98449
1.99604
2.00327
1.99331
1.9906
2.02993
1.98714
1.99101
2.02906
2.01047
1.99199
1.98069
1.99349
1.97765
1.98715
1.98757
2.00649
2.03552
1.99057
1.99916
1.99357
2.0018
1.98745
2.00933
2.00343
1.99297
1.98878
2.03144
1.99524
1.99864
1.99667
1.98428
2.00404
2.01947
2.01467
1.99283
1.99719
1.98649
2.00054
1.98987
1.99379
1.98746
1.97435
1.98475
1.9734
2.00293
2.01308
2.00713
1.97844
2.00674
2.02376
1.99376
1.99595
1.9896
1.99365
2.01624
2.0167
1.98785
2.00437
2.0294
1.98403
2.00012
2.00987
1.99581
1.97937
2.0003
2.01211
2.00705
2.0178
1.98595
1.99187
2.01131
1.99724
1.99868
1.98829
2.01036
2.01887
1.99787
2.01388
2.00135
2.00691
2.00307
2.01861
1.99334
1.98685
2.00266
2.00992
2.00803
1.96139
2.0009
1.99391
2.00729
2.00118
2.00563
1.99046
2.00195
1.9739
2.01096
1.9928
2.00535
1.99443
1.99284
1.98192
2.00961
1.98236
2.01519
1.98968
2.00679
2.02181
2.01023
2.00151
1.99845
1.99642
1.99962
2.02128
1.99244
1.989
1.98807
2.01955
2.00598
2.02266
1.98022
2.01487
1.9764
1.99323
2.01998
1.99398
2.00234
2.01053
2.01546
1.98857
2.0042
2.0067
2.01799
1.99938
1.98749
1.99909
2.0155
2.0054
2.00855
1.99453
1.9845
2.0064
2.00787
1.983
1.99485
1.96066
2.00101
1.97462
2.00569
2.00296
2.03528
2.00349
2.01122
1.99639
2.00514
2.01954
1.99989
1.99295
1.98122
2.01966
1.98846
2.01584
1.98807
1.98802
1.98635
2.02656
2.00184
1.98722
2.00821
2.01451
2.00703
1.99379
2.00351
2.01016
1.98954
1.99701
1.97748
2.00272
1.99777
1.98175
2.01171
1.98706
2.00172
2.00109
2.01196
1.99359
2.00233
1.98848
1.99575
2.00294
1.98028
2.00844
2.00327
1.98544
2.00904
2.00101
1.99573
1.98239
2.00308
1.99851
2.00463
2.01621
1.98184
2.0043
1.98131
1.99808
1.99293
2.002
1.97508
1.98799
2.00869
1.99436
2.01576
1.98707
2.00533
2.01118
2.01175
2.02313
1.99435
1.99836
2.01725
1.96955
2.00065
1.98229
1.98797
1.99171
1.99224
2.00843
2.00121
1.99452
2.00727
1.97734
2.00185
2.03533
2.01553
2.02225
2.00079
2.00473
1.99968
2.01377
1.97061
2.00343
2.01652
1.97604
2.00712
2.00535
1.97967
1.99599
2.01097
2.02857
1.97817
1.99023
2.00242
1.9952
2.00911
2.00203
2.00627
1.99086
1.99073
1.99925
2.02152
1.97186
2.00525
2.0122
1.98712
1.98624
1.99334
2.0058
2.02941
1.9994
1.96921
1.99262
1.9875
2.00808
1.98649
2.00806
1.99347
1.99229
1.99605
2.01997
1.98887
1.98458
2.00983
2.00523
1.99105
1.9997
2.00961
2.01972
1.99994
2.00647
2.00602
1.99272
1.99806
1.99441
1.9909
2.01052
2.00926
2.00996
2.01055
1.98973
1.97683
1.98436
2.02283
2.00769
2.03481
1.99412
2.0116
2.00106
2.01538
1.99401
2.00257
1.99677
1.9985
2.00036
2.00081
1.97538
2.01456
1.99121
2.00916
2.00592
1.97967
2.00213
1.9968
2.00522
1.98865
2.0031
1.99757
1.9838
1.9992
1.99768
2.01903
2.02132
1.99089
2.01054
2.00288
1.99353
1.98679
1.98074
2.01775
2.00828
1.98577
2.0153
1.99932
2.01722
2.00082
1.97906
2.00396
1.99708
2.00523
1.97793
1.97805
2.0135
2.00661
2.03806
2.00156
2.01319
1.98852
2.00373
2.01033
1.98073
2.00708
2.01298
2.00353
1.97638
2.02248
1.99318
2.00432
2.00469
2.00021
2.00703
1.99548
2.00621
2.02134
2.01671
2.00161
1.99889
2.00498
1.99498
2.00239
2.04758
1.99571
1.98324
1.98105
2.0144
1.98556
2.02202
2.00068
1.99483
1.99829
1.99697
1.97428
2.00361
2.00896
2.03104
2.00852
1.99534
2.01803
2.01335
1.99607
1.99048
1.98513
2.01197
1.98168
2.01742
2.01909
1.99207
1.99212
1.99526
2.00551
1.98998
2.00394
2.01101
2.0059
1.98542
2.00566
1.99192
1.98363
2.00377
1.98236
2.00226
1.99091
2.00777
2.00151
1.98267
2.01153
2.00752
1.99044
2.01238
2.01108
1.99608
2.0138
2.01285
1.99111
2.01028
2.01227
1.98653
1.99326
1.99429
2.00785
2.02279
2.01659
1.97882
2.00782
1.98803
2.01245
1.9968
2.00179
2.00095
1.99809
1.974
1.99552
2.01856
2.0086
2.0266
1.98451
2.01108
2.00633
2.00518
2.01906
2.01419
1.99945
1.99416
2.01918
2.017
2.00631
1.9822
2.04148
1.97436
2.02087
2.01888
2.01073
2.02022
1.99626
2.02187
1.99865
1.98793
1.98053
2.02353
1.99088
1.96469
2.00693
2.00776
2.0025
2.00549
1.97573
2.00578
2.02633
2.01385
1.98603
1.9995
1.9913
2.00493
2.01216
2.00043
1.98001
2.00043
2.0023
2.01106
2.00319
1.99867
2.01208
2.00382
1.98775
2.01452
1.98713
2.00825
2.00468
1.99948
2.0007
1.9929
1.97569
2.00122
1.99173
1.99584
1.9893
1.98406
1.98281
2.00372
1.97905
2.0137
2.02382
1.98188
1.99317
2.01112
1.99418
2.01686
2.0165
2.01136
2.00377
2.01007
1.98278
2.01096
1.99419
2.00829
1.97971
1.99338
1.97467
1.99432
2.00515
1.97934
2.01083
1.98597
2.00927
2.00379
2.02187
2.01215
1.99479
1.99081
1.98014
2.00895
1.98791
2.01979
2.00397
2.01419
2.01104
2.01231
1.99457
2.03162
2.00774
2.00731
2.00265
1.99473
1.98126
2.00049
1.98368
1.99092
2.01908
1.98648
1.99919
2.00747
2.01637
1.9921
1.99177
2.00089
2.00133
2.01913
2.01922
1.96965
1.98826
2.00652
2.01876
1.99188
2.02146
2.02692
2.00266
1.99321
2.02111
1.99702
2.01271
1.97232
2.01715
2.00592
2.00238
2.00476
2.00533
1.99676
1.97975
1.98606
2.02095
2.00464
1.99568
1.99995
1.9992
2.00148
1.99859
1.99554
1.99615
1.98842
1.98812
1.97104
1.98135
2.00467
1.99269
1.99966
2.01591
1.98748
1.9985
1.98932
1.99326
1.9824
2.01361
2.01195
1.98615
2.01519
1.99169
2.01847
2.0047
1.97536
1.97783
1.96823
2.0063
1.9996
2.00066
2.00692
2.0106
2.00144
1.99817
1.98562
2.01052
2.02124
1.99279
1.98482
1.98536
1.97815
1.97807
1.98898
2.0017
1.99883
2.0138
2.01299
1.9937
2.0063
1.99147
2.0214
2.00133
2.01785
1.99936
2.01179
2.00365
2.00623
1.9842
1.98647
1.98393
2.02119
1.99981
1.98719
2.01881
1.98273
1.99719
2.00523
2.00224
2.00644
2.0095
2.00774
1.99749
1.99191
1.99439
1.97545
2.01328
2.0351
2.0293
2.00704
1.98607
1.99996
2.01058
2.02216
1.9879
2.01536
1.99978
1.99702
2.00627
1.99533
2.02089
1.99381
1.99413
2.02167
2.00833
1.98482
2.00097
1.99115
2.0047
2.001
1.99289
2.00221
2.00111
2.00652
1.9785
1.9766
2.00429
2.01352
1.99179
1.99177
1.98756
1.9807
2.00537
1.99976
1.99076
1.99214
2.00847
1.99207
2.01773
1.97262
1.99089
2.00855
1.99052
1.99014
2.0075
2.02607
2.00871
1.97538
2.02093
1.99979
2.00303
2.01571
1.99735
2.0051
1.9936
1.99804
2.01741
1.99704
2.00455
1.97534
1.99168
1.99766
2.02007
2.00577
1.99882
2.01456
1.98733
1.99894
2.01772
1.99775
1.99456
2.01909
1.99079
2.0185
2.03002
2.01072
1.99101
1.99596
1.99566
2.00619
1.98658
1.99932
1.98459
2.0103
1.97984
1.99505
1.98892
2.01014
2.0025
1.98957
1.97639
1.9756
2.00096
1.99943
1.98444
1.9985
1.98564
1.97779
2.00854
2.00922
2.01191
1.99017
2.00343
2.01262
1.99198
2.00738
2.00093
2.00113
2.00177
2.0017
1.99219
2.00827
2.00361
2.00025
2.01299
2.00121
1.98867
1.97675
1.99363
1.98702
1.99085
2.01872
1.99931
1.97491
2.00036
1.98259
2.00647
2.00612
1.98013
2.00743
2.02678
2.00197
2.00243
2.01764
1.98122
1.99283
2.00036
2.01752
2.01194
2.00788
2.0088
2.0115
1.99926
2.00204
2.00744
2.01534
1.99895
2.02262
1.9925
1.98661
2.01999
1.9802
2.00131
1.99473
2.00629
1.98332
2.01595
1.9872
2.00344
2.01452
1.99558
1.98555
2.00461
1.99802
2.01926
1.97274
1.99519
2.01221
1.98237
2.01141
2.00092
2.04232
2.01025
2.01242
1.99746
1.99131
1.99321
2.00513
1.98847
1.98132
1.99558
1.99751
1.99657
1.98773
2.00854
2.02713
2.01744
2.0113
2.01612
2.00727
2.02145
2.00735
1.99356
2.01884
2.02226
1.97512
2.00937
1.98417
2.01256
1.98112
1.9916
1.9871
1.98858
2.00724
1.97029
1.98499
2.00305
2.00595
2.0109
1.98609
2.0373
2.00111
2.02401
2.0118
1.98869
2.01156
2.00825
1.99994
2.00755
1.98317
2.01148
1.98811
2.01536
1.97449
1.9949
1.99708
1.9839
2.01727
1.99094
2.00416
1.9845
1.98774
2.00145
1.97765
1.99624
1.99987
1.97769
1.98657
1.98756
1.99646
2.01699
2.01892
2.01244
1.99502
2.0124
2.01299
2.01899
1.99949
2.01339
2.00536
2.01695
2.00294
2.02681
1.99893
2.00893
2.013
1.99286
2.00333
1.97281
2.01761
1.99102
1.99288
2.00339
2.00494
1.9972
2.01783
2.02067
2.00549
2.00865
1.97311
2.0089
2.00765
1.97253
2.01015
2.03014
1.97005
2.00241
2.0097
1.97851
1.99827
1.97509
1.98262
1.99558
2.00509
1.99974
1.9978
1.99784
1.98555
1.9956
2.00407
2.01637
1.98953
2.00117
1.9876
1.99115
1.99052
2.00358
2.01418
2.01422
2.01422
2.00239
1.98132
1.99092
2.00821
2.00806
1.9948
2.0169
1.97525
1.99545
1.99709
2.02111
1.98546
1.97644
2.01113
2.00335
1.98002
1.99471
2.00087
2.01758
2.00595
1.99526
2.00549
1.9833
1.98121
2.02116
2.00344
1.97798
2.00638
1.99313
1.992
1.98889
2.00234
2.00046
1.99832
2.00515
1.99661
2.00236
1.97222
2.00271
1.97067
2.00188
2.0102
2.00698
1.99916
2.0036
1.9954
2.01613
1.97919
1.98478
2.01355
2.03261
1.99243
2.0027
2.03045
1.99951
2.01022
1.99347
2.00826
1.9802
1.99903
1.99524
2.00184
2.02468
1.99948
1.98849
2.02667
1.98477
2.00476
2.01268
2.01937
2.00126
2.00555
2.00456
1.99007
2.01042
2.00225
2.02787
2.00443
1.98963
2.01121
1.99724
1.97909
2.01742
2.00498
2.00556
2.01058
2.00781
2.01335
2.01842
2.01209
1.99113
2.01066
1.9962
2.00442
1.99811
2.01707
2.017
1.98377
2.02647
1.99135
2.01547
2.01905
2.01824
2.02684
1.97809
1.9914
2.00238
2.01172
2.01315
2.00105
2.017
1.98821
2.00188
2.0148
2.02175
2.01054
1.99183
2.00929
2.01102
2.01223
1.98732
2.00608
2.00282
1.98135
2.00507
2.01457
2.03393
2.00199
1.99715
2.01276
2.01174
2.00421
1.98259
1.97509
1.99963
1.9833
1.99581
2.00969
2.01255
2.0215
2.04143
2.00787
1.99819
2.02225
2.00049
2.00045
1.99964
2.0215
1.9954
2.00006
1.99147
2.0033
1.98957
1.98264
1.97229
1.99309
2.02299
1.98204
1.99365
2.00974
2.01003
2.0227
1.9795
1.99949
2.00018
1.99302
2.01971
2.00393
2.00453
2.0189
1.98746
1.9902
2.00354
1.97201
1.98017
2.00008
1.99389
2.00405
2.00765
1.99221
1.98073
2.01752
1.99746
1.98744
2.00173
1.99919
2.03093
1.9991
1.99832
2.01469
2.02539
2.00682
1.98961
2.01134
1.9942
2.00131
1.99454
1.99939
2.00539
2.01819
2.00901
1.99599
2.00684
1.99555
2.00074
1.9974
1.99123
2.00234
1.99681
1.99923
1.9823
1.98949
2.00715
1.99474
1.99126
1.99939
2.01121
1.99036
1.99671
1.9919
2.01481
2.01537
1.98165
2.01213
2.00008
1.9836
2.00543
1.97915
1.97074
1.98719
1.99632
2.01528
2.01884
2.01984
2.01535
2.0197
1.99763
2.00097
1.98976
2.00561
1.98291
2.01133
1.99465
2.00907
1.97746
2.01034
2.01561
1.99797
2.00397
1.99892
1.99937
1.9884
2.00872
2.0102
2.00728
2.01212
1.98135
2.011
1.99715
1.99098
1.99861
1.9991
1.97532
1.99774
2.02373
1.99547
1.98957
1.98004
2.00947
1.98834
1.98031
1.99711
2.00279
1.98872
1.96722
1.99763
1.99995
2.01204
1.98805
2.00155
1.99434
1.98832
1.98136
2.00562
1.97328
1.99787
1.98914
1.98365
1.97906
1.99684
2.00288
1.98906
2.01428
2.01219
2.02087
2.02638
1.99885
2.00791
2.01519
1.98795
2.00189
2.02303
2.00748
1.99905
2.01798
2.00209
2.02212
1.99908
1.99736
2.00957
1.99695
1.98879
2.02114
1.9928
1.98694
1.97424
2.0079
1.98329
2.00861
1.99858
1.9996
1.9997
1.99599
2.0197
1.98317
2.01168
1.97807
2.02038
2.00183
2.00829
1.9839
2.02743
1.99537
2.02051
1.9986
2.00275
1.99717
1.98296
1.99755
1.98298
1.96826
2.00517
2.00185
2.00644
2.00345
2.00918
1.9735
2.0063
1.99577
1.98375
1.99141
1.99963
2.00043
1.99748
1.99935
2.01279
2.0012
1.9867
2.00327
2.0099
1.98426
1.97475
1.98595
2.0096
1.99018
2.00892
1.95987
2.01039
1.98484
1.99936
1.99972
2.00942
2.01698
2.00032
2.02769
2.0129
2.01034
1.98365
1.99045
2.02273
1.99501
1.99746
1.99795
1.99333
1.9904
1.99273
2.00938
2.00528
1.98978
1.99982
2.00461
2.00317
2.00083
2.01717
2.01471
2.01297
2.03835
1.98245
2.02502
2.01986
1.99079
2.02398
1.98973
2.01703
1.9924
1.99144
2.00422
2.01037
1.99752
2.00987
2.01939
2.00289
2.00173
1.99638
1.99081
1.98792
2.0019
1.98881
2.00782
1.98835
1.98878
1.99593
1.99464
1.98727
1.97731
1.98005
2.01682
2.01433
2.00335
2.01826
1.9899
1.9846
2.00389
2.03389
1.99953
1.98166
1.9927
1.98059
2.00945
1.98392
1.98698
1.99786
2.02003
2.01589
2.00837
2.0159
2.02598
1.98961
1.99863
2.00348
1.98236
2.00446
2.01031
1.99209
2.00732
2
2.02121
2.01442
2.02445
1.99308
1.98128
2.00415
2.00783
1.99503
2.00159
2.01894
1.97566
1.99437
1.99212
2.02731
2.0252
1.98694
1.99031
2.02181
2.01192
2.01435
1.99017
2.01369
2.01028
2.00509
2.01025
1.97606
2.0078
1.9978
2.00694
2.00776
1.98964
1.98419
1.96459
2.00317
2.02149
1.9938
2.03002
2.00752
1.99378
1.99385
2.00717
1.98922
2.00086
2.0036
2.02175
2.00864
2.01471
2.01557
2.00839
2.00667
2.00421
1.98857
1.992
2.01565
2.00856
2.01096
2.01101
1.99209
2.01049
2.01179
2.01847
2.00668
2.02784
1.9958
1.99681
2.00177
2.01375
1.99139
2.00088
1.98426
2.002
1.99888
1.9957
2.01921
1.9835
1.97221
2.01703
2.00438
2.00824
2.00752
1.99481
1.9917
2.00961
2.006
2.00907
1.99942
1.99816
1.99804
2.00979
2.01966
1.9889
1.98998
2.00498
2.00976
1.9835
1.9825
1.98133
1.99116
2.00417
2.00122
1.97413
1.97256
1.99849
2.00025
2.00141
2.01648
1.99235
2.01944
1.97686
2.00892
2.02621
1.98316
1.98396
1.99019
1.97629
2.01325
1.98626
1.98758
2.01579
1.97278
1.97981
2.00289
2.00813
1.99238
2.01057
2.00274
2.00713
1.99256
2.00953
1.98996
2.00006
1.98959
1.99024
2.01091
1.97966
2.00029
1.99972
2.00883
1.98027
2.00777
1.98477
2.00082
1.99307
1.99829
1.97377
1.9828
1.9915
1.98551
1.99594
1.9995
2.00689
2.00868
2.0134
1.99617
2.01344
1.99424
2.01487
2.02221
1.98347
2.00785
1.99039
1.99588
1.99738
1.98923
2.00741
1.98918
1.98205
1.99007
2.00811
2.00766
1.98958
2.01252
1.99776
2.0039
1.99348
1.98062
2.01001
2.01853
2.01708
1.98731
1.98543
1.99857
2.00487
2.02896
2.01903
1.97734
2.00803
1.98985
1.98266
1.99117
1.98747
2.02441
1.98216
2.01416
1.99042
2.01037
2.01795
2.01782
2.00665
1.99557
2.00767
2.00865
1.99588
2.0024
1.98054
1.99284
2.01176
2.00747
2.01444
1.98802
2.00789
2.01609
2.00602
2.00136
2.01209
1.98113
2.00036
1.9986
1.99014
1.98117
1.99395
2.01004
1.98384
1.99824
2.00816
1.98513
1.97595
2.00087
2.00416
2.00162
1.99699
2.0274
2.00868
2.01454
1.98694
1.99931
1.99402
2.01759
2.00769
2.00324
2.00557
1.99994
2.00977
1.97229
1.98943
1.97015
1.96504
2.00095
1.98047
2.02616
1.97579
1.99401
1.98778
2.01212
1.97804
1.9985
2.01274
2.01205
2.01237
1.99646
2.0096
2.00055
1.99964
1.98401
2.0038
2.01669
2.00983
2.00887
2.01595
1.99708
2.00877
2.01446
2.01048
2.01587
1.98989
1.99539
2.00881
2.01759
1.99363
1.99744
1.99964
1.9984
2.00057
2.01764
2.03197
2.00337
2.0013
2.00968
1.99865
2.00438
2.00478
2.01842
1.98602
2.01177
2.01245
2.00784
1.99389
2.00165
2.0232
1.97616
1.99874
1.99766
2.01878
2.0091
1.99248
2.01701
1.99644
2.01172
1.99456
1.98739
1.99481
1.98359
2.00517
2.00846
2.01837
2.00188
2.00275
2.00528
1.99577
1.99365
1.99032
2.00042
1.96931
2.01549
2.01902
1.98188
2.01388
2.0208
1.97835
2.01707
1.99904
1.99416
1.99492
1.99586
1.97218
2.01497
2.01408
1.98614
2.00211
2.00886
2.0062
1.98225
1.98548
1.98071
1.98012
2.01039
2.03293
1.99779
1.98898
1.99749
2.01007
2.00236
1.9928
1.97994
1.98751
2.00796
2.00028
1.98443
1.98392
1.99143
1.99314
1.99397
1.99481
1.99868
2.02954
2.00282
1.98617
2.00375
2.01065
1.99308
1.99451
1.98323
2.02802
1.99419
2.00716
2.01429
2.01504
2.02075
2.00524
2.01766
2.00416
2.00218
1.96747
1.98592
1.99537
1.99278
2.01297
1.99348
1.99112
1.99362
2.0012
1.99358
2.00264
1.99529
2.01114
1.98717
1.99247
1.99556
2.00216
1.97919
1.99078
2.00808
2.0089
1.9951
1.99274
2.00569
2.0079
1.98816
1.99395
1.98442
1.98289
1.98468
2.01572
1.99081
1.99705
1.98841
1.99004
2.01598
1.99281
2.01763
1.99547
2.01949
1.99657
2.00304
1.98537
2.00352
1.97967
2.00856
2.00645
2.00106
1.98932
2.00552
1.98472
1.99057
1.99232
1.99032
2.00575
2.00043
1.98989
2.00202
1.98816
1.99625
1.99249
1.9798
1.99616
1.99938
2.01773
2.01107
2.01393
1.99757
2.00754
2.00125
2.00474
2.02362
1.99575
2.02538
1.99983
2.00914
2.00574
2.01566
1.97885
2.00439
1.9869
2.00889
2.00651
2.01729
1.99746
1.99494
2.00034
2.01319
1.98445
2.00114
1.99553
2.01419
2.00411
1.99456
2.03099
2.01679
2.01177
1.99247
1.99948
2.00221
1.98635
2.01431
2.02427
1.99836
1.98557
2.01268
2.00735
1.98461
2.02491
1.99065
2.0162
2.01347
1.97489
1.97353
1.99563
1.98721
1.9954
2.01212
1.9972
2.01938
1.99354
2.00311
2.02469
1.9903
2.00467
2.00792
1.99715
2.02317
2.02479
1.98736
1.98963
2.02957
1.98679
1.98795
2.02509
2.00008
1.99613
2.02803
1.9898
1.98548
1.98744
2.01676
2.01217
2.02011
2.00156
1.99643
2.00649
1.97861
1.99982
1.99007
2.01828
1.99183
1.9922
2.00656
2.00887
1.98467
1.97422
1.98111
2.0054
2.01134
1.98862
2.01253
2.01575
2.01114
2.00635
1.98935
1.99322
2.01522
2.01525
1.98757
1.9988
2.00587
1.99276
2.00829
2.01589
2.01131
1.98517
1.99511
2.01943
1.98221
2.01288
1.99969
2.02246
2.00258
1.98409
1.99915
2.01368
1.99493
1.9693
1.97826
2.01093
2.00017
2.00928
2.00121
2.00602
1.99238
2.00711
1.99528
1.9839
2.01806
2.01303
1.98598
1.98659
2.03574
2.0123
1.99464
1.97083
1.98899
1.99782
1.99815
2.02781
2.00093
1.97987
1.99523
1.97931
2.02527
2.00642
1.99451
2.01195
1.98993
2.01346
1.99972
2.00005
2.00289
1.99499
2.01142
2.02329
1.99455
1.98849
2.0071
1.99997
2.02389
2.01476
1.99929
2.00285
1.98628
1.99527
1.97743
1.99493
2.00261
1.98289
1.98748
2.03179
2.0007
2.00598
2.00375
1.99342
2.00275
1.99147
2.00479
2.00017
2.01411
1.981
2.00704
2.00715
2.0009
2.01367
1.99366
2.00642
1.97307
1.98221
1.97859
2.01351
2.00048
1.99543
1.99034
2.01142
1.99685
2.0102
2.0002
2.0025
1.99148
1.99326
2.01012
1.97901
2.00357
1.9821
2.02003
2.01092
2.00067
2.00192
2.00644
2.00074
1.99923
2.01759
1.98888
1.9826
1.969
1.99496
1.96551
1.964
1.99624
1.98508
1.9805
1.9857
1.98371
1.99967
1.96743
1.99194
2.00033
2.00403
1.99964
2.00304
1.98663
2.00482
1.98387
1.97377
2.02015
1.99095
2.00668
1.98256
1.98976
1.99393
1.9942
1.99278
2.00098
1.99982
2.03676
1.96416
2.01596
2.00982
1.99754
2.00168
2.00347
1.99695
2.00493
2.00037
1.99785
2.00053
1.98917
1.98909
1.98449
2.01585
2.00105
1.99932
2.01167
2.0242
1.97349
1.98783
1.99744
2.0006
1.97125
2.00321
2.00316
2.01227
2.0104
2.0027
1.98951
1.99906
1.9959
1.99434
1.99286
1.97705
1.99922
2.00331
2.00995
1.9997
1.99247
1.982
1.99509
2.003
2.00239
2.00487
2.00843
1.99779
2.01689
2.0046
2.00745
2.00189
1.98256
1.99728
2.0004
2.00816
1.97163
2.01578
1.97111
1.97847
1.99676
1.98526
2.00733
2.00337
2.00437
2.00303
2.00524
2.00893
2.00676
1.99699
1.99173
2.0061
1.99417
1.99925
1.99508
2.03305
1.97677
2.00181
1.99869
1.97648
2.00236
2.01166
2.00313
1.99698
2.02601
2.0034
1.98619
1.9844
2.02669
2.01768
2.00467
1.97644
1.99367
2.02071
2
1.98381
2.0076
2.00698
2.00759
1.97717
2.02761
2.00406
1.98048
2.0045
1.98287
1.97972
1.97879
1.99585
1.98305
1.98276
1.99825
2.01215
1.9756
1.98173
2.00225
2.02114
2.01684
2.00264
2.0364
2.01036
2.00203
1.97574
2.01056
1.99987
1.98814
1.99586
2.00734
1.98476
2.00828
2.02647
1.98854
1.97568
2.01107
2.0037
2.0041
1.99119
1.98097
2.00188
1.99694
1.97985
2.01406
1.99822
2.01155
1.987
2.00444
2.01478
1.977
2.02956
1.98959
2.02061
1.99409
2.00919
1.99062
1.99736
2.01046
1.97993
2.01961
1.99595
1.97919
1.98654
1.99329
1.97576
1.98814
2.00073
1.98948
1.99755
1.98901
1.99737
2.01015
1.99172
1.98599
2.02307
1.99817
1.98773
2.01614
2.01519
2.00255
1.98597
1.97958
2.00657
1.99565
1.99763
1.97768
1.98466
2.03592
1.99213
2.0136
2.00709
1.99071
2.00303
2.02346
2.00934
2.01447
1.98844
2.0028
1.97881
2.03099
2.00705
2.00033
2.01304
2.00251
2.00141
1.99443
2.01353
1.99137
1.98419
1.99384
2.0006
2.00059
1.9839
2.00283
2.01023
1.99274
1.99029
1.98131
1.9955
1.99957
2.00536
2.00106
1.97154
1.97599
1.97036
2.01218
1.98974
1.99544
1.98026
2.00215
2.0048
1.99605
2.02159
2.01823
2.00517
2.00663
2.01611
1.98559
2.01099
2.00204
2.0004
2.0118
2.00732
1.99058
2.00567
1.99173
1.98925
1.97251
2.00032
2.0042
1.99532
1.99642
1.9888
2.00446
2.00849
2.02601
2.01375
1.97421
2.01213
1.99179
1.99301
2.02153
2.01058
1.99016
2.00654
1.99477
1.99754
1.97757
1.99299
2.00139
2.01237
2.02617
1.99973
2.00423
2.00049
1.98128
1.98189
2.01754
2.00981
2.03158
2.01116
2.01601
2.00699
1.98932
1.98072
2.00695
2.00299
1.99588
1.99243
2.00107
2.01482
2.00101
1.98354
1.98606
1.99066
2.00876
2.00976
2.0062
1.99647
2.00244
2.01913
2.00135
1.96082
1.99979
1.99165
2.01126
1.97757
2.01007
1.9852
1.9795
1.99115
2.0024
1.98609
1.99295
2.01972
2.00164
2.01832
2.01648
2.00093
2.00094
2.01104
2.00946
2.00928
1.98948
1.99349
1.98649
1.98118
1.99607
1.98534
1.9949
1.99772
2.00637
1.99723
1.98469
2.00113
1.99378
2.00075
1.99251
2.02
1.97477
2.02504
2.005
1.99625
1.98464
2.00268
1.99284
2.03002
1.99002
2.0249
2.0216
1.98879
1.97419
1.99485
1.99174
1.97683
2.01648
1.98462
1.99012
2.00152
2.00226
1.98433
1.97324
1.99487
2.01584
2.00895
1.99847
2.00936
1.99087
2.00738
1.96514
1.98958
1.98997
2.02018
1.99807
1.99191
2.0125
2.02656
2.01614
1.99731
2.00404
1.98806
2.0186
1.99669
1.99135
1.99078
1.99472
1.9793
2.00468
2.00862
1.99067
2.02136
2.00869
1.9885
1.99464
2.00001
1.99673
1.98288
2.01911
2.02566
2.01737
2.0222
2.00605
1.99219
1.98954
1.99835
2.00898
2.00397
2.0073
2.01699
1.98504
1.9725
1.99649
1.98735
1.98647
2.00159
2.00052
2.01273
1.98641
1.99753
1.98699
1.99673
2.01849
1.9942
2.00414
2.00264
2.00258
1.98619
1.99222
1.98553
1.99794
1.99921
1.98873
2.00687
1.98529
2.00141
1.99676
2.01646
2.00792
1.9979
1.98749
1.98082
1.97772
2.00249
2.00979
2.00245
2.0138
2.01667
1.99517
1.98886
2.006
1.98037
1.98956
1.99851
1.99445
1.99075
1.99514
2.00576
1.99088
1.99322
1.99557
2.02719
2.01338
1.99595
1.99901
1.98971
2.02885
1.99838
1.98629
1.99403
2.01994
1.99418
2.0018
1.98437
1.99904
1.99788
2.01964
2.02813
2.00926
1.9682
1.98918
1.99593
2.01274
1.97618
2.00984
2.00185
2.01335
2.00971
2.01243
2.02085
2.01379
1.97787
1.99962
2.00051
1.98087
2.00459
1.99154
2.01508
1.99118
2.01244
1.99314
2.00934
2.00098
2.00711
1.96409
1.99066
2.00853
2.00318
2.00308
2.00967
2.01552
2.018
1.99986
2.01141
1.99679
1.98559
2.00548
2.00386
2.01461
1.9803
2.01186
2.01211
2.01066
1.97366
1.98508
1.98944
1.97704
2.00281
1.9795
1.97904
2.00493
1.99481
2.00111
2.00994
2.01648
2.00343
2.00812
1.99857
2.04532
2.0157
1.99551
2.02742
2.02006
2.00041
1.99692
1.98565
2.00664
2.00123
2.00338
2.00693
2.00207
1.98829
2.0164
1.99977
1.99865
2.00955
1.98643
2.00123
1.99013
2.00816
1.99081
2.00248
1.996
2.01137
2.00999
1.96583
1.98238
2.0065
2.00283
1.98542
2.0032
2.00274
1.99603
2.00685
1.98939
2.00618
2.01459
1.9781
1.9869
2.00446
2.00869
1.99776
2.01873
1.99772
2.00205
1.99917
1.98918
2.01458
2.03084
1.99226
1.9956
1.99156
1.99721
2.00163
2.01406
1.98045
1.98819
2.00355
2.00043
2.00195
2.01088
1.99032
2.01046
1.99096
2.00345
1.9925
2.00636
2.00532
1.99329
2.04546
1.98633
2.02818
2.01014
2.00482
1.99384
1.99156
1.99798
1.99997
2.0026
1.99658
1.98086
2.00945
2.01302
1.99751
2.00238
1.99752
2.01826
1.9974
2.00203
2.02078
1.99565
2.0022
2.00795
1.97435
2.01156
1.999
2.01695
2.00042
1.99581
1.99264
2.01296
2.00091
2.00207
1.99993
1.97529
2.0101
2.01475
1.99924
1.98383
1.99701
1.99504
2.02035
2.00368
2.01063
2.0097
1.98078
2.01228
2.00841
2.00684
2.01003
1.9699
1.99202
1.99318
2.00678
1.99713
2.00055
1.99369
2.00935
1.97558
1.97832
1.98999
2.04025
2.01187
2.00436
2.01637
2.00983
1.9903
2.008
1.98942
2.01846
1.99215
2.02364
2.00629
1.99517
1.99208
1.99889
2.00659
2.00236
1.99474
2.00155
1.98989
1.99249
1.99932
1.99319
1.99722
1.9951
1.97551
1.98855
1.97376
2.00363
1.98347
1.98556
2.00626
1.98189
1.99689
1.98991
2.00124
1.99738
2.02388
1.98882
2.00894
1.99001
1.99634
1.9877
2.00866
2.00891
1.98269
1.98909
2.00544
2.01017
2.01189
1.99545
1.99578
1.97291
2.00747
2.00758
2.01274
1.99644
1.99937
1.98128
2.01471
2.00982
2.0059
1.9979
2.00494
2.01437
1.98639
2.00414
1.97912
2.00313
1.9944
1.99677
2.01708
1.9959
1.9897
1.99834
1.99147
2.01406
1.98069
1.99983
1.99074
1.99592
2.0057
1.99668
2.01502
2.006
2.00233
1.99062
1.9917
1.97994
1.99592
1.98977
2.04636
2.00287
1.99459
1.99057
2.00164
2.00042
2.02811
2.02083
2.0029
1.98628
1.98431
1.98306
2.00425
2.00376
2.00491
1.99995
2.00868
1.9898
1.97984
2.02338
1.98015
2.01081
2.00356
2.01502
2.00808
1.99646
2.00084
2.00418
1.99901
1.98833
1.99879
1.97548
2.00005
2.00245
1.99169
2.01638
2.00447
2.00455
1.99091
2.0037
2.02235
2.00773
2.00881
2.01728
2.00458
2.01298
1.99367
2.00271
1.99799
2.00324
2.02889
1.99497
2.00508
2.00233
2.01643
1.99268
2.00079
2.00091
1.98531
2.02067
2.00217
1.98356
2.00083
1.99717
2.01018
2.0065
1.98759
2.0174
1.97945
1.99831
2.01786
1.9899
1.99287
1.99287
1.97692
2.00637
2.01636
2.01405
1.9837
2.01295
1.99765
2.00826
1.99385
2.00477
1.98305
1.99968
2.0219
2.0055
1.99759
1.97171
2.00451
1.99891
1.99507
1.99965
1.96352
2.03426
1.98783
1.97335
2.00242
2.02571
1.99792
1.9925
2.00776
2.00724
1.99312
1.98295
1.9881
2.00754
2.01231
2.03244
2.01814
2.02115
2.01292
1.97576
2.00695
2.01924
2.00338
2.00353
1.9946
1.99078
2.00293
2.01776
1.99261
1.99054
1.9946
1.99985
2.00183
2.01958
1.98362
1.99214
1.99329
2.00609
2.03743
2.0021
2.001
1.98877
2.01353
1.96647
1.99669
2.00087
1.97965
2.0002
1.98556
1.97394
2.00694
2.00363
2.00835
1.9979
1.98776
1.99931
2.01439
1.98799
2.00433
1.98342
2.01276
2.02787
1.99087
2.00357
2.01416
2.00029
2.01709
1.97188
2.00091
1.9994
1.99734
2.00649
1.99918
1.98253
2.0047
1.98702
1.99281
1.99894
1.98717
2.01766
2.0108
2.00858
2.01866
2.00355
1.99292
2.01428
1.99026
1.98576
2.00704
2.02381
2.00179
2.00025
1.97324
1.99779
2.01273
1.97457
2.00296
1.99903
1.99773
2.03767
2.00894
1.9976
2.02671
2.01128
1.99446
2.00098
2.00718
1.97842
1.9972
2.00297
2.00746
1.99861
2.00147
2.00152
1.95271
1.97964
2.00028
2.02065
2.02484
2.01295
2.01779
1.98957
2.00884
2.01115
2.00941
1.99479
1.99975
2.00254
1.96879
1.98654
1.9891
1.99566
2.02333
1.99087
1.97789
2.00984
2.01423
1.99472
2.00642
2.0127
2.0069
2.00667
2.01053
1.98186
1.98516
1.98544
1.99114
2.03391
1.98263
1.99294
1.99106
2.02083
1.99728
2.00981
1.99632
1.9958
1.99701
2.01276
2.02268
2.00144
2.01059
1.99282
1.99918
2.01478
2.0097
1.99995
1.9957
1.99986
2.01301
2.00363
2.0158
1.99492
1.99107
1.99538
2.02567
2.0193
2.00343
2.00023
1.96508
2.01035
2.02181
1.98268
2.00305
1.99278
2.00151
1.98652
1.9735
2.01936
1.9812
1.98892
2.00795
2.02077
1.9686
1.98571
2.02826
2.00607
1.99176
2.00899
1.98514
1.97924
1.9794
2.00184
1.99542
1.99238
1.99326
2.0101
2.01108
2.00811
2.00048
1.98743
2.02512
2.00634
1.99455
1.99174
1.99417
2.00988
1.97942
2.00087
2.00302
1.99299
2.02392
2.00754
1.99401
2.00064
2.00121
2.01024
2.01323
2.00897
1.99955
2.02158
2.00388
2.01757
1.99001
2.00015
1.96
2.00824
1.9928
2.00038
2.00119
1.97673
1.98895
2.00236
2.00646
1.99259
1.99286
2.00018
2.01014
2.00805
1.98035
1.9762
1.9813
1.99201
1.97649
2.00065
1.9863
1.9869
2.00785
2.0123
1.96814
2.00818
1.97216
1.99329
1.99399
1.98176
1.99886
1.98989
1.99077
2.01199
2.00236
2.0083
2.00302
1.99893
2.02316
2.02212
1.98737
1.99816
2.00502
2.03114
2.01352
1.99127
1.99622
1.99789
1.97522
2.01393
1.98348
2.00442
2.01023
2.00517
1.99139
1.99607
2.00874
1.99026
2.02902
2.00587
2.00708
1.9986
1.97993
1.96297
1.98601
1.9956
1.99908
2.02309
1.99928
2.00668
2.00419
2.00233
1.98674
1.99773
2.01018
2.01177
2.01174
2.00398
2.017
2.0039
1.97687
2.02245
1.99996
1.99376
2.00155
1.9987
2.00118
1.99138
2.01126
2.01997
2.02328
1.97893
1.99414
1.98302
1.99636
2.00798
2.02898
2.00069
2.00372
1.97835
1.99803
1.99158
1.99596
2.01583
1.98916
1.98702
1.98159
1.99184
1.989
2.01888
1.98798
2.00624
2.00933
2.01703
1.98471
2.01292
1.98408
2.0177
1.98824
1.98831
1.98574
1.96661
2.02475
2.02994
1.9956
1.98745
2.00968
1.98216
2.0238
1.9928
2.00721
1.98257
2.00345
1.99204
2.02655
2.02002
1.99026
1.99358
2.00118
2.0225
1.99783
1.9862
1.98555
1.9952
2.01608
2.01744
2.00264
2.00362
2.0065
2.0133
1.99212
1.97829
2.00273
1.9897
2.00124
1.99786
2.02789
2.00378
2.0049
2.02465
1.98039
1.99017
2.00292
1.9728
2.01156
1.97895
1.99562
2.01045
1.99153
2.01634
2.01581
2.00658
2.00825
2.01489
1.99716
1.9908
1.98181
2.01175
1.9847
2.0024
1.98473
2.01186
2.00611
1.97511
1.98756
2.01854
2.00564
2.003
1.97947
2.00201
1.9783
2.00361
2.00626
2.04222
2.00938
1.98929
2.02262
2.01031
1.98275
2.01988
2.01018
1.98654
1.99449
2.001
2.01778
1.99838
1.99282
1.99573
1.9942
2.00129
2.00631
1.99749
1.99261
1.98845
2.01076
1.97794
2.00586
2.02252
2.0057
1.98917
1.99096
1.99291
1.98889
2.00072
2.00316
2.01091
2.00739
1.99945
2.00023
2.01722
1.99696
2.02037
1.99321
1.97804
2.03391
2.0001
2.00292
1.9985
2.00028
1.99954
1.98592
2.00173
2.00537
2.03824
2.01342
2.01204
2.00819
2.00852
2.02207
2.00513
1.98998
1.99328
2.01948
2.0003
1.99906
1.99904
1.99787
1.99738
1.98693
1.98872
2.0054
1.99319
1.97523
1.98291
2.0161
1.99728
1.95965
2.02233
2.02447
2.00858
2.01959
2.00302
2.0065
1.98223
2.01192
1.98349
1.99577
2.00106
2.01519
1.98919
1.99494
2.01269
1.99859
1.99631
1.98555
1.96905
2.01855
2.00347
2.00615
2.0004
2.00566
2.01927
1.99447
2.02573
2.01174
1.99975
2.00853
1.99934
2.0094
1.99533
1.99265
1.99236
1.99598
1.98808
1.97853
1.99803
1.98843
2.00228
2.03608
2.00008
1.99776
1.99807
1.99672
1.99799
1.98635
1.99862
1.98735
2.00288
2.01724
1.96976
2.00962
2.00333
2.01265
2.01132
1.99803
1.99964
2.01553
2.00047
2.01534
1.99107
2.00951
1.98876
1.99501
1.97694
1.9971
2.00526
1.99332
1.99511
1.99615
2.00333
2.01404
2.01098
1.98512
1.9903
1.98018
2.01615
2.01412
2.01509
2.00673
1.97496
2.01829
2.00726
1.99372
2.00397
1.95308
1.99841
1.99821
2.00171
2.01343
1.98481
2.01841
2.02036
2.00347
1.9904
1.96792
2.0021
2.0104
2.00301
2.00777
1.99184
1.98317
2.0054
2.00133
2.0049
1.9889
1.99237
2.001
2.00979
2.01555
2.0111
1.98371
1.99949
2.00421
1.99663
2.0101
1.99821
1.98977
2.00587
2.00277
1.98418
1.99409
1.9814
1.9882
2.00197
2.01063
2.01799
2.0079
2.01973
1.99543
1.98805
1.98689
1.99351
1.9888
2.00453
2.01861
1.98007
1.99813
1.99548
2.00299
1.99833
1.98993
2.00938
1.97397
2.01134
1.99261
1.99857
1.97187
1.99838
1.96886
1.98833
2.02474
1.98673
1.98069
2.01919
1.98753
2.00829
2.01604
2.01478
1.98703
1.97497
2.01566
2.00028
2.00888
2.00495
2.00478
1.97475
1.99951
1.99521
1.98656
2.00139
1.99656
2.01944
1.99481
1.99816
1.99657
1.97896
2.0103
2.00426
1.99244
2.0107
1.98752
1.99835
2.02339
1.99452
1.99303
1.98387
1.97635
2.02726
2.00921
1.98405
2.00271
1.97256
2.00029
1.98685
1.99913
1.99538
2.00087
1.99917
2.00775
2.00059
2.00359
2.00504
2.02845
2.01007
1.9935
1.99043
1.97762
2.00048
1.9837
2.00929
1.99466
1.98131
1.99151
2.00296
2.00104
2.04079
2.01614
2.00097
1.97397
2.01368
1.98538
1.99713
1.98249
1.98958
2.00225
2.01443
1.98685
1.99892
2.00885
1.98906
2.01709
2.0021
1.99932
1.99674
1.98593
2.00471
2.01443
2.00145
2.01045
1.99358
2.0023
1.99829
2.01454
2.00452
2.00792
2.00425
2.02585
1.99844
2.00395
1.98313
1.99288
1.99586
1.98899
1.99764
2.0027
1.97913
1.99855
1.99894
2.03075
2.00331
1.99356
2.02431
2.00196
1.97719
2.00586
1.9855
1.98815
1.99733
2.01048
1.99606
1.96995
2.01375
1.99152
1.99797
1.99615
1.99849
1.98788
1.98837
2.01084
1.99821
1.99493
1.99819
2.00521
1.99487
2.0144
2.01724
2.0152
2.02887
2.00251
2.00528
1.99472
1.9969
1.9991
1.99408
1.99978
2.01708
1.99651
2.00031
2.01516
1.97874
2.00438
1.98285
2.01769
1.99225
2.00026
1.99308
2.0227
1.97797
1.9938
1.98717
2.02223
2.01113
1.99402
2.01234
2.00256
1.99068
2.00171
2.00625
2.0048
2.0005
1.98741
2.00027
1.99187
2.01479
1.9807
1.98043
2.01713
1.99109
1.98621
1.99719
2.01014
2.01275
2.00338
1.99626
2.01219
2.02781
1.97112
1.98833
1.98094
2.01526
2.00941
2.02407
2.04528
2.00636
2.01043
1.99613
2.01029
2.028
2.00237
2.02174
2.00379
2.03554
2.01769
1.9831
1.99068
2.02691
2.00977
1.98484
1.98357
2.01046
1.99544
2.03023
2.00447
2.00082
1.99721
2.01575
1.99975
1.99481
1.99789
2.02575
2.01595
1.98503
1.99378
2.00423
2.00628
1.99766
1.97362
2.01902
2.01606
1.99131
2.00843
2.0044
2.02078
1.99001
1.99326
2.00495
2.02172
1.99587
2.01503
2.01098
2.01166
1.98284
2.00804
2.00622
1.99246
1.98775
2.02232
2.02533
2.01967
2.01928
2.00479
2.00129
1.99888
1.99783
1.95888
2.00983
2.00643
1.99455
1.99953
1.98416
2.01572
2.01211
2.01382
1.99789
2.0019
1.99356
1.99858
2.00051
2.01109
1.98698
2.02582
2.02886
1.99332
2.01247
2.00578
1.99338
1.98096
2.00129
2.03989
2.00954
1.97357
1.99046
1.97908
2.00937
1.99173
1.9835
2.01037
2.01161
1.99585
2.00815
2.01101
1.99248
2.01295
2.01742
2.00715
2.01792
2.00558
2.01011
1.99532
1.98268
2.01182
2.01243
1.99969
2.01165
2.00542
2.00561
2.00613
1.98733
2.0039
2.00381
2.01003
2.00162
2.02139
2.01446
1.995
2.00592
1.98791
1.9753
1.97339
1.99085
1.99437
1.98516
2.00893
2.0026
1.98965
2.00004
2.01165
2.00269
2.00675
2.00545
2.01681
1.99481
2.01872
1.99505
2.00725
1.98802
2.00883
2.01839
2.02086
1.99091
2.00463
2.01278
2.01217
1.97763
2.00059
2.0185
1.98278
1.99276
2.00584
1.99996
1.98442
2.01048
2.02107
2.00158
1.99992
2.02074
2.0119
2.0019
2.00107
1.98735
1.97188
1.98568
2.02382
1.99661
2.00215
2.00088
2.00166
1.99047
1.97695
2.01497
1.97118
2.02081
1.9902
2.03472
1.98051
1.98166
1.99353
2.00398
2.02814
2.01257
1.97442
1.99404
2.004
2.00104
2.01592
2.02359
1.98238
2.02122
1.99632
1.99218
2.00598
2.01374
1.99083
2.02356
1.97815
2.01453
1.99434
2.00627
1.99604
1.95888
1.98316
2.00223
2.00093
2.03057
1.99269
2.00281
1.97588
1.99252
2.00537
2.00268
2.00037
2.01501
1.99511
2.03064
2.00187
2.00966
1.99207
1.98122
1.98724
1.9838
2.00817
1.99915
2.00647
1.983
2.00698
2.01275
2.01703
2.0192
2.00463
1.98766
1.99099
2.00141
1.99723
1.99022
2.00287
2.03191
2.00407
1.98814
1.97915
1.97799
1.98668
2.00315
2.00099
1.99519
1.98715
2.02162
1.99979
2.02649
1.9795
2.00099
2.01728
2.0093
2.01984
1.99516
2.00849
1.9941
1.9917
1.97716
2.0022
2.01983
2.00313
2.00496
1.99916
1.97931
2.01036
1.98732
1.99924
2.00516
2.01023
1.99034
2.01536
2.01055
2.00269
2.00079
2.00402
2.00025
1.99492
1.9742
1.97085
2.01549
2.00285
2.02706
2.0339
1.98802
2.00683
1.9975
1.98803
1.98886
2.0019
1.99468
2.00208
1.98974
2.00899
2.01534
2.0096
2.02136
1.99929
1.99571
2.01537
2.0016
2.02007
1.99472
2.01487
1.99788
1.99158
1.99185
2.00868
1.99906
2.00139
1.99231
2.00269
1.9922
1.98233
2.02021
2.01205
1.98586
1.99426
2.00637
1.99655
1.99668
2.00162
2.00874
2.00687
1.97629
1.98546
2.00843
1.99252
2.00584
2.02469
1.99063
1.98597
1.99366
1.99692
2.01855
2.00698
1.99843
2.00237
1.99483
1.99939
2.02141
1.99625
1.99919
1.98643
1.98935
2.00006
1.9862
1.99591
2.01055
2.01528
2.01983
1.99562
2.02105
1.98953
2.00739
1.99957
1.98395
2.00714
2.01434
2.00232
1.99329
2.0153
2.01731
1.98793
2.01352
1.97988
2.00515
2.00696
2.00303
1.9909
2.01286
1.99931
1.99386
2.00122
1.99513
2.00634
2.00732
1.98542
1.99842
1.99258
2.02534
2.0095
1.99469
2.0224
2.00575
2.00618
1.99758
1.98422
1.99618
2.01405
1.99675
2.01051
1.99218
2.01601
2.00642
2.02006
2.02871
2.00814
2.00408
1.99462
2.00553
2.03211
2.00532
1.98696
2.01198
1.99021
2.00911
1.97934
1.99726
1.98738
1.99323
1.98693
2.00148
2.00015
1.9907
2.02379
1.99938
1.96839
2.00116
1.99382
1.99798
2.00303
2.00024
2.01076
2.00742
1.99484
1.99865
1.97773
2.02595
1.98958
2.01264
2.01763
1.98017
2.00858
1.99674
2.00499
2.01589
2.01771
1.97922
1.96177
1.98017
1.99183
1.99064
1.99592
1.99583
2.0099
2.01131
2.01921
1.97724
1.98516
2.00299
1.99012
2.00144
1.99332
1.99929
2.045
2.01023
2.00216
2.00266
1.99678
2.00908
1.99625
2.01081
2.02275
1.98813
1.98493
2.0089
2.01975
1.98662
1.99502
1.98743
1.99655
1.98656
1.97224
1.99978
2.00385
2.01457
1.99606
1.99195
1.97051
2.0045
1.99676
1.99739
2.00159
2.00044
1.9994
1.99723
1.98541
2.01814
2.03503
1.99424
2.00182
2.0077
2.0056
1.98478
2.0258
1.97937
2.00826
1.99055
2.00913
2.01613
2.00248
2.02814
1.98773
2.00057
1.97948
2.0265
1.9809
2.01125
2.00389
2.00682
2.0106
1.99
2.01336
2.00525
1.98537
1.98318
1.99307
1.99808
2.00408
2.01963
1.98698
2.00043
2.02348
1.9808
1.99979
1.99779
2.0116
1.98388
2.00784
2.01068
2.00945
2.00905
1.98073
2.0043
1.99264
1.97318
1.98895
1.9892
1.99292
2.03839
1.99113
1.98532
1.98914
1.99247
1.95887
2.00188
2.04044
1.98782
1.98747
2.00749
1.99502
1.98048
2.01835
2.01327
1.98863
1.99632
2.00413
1.99096
1.99052
1.99204
2.01086
1.99287
2.00474
2.00962
2.01804
1.99298
1.98912
1.98096
2.01458
1.98217
1.99016
2.00846
2.00173
2.01397
2.01319
1.96776
1.98857
2.02238
2.01509
2.00505
2.01261
2.00995
1.98801
1.9898
1.97478
1.99757
1.99994
1.99607
2.00659
1.98781
2.01162
1.99368
1.97136
1.99398
1.98057
2.02272
1.9772
1.97334
2.02573
2.01684
2.00142
2.01523
2.01827
2.0052
1.97952
1.99339
1.97795
1.99588
1.9993
1.99339
1.98765
2.01548
1.97592
2.00151
1.99478
2.01504
2.01885
2.02009
2.01684
2.00653
2.01967
1.99671
2.00311
2.01954
2.00724
1.99988
1.99422
1.98649
2.00561
2.00961
2.01971
2.01867
1.9981
2.02221
2.00462
1.99825
1.99426
2.01264
1.98653
2.0232
2.0066
1.99085
2.00987
2.00824
2.02437
1.99728
1.97847
1.99365
1.9779
2.00773
2.01018
2.00005
1.97517
2.00016
1.98957
1.99455
2.00871
2.02364
1.99135
2.01826
1.99434
1.98694
2.02437
2.00716
1.99669
1.99617
2
2.03063
1.99605
2.00835
2.00456
1.99448
1.98071
2.00221
1.98578
1.99929
2.02132
2.01397
2.00619
1.98576
2.00404
2.0136
2.00115
2.00367
1.99671
1.98257
1.99632
2.01021
1.98579
2.01594
1.98425
1.99249
1.99821
1.97574
2.00462
2.01093
2.01306
2.00234
2.00271
1.9794
2.00169
1.97525
2.00384
2.00017
1.98118
1.98112
1.99042
2.01118
1.98675
2.00605
2.00658
2.00025
2.00617
2.01389
2.0101
2.01121
2.00272
2.00433
1.99616
1.99289
2.0216
2.01433
1.98875
2.01122
2.01414
2.00251
1.98924
1.98037
1.99644
1.99844
1.99594
2.00079
1.9992
1.99455
2.00434
1.99154
1.99064
1.9828
2.00435
1.98882
2.00972
2.01443
1.99116
2.00012
2.01906
2.00914
2.0174
1.99501
1.98713
2.01788
2.00102
2.00104
2.001
1.98649
2.02062
1.9977
2.02829
1.97744
2.00248
2.0269
1.99488
1.99319
1.99233
2.00236
2.01455
1.99374
2.017
1.99791
2.00754
1.98817
2.01232
1.98965
2.0189
2.00434
1.99272
1.99426
2.01092
1.98281
2.02312
2.00398
1.98254
1.98884
1.98651
2.01357
1.99279
1.99474
2.01292
1.99114
2.01257
1.98312
2.01467
1.99734
1.99114
1.99579
1.97756
1.99117
2.0134
2.00005
2.01346
1.99272
1.99485
2.0189
2.00453
2.0189
1.9867
1.99214
2.00324
1.98065
2.01402
1.97134
2.01219
1.99276
2.01101
2.00902
1.99715
2.00554
2.03617
1.99348
2.00484
2.00633
1.99969
2.00562
2.01756
2.00587
2.02163
1.99291
1.99813
2.00792
2.00913
1.98996
2.01807
1.97099
2.00744
2.00672
1.99201
1.98773
1.98613
2.00977
1.96734
2.0032
2.00562
2.00847
2.00333
2.01014
1.97572
1.98693
2.01098
2.01362
2.02101
1.98807
1.98953
1.98284
2.03041
2.00494
1.98762
1.99267
1.99154
1.98303
2.01338
1.99959
1.99768
1.99647
1.99869
2.01114
1.97706
1.99978
2.00357
1.99966
1.98562
1.98656
2.0177
2.02037
1.98942
2.01377
2.00139
1.99143
1.99581
2.01054
2.01803
1.96887
1.99571
2.01111
1.98562
1.99152
1.99228
2.00527
2.01102
2.00142
1.99905
2.00694
1.99157
2.011
2.00079
1.99362
2.0038
1.98962
1.98825
2.02391
1.99487
1.99031
2.01258
1.98778
2.01728
2.00976
2.0006
2.00439
1.99542
2.00211
1.98753
1.99808
1.99061
2.02088
1.99383
2.01447
1.99002
1.987
2.00754
1.99876
2.00661
2.02858
1.98358
1.97628
2.01162
1.99835
1.99727
2.01014
2.00244
2.00938
2.00686
2.00147
2.01036
1.98469
2.01492
1.99026
2.01807
2.00952
1.98668
2.02774
1.97325
1.99645
2.00426
1.9778
2.01613
2.00889
1.97729
1.99181
2.00769
1.99784
1.98586
2.00245
1.99096
1.999
1.99242
2.00591
1.99459
1.9902
2.00011
2.00904
1.98215
1.99241
1.99856
1.99762
1.97888
1.97576
1.99342
1.99163
1.98698
2.00556
2.00538
1.98727
2.02162
1.98778
1.99828
2.00092
2.00555
2.00703
2.00316
1.99246
1.99327
1.99205
2.02055
2.0076
1.98548
2.00728
2.00146
2.01201
2.00246
2.00886
1.98739
2.008
2.00497
1.98744
1.99215
1.9912
1.99117
1.98841
1.98939
1.99207
1.9977
1.97622
1.99952
2.00055
1.98386
2.00174
2.00886
1.99451
1.99904
1.9913
1.9869
1.99428
1.99906
2.00625
1.98878
2.00495
1.98577
1.98973
1.98829
1.99203
1.99215
2.00777
2.00542
2.01108
2.01036
1.98556
2.00196
2.0001
2.00265
2.00825
1.97522
2.01058
2.00481
2.00033
1.98702
2.00633
2.01137
2.00544
2.01028
2.01512
1.99374
1.98716
2.00139
2.01504
2.02023
1.98975
2.00352
2.00131
1.9931
2.00187
2.00846
1.99823
2.00476
2.01691
2.00724
1.98015
2.01949
2.00663
2.01431
1.98995
2.00365
1.9832
2.01969
1.99342
2.01943
1.99097
2.00298
2.01117
1.96665
1.98829
2.02112
2.00616
2.01263
2.00402
1.99996
2.01764
1.98943
2.00554
2.00139
2.01064
1.98219
2.00859
1.97652
2.01902
2.00686
2.02143
2.0053
2.01366
2.00982
1.9883
2.00893
2.02134
2.01789
1.99722
1.97712
1.98314
2.00774
1.99278
1.99253
2.00011
2.01309
2.00336
2.01716
2.0223
1.99961
1.98869
1.98561
2.00302
1.98881
2.00209
2.00474
2.01427
2.01685
1.99447
2.00485
1.99661
1.99397
2.01319
1.97124
1.99844
1.98647
2.00401
1.99236
1.97663
2.00352
1.9952
2.00275
1.97845
1.98338
1.99648
2.00928
2.00682
1.98394
1.99672
2.01769
2.01417
1.99331
2.02628
1.99581
2.00388
1.99991
1.99128
1.97164
1.99252
1.98304
2.01482
1.99347
1.98141
2.01262
1.98834
1.99617
1.99475
2.00863
2.01118
1.99112
1.98682
1.96646
2.00607
2.00364
2.02153
1.99039
1.98407
2.00932
1.98796
1.98188
2.00927
2.01625
1.9893
2.00752
1.96614
2.00391
2.00806
1.99762
2.01015
2.01805
1.99268
1.98681
2.00002
1.99986
2.00009
1.99124
2.00901
1.99573
2.00544
1.99593
2.01455
1.99643
1.99833
2.00705
2.01816
1.99792
2.00178
2.01155
2.01366
2.00835
2.01499
2.01388
2.01536
1.98858
1.97778
1.96786
1.99725
2.00737
1.98764
2.00727
2.00206
1.98318
2.01544
1.98711
2.01358
1.97987
2.00543
2.02185
1.98472
2.00965
1.99721
1.98876
2.00488
1.99914
2.00202
1.97674
1.98736
2.02664
1.98288
1.99539
1.98521
1.99262
2.03143
1.96693
1.97983
1.9829
2.00355
2.00952
2.00488
1.99196
2.01353
2.01449
2.0021
1.99975
2.00008
1.9905
1.96595
2.00874
2.0094
1.99601
1.99051
2.00534
2.01076
2.00577
2.00176
1.99709
1.97929
1.99906
2.00337
1.9918
2.01672
1.98747
1.9967
1.9964
2.00218
2.00673
1.98969
2.0102
1.98229
1.98745
2.009
2.00681
1.98254
1.99164
2.01661
2.02366
2.00234
2.0121
2.00625
1.97656
2.00035
1.98979
2.00238
2.0078
1.98646
2.01607
2.0168
1.99305
1.97705
1.98799
1.99095
2.00739
1.96466
1.98743
1.99213
2.00219
1.99809
1.99023
1.9924
1.99127
1.98255
1.99056
2.01205
1.98506
1.98486
2.01798
1.96594
2.01697
2.01183
1.97119
2.00189
1.98967
1.98422
2.00468
2.00388
1.99156
1.99781
1.9916
2.01379
2.0038
2.01886
2.00217
1.9951
2.01701
1.99665
1.98221
1.98831
1.97879
2.00351
2.02152
2.00113
1.97245
2.02842
2.02519
2.01367
1.97438
1.9907
2.00311
2.02526
2.00508
2.00434
1.98499
1.99821
1.99612
1.98839
2.01223
1.99835
1.98671
2.00748
2.00272
2.01121
1.98448
1.98119
2.01538
1.996
2.00256
1.97842
2.00566
2.01688
2.00977
1.98201
2.0043
1.9876
1.99741
1.97917
1.99573
2.00478
2.02149
1.99177
2.01208
2.00563
1.99573
2.00892
2.0129
1.99316
2.00395
1.9891
2.01755
1.98847
2.01757
1.98962
2.02839
1.99662
2.00171
1.98833
1.98454
2.01046
2.00431
2.00015
1.99613
1.99834
1.99486
2.01387
1.98885
2.00247
2.02008
2.0019
2.00523
1.98712
2.01735
1.98353
2.02598
2.03451
1.99103
1.99094
1.99447
2.01351
1.98588
2.00329
2.00355
2.00051
2.01254
2.02219
1.98935
1.97731
2.01062
2.00018
2.00918
1.99512
2.02469
1.99023
1.99249
2.00345
2.00062
2.01136
1.99292
2.01182
1.99414
2.00396
1.99274
2.01472
2.01664
2.01556
2.01834
2.00008
2.00848
1.99781
1.98706
1.9832
2.00318
2.01231
1.96501
1.98352
1.98119
1.99673
2.01095
1.98578
1.99609
1.99038
1.99145
1.99526
2.00642
1.99441
1.97882
1.99968
1.99078
2.02203
2.00392
1.99436
2.00205
1.99852
1.99341
1.98125
1.98414
2.00538
2.01496
1.97471
1.98754
1.98092
2.01838
2.02175
1.99551
2.00573
2.01095
1.99894
2.01382
2.01485
2.00118
1.98616
2.00174
2.01564
1.98637
2.00112
1.99365
1.98199
2.02055
2.00679
2.0152
1.99112
2.00935
1.97968
2.00397
2.01508
1.98695
2.0083
1.99722
1.99328
2.01113
1.99823
2.00521
2.01007
2.001
1.99453
2.00785
1.98374
1.98716
1.99801
2.0008
2.00794
2.02302
2.00829
1.99681
2.00465
1.99207
1.9946
1.99822
1.986
1.98709
2.01192
1.98782
1.98859
2.0192
2.02788
2.01629
2.01125
2.00932
2.00823
2.00863
2.01034
2.00819
2.0124
2.02447
1.9693
1.96954
1.99514
1.98069
1.99974
2.00847
1.98988
1.97595
1.9978
2.00108
2.00285
1.99356
1.99152
1.99305
1.99696
1.9939
1.98919
2.02012
2.01245
1.98681
1.96541
2.00697
1.9819
2.00422
1.98232
2.01067
1.99271
2.02661
2.01822
2.01355
1.9987
1.97548
1.98773
1.991
1.968
2.01562
1.99784
2.0039
1.99968
2.02237
1.98725
1.99647
1.97721
2.00537
2.00578
1.99685
2.01029
1.97536
2.00183
1.98236
2.02278
2.00522
1.99738
1.99271
2.00645
2.01442
1.99596
2.00272
2.00854
2.00074
2.00402
2.00466
2.00237
1.99814
1.98049
2.01524
1.99124
1.98366
2.02484
1.99569
2.0014
2.00204
1.99966
2.01711
2.00151
1.99216
2.02142
2.01382
2.01036
1.987
1.9977
1.98466
1.98471
2.00659
2.03135
1.99409
1.99754
1.9907
2.00874
2.01593
2.02935
2.01865
2.02355
1.98326
1.98569
1.99048
2.00995
1.9758
2.00505
2.00195
1.98062
1.99273
2.0052
2.01893
1.98225
1.99812
1.97336
2.00839
2.0087
2.00032
2.01184
1.98521
1.98108
2.00801
2.01903
2.00225
1.99443
2.00989
2.00812
1.97086
1.97506
2.01623
1.98654
1.97768
1.9974
2.00184
1.97965
2.00802
1.98182
1.99614
2.00474
2.00135
2.00549
2.01314
2.00116
1.99659
1.99783
1.99581
2.00005
2.0145
1.99665
1.98435
1.98643
1.98951
1.99201
2.01866
2.01425
1.99095
1.99007
1.9767
2.00821
2.02413
2.01071
1.99742
1.9933
1.97272
2.00321
2.03813
2.00166
2.00805
2.00763
2.01062
2.01011
2.00682
1.97227
1.98531
1.98321
1.98775
1.98394
1.99071
1.98074
2.01591
2.00755
1.99627
1.98565
1.99708
1.99693
2.00034
1.99887
2.02076
2.00457
2.01279
2.00969
2.03074
2.01648
1.98845
2.0014
2.00935
2.01155
2.00432
1.99159
1.97667
2.01499
1.9701
1.98314
1.98687
2.01084
2.01093
2.03859
2.00848
1.99687
1.98286
1.99806
1.99974
2.01823
2.00656
2.01799
1.99164
1.99212
2.01477
1.99682
2.00419
2.00909
2.0173
1.99988
2.00402
2.01236
1.96347
1.97762
1.99515
2.017
2.00739
1.99918
2.01691
2.00041
1.98706
1.98758
2.02
1.99133
1.98848
1.99893
2.01617
2.01017
2.00953
1.98617
1.97675
2.02516
1.98938
2.00726
1.99744
1.9929
2.00835
2.01036
1.99018
2.03021
1.99456
2.00914
2.02111
2.00982
2.0061
2.00976
1.97614
2.01875
1.99197
1.99115
1.97755
2.01237
2.00493
1.99389
1.97257
1.99196
2.00238
1.99136
2.03064
2.00605
1.97059
2.00577
1.99883
1.97852
2.00512
2.01092
2.02359
2.01157
2.00037
1.99862
1.99549
1.99598
1.99236
2.00517
2.00217
1.99484
1.99788
1.97655
2.01528
1.99426
2.01137
1.98567
1.99811
1.98153
2.0443
1.98524
2.01967
2.01284
2.01386
2.0016
1.96056
2.00971
1.98937
2.01166
1.98976
1.9938
1.99166
2.02148
1.99073
2.0165
1.98517
2.00082
1.98263
1.9885
2.00026
2.0018
1.99968
1.99066
2.023
1.99392
1.99544
1.99902
2.03307
2.02156
2.00133
1.98495
2.00018
1.98664
1.98436
2.01513
2.00461
2.00523
2.00486
1.97985
1.96251
1.99983
2.00864
2.00728
1.99932
2.00012
2.00939
1.99763
1.98478
2.01489
2.00071
1.9657
2.00512
1.99969
1.99941
2.00844
1.99445
2.00746
1.98521
2.01094
2.0259
1.98507
1.99646
1.97088
1.98923
2.00443
1.99814
2.00839
1.97457
2.03429
1.99815
2.00339
1.97255
2.00449
1.99515
2.01683
1.99365
1.99096
1.98327
1.9961
1.99177
2.00485
2.00864
2.00478
1.99382
2.01713
1.99915
2.00327
1.99501
1.99885
2.00398
2.01795
2.01181
2
1.98847
1.99891
2.02465
2.00214
2.00205
1.98701
2.00079
1.99696
2.01238
2.00983
1.99181
1.97615
1.98765
1.99328
2.0158
2.01189
1.99112
2.01305
2.01663
1.99592
2.00857
2.0246
2.01853
1.98937
1.99091
2.00591
2.01949
1.97673
2.01632
2.00307
2.01254
1.98384
1.99114
2.03125
2.00609
2.00678
1.97598
2.00859
2.00543
1.99205
1.99198
1.9779
2.02673
1.99218
2.02219
2.00246
1.98893
1.9716
2.01043
1.97615
1.98667
1.99262
2.00533
1.98738
2.00555
2.00286
1.98575
2.00311
2.01799
1.99468
1.98227
1.98438
2.01446
2.00299
1.99994
1.98757
2.00946
2.00319
2.01983
1.99239
1.99699
1.99811
2.03774
2.00064
1.9935
1.99982
2.00792
2.01187
1.99401
1.99938
2.00396
1.97488
1.9816
1.99547
2.02921
1.98971
1.98496
2.0148
1.99364
2.02147
1.98278
2.00398
1.98949
1.99518
1.99205
2.01139
1.98508
1.99063
2.01614
2.00927
2.00082
2.00479
1.99824
1.99514
2.00967
2.00757
2.01961
1.99596
1.99462
2.01693
2.01532
1.99689
1.99755
1.99775
1.99817
1.99721
2.01062
2.02029
1.99739
2.00433
1.96122
1.99517
1.99994
2.01588
2.041
2.01864
2.00037
1.98546
1.99483
2.0032
2.01396
1.98567
1.99519
2.01262
2.01739
1.98511
1.99622
1.99327
2.02111
1.9777
2.00883
1.99368
1.9901
2.00246
1.99051
2.01609
2.00391
1.99955
2.01001
1.97374
2.00934
2.0322
2.01153
2.01104
1.98717
2.00133
1.97611
1.99741
1.98736
2.02065
1.99854
1.9905
1.98396
1.99674
1.99158
1.99318
2.01482
1.99799
2.00914
2.00686
1.98688
2.00389
2.01087
1.99973
1.9649
1.99563
1.99292
2.01105
2.00436
1.9833
1.98905
2.01193
1.97591
2.00914
2.01458
1.98535
1.99058
1.98528
1.99444
2.01828
2.01554
2.01317
2.00483
1.99944
2.00548
2.00059
2.001
1.9985
2.00126
2.01677
1.99004
1.98695
2.01325
2.00242
2.01127
2.00874
2.01244
1.97481
2.00015
2.01161
2.00296
2.01372
1.9959
1.99116
2.02513
1.99349
2.00998
2.02847
1.99923
2.02339
1.99496
2.00957
2.00658
1.97518
1.99425
1.99161
1.99086
1.99534
1.98977
1.98923
1.99346
2.01227
2.00963
2.0289
2.01256
2.02433
2.02555
2.00257
1.9974
1.99633
2.00645
2.0183
1.9969
1.99623
1.99518
1.98876
1.99319
2.02651
2.00703
2.02907
1.99137
1.98921
2.00913
1.96321
2.02005
2.01955
1.99236
1.99248
2.01121
1.99394
2.00345
1.98416
1.98707
1.99931
1.98652
1.99936
1.99279
2.01651
1.99584
2.01988
2.01799
1.9813
1.98665
2.0192
2.03042
1.98298
2.00563
1.99106
2.00755
2.00038
2.00859
2.00145
2.00763
2.00639
2.00527
1.99157
2.00633
1.98481
2.00825
1.99182
1.97501
1.9784
1.98082
2.00101
1.99288
1.96745
1.98091
1.99107
2.00792
2.01299
2.00647
2.02457
1.99407
2.00205
1.99923
2.00542
2.00889
1.99188
2.01562
2.02041
2.00848
2.00625
2.03183
1.98983
1.99747
2.00559
2.03969
2.0226
2.00589
2.00826
2.0005
2.02037
1.99424
2.00653
2.02576
1.99947
2.00544
1.97908
2.00116
1.995
1.98821
1.99681
1.98991
2.03535
2.00189
1.99243
1.98894
1.99318
1.98459
1.97759
2.01125
1.99817
1.97085
1.97882
2.02189
1.99089
1.97966
2.03201
2.01474
2.00579
1.99855
1.99258
2.01604
2.01575
1.99948
2.01877
2.00587
1.9868
2.00347
2.03428
1.98135
2.01312
2.00417
1.98756
2.00691
1.99958
1.99005
1.99539
1.99169
2.02547
1.98481
1.99069
1.98497
2.02082
2.01306
2.01561
1.99879
1.98463
1.99394
2.00621
2.00501
2.00853
1.96889
1.98579
1.99727
1.99686
2.03924
1.9957
1.98972
1.98788
2.01055
1.97463
1.99066
2.02117
2.00556
2.00508
1.99225
1.97639
1.98448
1.98766
1.9981
1.99753
1.99226
1.99166
1.99414
1.98682
2.00938
2.02005
1.99312
2.00067
1.99045
2.00245
2.00633
1.99113
1.97803
1.99331
1.98846
2.00602
1.99474
2.00304
2.00716
1.9983
1.97499
1.97939
1.97014
2.0022
2.02158
2.00089
1.98651
1.97986
2.00981
2.00967
1.99855
1.99593
1.98217
2.00935
1.99407
2.00689
2.01004
1.98167
2.01283
2.00528
1.98644
2.00928
1.96984
1.99997
2.00432
2.00454
1.96412
2.00856
2.01234
1.9898
1.98051
1.9911
2.0091
2.00494
1.98193
1.98562
2.0174
2.01546
2.00524
2.00529
1.98391
1.99598
2.00193
1.99848
2.00026
1.99943
1.98143
1.99756
2.00962
2.00872
2.01333
1.99841
1.97948
2.01494
1.99018
2.0066
1.99976
1.99215
1.99451
1.97748
2.01084
1.98084
1.96162
1.99437
1.97668
2.00385
1.98547
2.00193
1.99886
1.98484
1.95799
2.01055
2.00034
1.99842
1.99928
1.99217
2.01268
1.99307
1.99867
2.00468
1.97792
1.99486
1.99429
2.00617
2.03654
2.00876
2.02583
1.97909
2.02099
1.96789
2.00909
2.02105
2.00256
2.00327
1.99009
1.99747
2.03784
1.9914
1.99275
1.9932
1.99191
2.00698
1.99829
1.99193
1.99988
2.00409
2.00121
2.02943
2.00669
1.98326
1.98366
1.99143
2.04073
2.01362
1.98044
1.99275
1.98387
2.01605
1.99974
2.00174
1.97794
1.99966
2.00849
2.02764
2.00771
1.9964
2.01241
2.00552
2.01156
1.99576
1.99726
1.99416
1.98949
1.98602
1.98622
2.01154
1.99684
2.00336
1.99514
1.98719
1.98449
1.99978
1.96979
2.00495
1.99439
1.98941
1.9817
1.99495
2.02927
2.00281
2.00206
2.02029
2.00649
2.00025
2.00112
2.01435
1.97684
1.97322
2.00423
1.98835
2.01866
1.99097
2.0092
1.98728
1.99235
2.01847
1.97253
2.01023
2.02491
1.98948
2.00139
1.98935
2.00771
2.02083
2.00006
2.00509
2.00059
2.03947
1.98599
1.96332
1.99195
1.99082
1.99095
2.00695
2.00234
2.02204
2.00711
2.01264
2.03275
2.02203
1.97517
2.0124
2.01032
2.00511
1.99504
1.9981
2.00467
1.99945
1.99503
1.96159
1.99496
1.99491
2.01894
2.01783
1.97587
2.00422
2.02435
1.98619
2.01296
2.00185
1.99194
2.02298
1.98037
1.99561
2.0131
1.99894
1.9924
1.98844
1.99386
2.00568
2.00939
1.99453
1.99812
2.01526
2.00163
1.99616
1.98125
2.01975
2.01094
2.00701
1.98762
2.01572
1.98666
2.00444
1.97208
2.0011
1.99273
1.99918
1.97985
1.98422
2.0017
1.99553
2.01014
2.00586
1.9997
2.01429
1.99324
2.00208
1.99219
1.99958
2.02198
1.98115
2.03008
1.98428
2.0062
1.99275
2.02145
1.98947
2.01874
1.99273
2.01507
2.00696
2.00169
1.99168
2.00734
1.98517
1.98676
2.01118
1.99363
2.0114
1.98684
2.00448
2.01144
1.98866
2.00603
2.00045
2.00251
2.00243
1.97838
1.98669
1.99691
2.00504
2.01274
2.01616
1.99465
1.98624
2.01077
2.01771
2.01574
2.00681
1.98053
2.01743
1.99579
1.99429
