1.98604
1.96574
1.99386
2.01985
2.02728
1.97664
2.06183
1.98688
2.01986
2.00891
2.0071
1.97158
1.99898
1.985
2.00761
2.00058
1.9876
1.98529
1.98707
2.01003
2.03315
1.99963
2.00446
1.97042
1.99544
2.02246
1.98908
1.99787
1.94624
2.0143
1.95109
2.0186
2.03498
1.98748
1.99754
2.01121
2.02678
2.00183
1.99606
1.99698
2.02818
2.03688
1.98557
2.04337
1.97674
2.02189
2.00502
2.0101
1.9844
2.03841
2.00132
2.02557
1.98491
1.94953
2.00641
2.00958
2.01189
2.05869
2.01823
2.03239
1.98848
1.9577
2.02536
2.01841
2.00971
1.96538
2.00025
1.98351
2.04967
2.03945
2.00784
2.05775
1.98611
2.03849
1.98919
2.02945
1.9818
1.9612
1.98302
2.00262
2.05691
2.00592
2.05268
1.99577
2.02113
2.02083
2.04225
1.98177
1.97754
2.00432
2.01672
1.95624
2.00178
1.99133
1.9965
1.96381
1.99075
1.98902
1.99803
1.982
1.99026
1.98689
1.98581
2.01545
2.03684
2.00781
1.97206
2.04065
1.99705
2.01529
2.00308
2.02835
1.96496
1.9793
2.03348
1.97805
2.04709
1.9685
2.00743
2.00348
2.00215
2.01021
2.02314
2.00977
1.97912
2.05639
2.03627
2.02304
2.04422
1.96198
1.99299
1.998
2.03548
2.00966
2.04609
2.00949
2.01307
1.99447
1.96555
2.01588
2.02909
2.00749
1.99863
1.9625
2.00851
2.04716
2.01572
1.99563
2.03472
2.00821
1.99751
1.95647
2.0164
1.92968
1.98701
1.99073
1.99677
1.99959
1.93314
1.96681
2.01475
1.9217
2.05789
1.99365
1.98515
1.98146
2.00519
1.99743
2.01226
2.04551
1.98375
1.98472
2.0079
2.03652
2.02732
2.01885
1.99518
2.02784
2.00904
1.97171
2.04732
2.00652
1.99729
1.984
1.91798
2.02278
2.03067
2.0233
1.96639
2.00928
2.00214
1.98989
1.96911
1.97548
1.97757
1.93029
2.01305
1.96399
2.01451
2.05595
1.99433
1.9909
1.9578
2.05764
2.03895
1.99845
2.00357
1.96176
2.00798
2.00907
2.00949
2.06435
1.98103
1.98794
1.95741
2.02965
2.0108
1.99308
2.02806
1.9914
1.98853
1.97397
2.01197
2.00616
1.97793
1.97618
2.01188
1.99503
1.9956
1.99222
2.00459
1.94961
2.02927
2.04526
2.05694
2.01408
1.96615
1.94865
1.99472
1.97619
1.95914
2.0518
1.92952
2.05651
2.04712
1.98444
2.00812
1.9875
2.00478
1.9977
2
2.00662
2.02265
1.99036
1.99231
2.00225
1.9837
1.98518
1.95958
2.02071
2.01235
1.94196
2.00494
2.01904
1.97143
1.98051
2.00586
1.99579
2.03877
2.03496
1.96162
2.01997
2.04132
2.02685
1.9822
1.96648
2.04443
1.98889
2.03002
1.98541
1.99612
1.93202
2.08569
1.98168
2.03205
1.98109
2.04044
2.01282
2.02331
1.98862
1.99713
1.97196
1.99356
2.04992
2.01758
1.98502
2.01886
2.03758
2.02049
2.01076
1.9981
2.0161
1.96216
2.03105
1.99278
2.02099
2.0042
2.00913
2.00668
1.97402
2.01761
2.01486
1.96675
1.97497
1.97205
1.9897
2.00082
1.95986
1.99378
2.01068
2.02199
2.00077
2.00595
1.99922
2.0052
1.97062
2.01541
1.96495
2.03021
2.07396
2.01304
1.99692
2.02103
2.01404
2.00857
2.00737
1.97911
2.02775
1.98144
2.04572
1.97972
1.97018
2.05668
2.06429
2.00657
1.95705
2.03236
2.00719
1.98678
2.03572
2.02961
1.98827
1.98149
2.01459
1.98922
1.97245
1.99368
1.99871
1.99714
2.00143
1.98302
2.00606
2.05449
1.9634
1.97099
1.94401
2.06263
1.97892
1.96706
2.00158
2.01195
2.02544
2.03255
1.99273
2.00705
1.94934
2.02758
2.02671
2.01455
2.0579
2.00103
1.99573
1.98583
1.99682
1.98587
2.04525
2.02308
2.04434
2.00776
2.04128
2.02189
1.95839
1.99632
2.00664
1.99179
2.02724
1.98934
1.97091
1.95607
1.99887
1.98663
1.97478
2.03984
1.99292
2.01458
1.98285
2.03124
2.00539
1.98877
2.02292
2.01619
2.03686
2.02323
1.96804
1.96935
1.97709
1.99399
1.95691
1.97717
2.00917
2.06944
1.96175
2.00679
1.94324
2.07743
1.95407
1.95453
2.03887
1.99573
2.01458
1.95879
1.98394
2.02011
1.98772
1.97805
2.02118
2.02135
2.04822
1.99645
2.00567
2.00241
2.05522
2.05629
1.98299
2.00915
2.00641
1.98367
1.9793
1.98786
1.97238
1.97171
1.99298
1.92767
1.98521
1.98983
2.00763
2.02851
2.03681
1.97865
2.01896
1.98822
1.99173
2.00281
1.96612
2.00838
2.03062
1.95178
1.97389
2.00713
2.03424
1.96317
2.01506
1.99906
2.03668
1.97788
1.99602
2.05508
1.96597
1.99044
1.99021
2.03303
1.98122
2.00064
2.0424
1.97366
2.01681
2.03457
2.0102
1.9804
2.04024
1.96738
1.99978
2.0223
1.98321
1.99546
2.05542
2.00748
2.03783
2.00332
2.01759
2.00143
2.00621
2.04287
2.01979
2.03597
2.00635
1.9983
2.02259
1.99669
1.95995
2.0312
2.01053
1.9546
1.93426
1.9401
2.02729
1.97918
1.97168
1.95748
2.01686
2.02058
2.01905
1.95846
1.96984
1.95104
1.95895
1.98754
1.9924
1.99328
2.05469
2.0133
1.99777
2.03262
2.00203
2.02943
2.00064
2.01272
1.99283
2.07619
2.01828
2.01245
1.97645
2.00819
2.02823
2.02062
1.98752
2.00333
2.00701
1.98931
1.96132
2.01039
1.9927
2.07592
1.9772
2.01271
1.9762
1.95126
1.99214
2.01425
2.04296
2.00073
2.00549
1.99959
1.9971
2.02358
2.01839
1.96584
1.9947
1.98319
2.01488
1.99882
2.04126
2.03701
2.03483
2.02402
2.03332
2.11527
1.94932
1.98127
1.98774
2.0107
1.99375
2.00726
1.99954
2.01376
2.01026
1.9994
1.98177
1.99382
1.98731
1.9589
1.99269
1.95384
2.03671
2.00688
1.97667
2.01441
1.97519
1.99113
2.02438
1.99239
2.00149
1.98107
2.0624
2.01244
2.0535
2.00095
2.00899
2.03258
2.00189
2.02722
2.00382
2.06191
1.99822
2.01924
1.99903
2.02389
2.01222
2.01519
1.99698
2.01385
2.02806
1.99205
2.00079
1.9988
1.99442
2.04538
2.01913
2.04822
1.96412
2.03158
2.00865
2.00685
2.04277
1.96856
2.00804
2.06786
1.99343
2.04512
2.01939
1.9988
2.0131
1.96969
1.98656
2.01594
2.0219
1.96359
1.9952
2.02182
1.96838
2.04691
1.92601
1.99145
2.03895
1.99622
2.03356
1.9991
2.03802
2.0026
2.00044
2.0775
1.977
2.04183
1.9966
1.98661
2.00187
2.02779
2.02649
1.94399
1.9995
1.99199
2.00392
2.01386
1.99848
1.97302
1.96034
1.9824
2.02863
2.00726
1.98527
1.95959
2.00424
2.04316
2.00144
1.9914
2.04148
2.01753
1.98809
2.00336
1.98244
1.95258
1.98428
1.98384
1.96807
2.00979
2.02947
2.00693
1.9929
1.99025
2.01483
1.98265
2.0118
1.94855
2.0165
2.00399
1.9724
1.95919
1.98376
2.02883
1.96504
2.01685
1.99243
2.01983
1.93039
2.00288
1.97958
2.02322
1.97593
2.05298
2.0053
2.01457
1.98958
2.06001
1.98383
2.04225
2.03001
2.04377
1.9924
1.98013
2.05422
1.995
1.97821
1.98272
2.01313
2.05125
2.04437
2.03508
2.00336
1.95742
1.99667
1.99285
1.98162
2.01316
2.02895
2.02927
2.02892
2.02563
2.02157
2.00024
1.98453
1.92822
1.99043
2.00703
1.97449
2.01268
1.99608
1.99199
1.98544
2.06198
1.97498
1.98445
1.94343
1.9923
1.98755
2.02758
2.02064
1.99603
1.96312
1.99446
1.98166
2.0296
1.97474
2.01443
2.03706
1.94913
2.02585
1.99224
2.01316
1.95759
2.00409
1.9872
2.01867
2.05635
2.05808
1.99479
2.01634
2.00296
2.01189
2.00475
2.00327
1.97575
2.04717
1.9035
2.00104
1.97949
2.05727
1.98485
1.99997
1.98139
1.96551
1.97835
1.95865
2.03374
1.98622
1.95887
1.95352
1.97759
2.00509
1.98249
2.03639
1.97639
1.98055
1.92558
2.02988
2.0438
1.9566
1.9768
2.0187
1.97726
1.98059
1.99472
1.97312
2.02654
2.05791
2.014
1.99422
2.0252
2.06096
2.03301
2.04422
2.01678
2.00024
1.99297
1.97168
1.9907
2.00059
1.98518
2.05136
1.9386
2.03168
2.01058
1.99006
2.00424
1.99607
2.01763
2.01719
1.97265
1.98556
1.97084
1.99405
1.99318
1.99735
2.03986
1.98297
1.97212
1.947
1.98958
1.98224
2.0251
1.97821
2.02231
2.05362
2.0052
2.01492
2.05697
1.98775
2.02687
2.00906
2.04866
2.01673
1.96948
1.97488
2.02896
1.96637
1.93749
2.02359
2.03139
2.02418
1.98096
1.98911
1.98572
1.95586
1.99625
1.95777
2.0391
1.98225
2.00611
1.97932
2.02784
2.01793
2.04747
2.06657
2.01454
1.98632
2.03096
2.00567
1.97138
2.03976
1.96925
2.0258
1.98236
2.00786
1.99006
1.97748
2.00085
2.06848
2.02433
1.98766
2.03281
2.04869
1.97955
1.98169
2.0564
1.96501
1.97452
1.97672
2.03635
2.02329
2.01993
1.98765
2.01807
2.01122
2.01641
2.02768
2.01041
1.9621
2.02061
2.01219
2.009
1.98512
1.98429
1.99895
2.00702
2.00297
2.02552
1.93808
1.98881
1.94002
2.01529
2.00184
2.0135
2.02054
1.94146
1.97439
1.9965
1.99291
2.05053
1.99488
2.00367
1.9704
1.96628
2.01593
1.97598
2.02577
1.97142
1.9599
1.99719
1.99062
2.02685
2.0342
2.00428
2.0354
2.02595
2.04217
2.017
1.97553
2.02691
1.97983
2.00014
1.98013
2.02958
1.97602
2.04144
1.97595
2.01943
1.98685
1.99985
2.0207
1.9891
1.97443
1.93949
1.98279
2.00113
1.99661
2.0172
2.05365
1.9982
1.96281
2.01641
1.97457
1.99708
2.00548
1.98041
1.97598
2.01628
2.0131
1.98094
1.95793
1.9776
1.97529
1.9703
1.98803
2.02137
1.97819
1.92539
2.0124
1.99989
1.96838
2.00814
2.00893
1.98019
2.04106
1.96299
1.99314
2.01134
2.01123
1.99219
1.96401
2.00369
2.01585
1.98101
1.95921
2.00502
2.02927
1.95372
2.016
1.99064
2.01882
1.9319
2.02154
2.02368
1.986
2.03903
2.0154
2.00089
1.9982
1.94993
2.04361
1.95094
1.99493
2.02305
2.01265
1.94862
2.03878
1.96583
2.00102
2.00296
1.95617
1.98415
1.97631
2.01966
1.98202
1.99208
2.02385
2.0481
1.98012
1.96829
1.97195
1.96562
1.97549
2.05352
1.9621
2.03283
1.98495
2.00563
2.00284
2.00958
2.05902
1.99945
1.98287
1.98009
2.0423
1.97321
1.96205
2.00808
1.96624
2.01424
2.02587
2.00792
1.97647
1.97169
2.01803
2.00604
2.03354
2.0609
1.98854
2.02266
2.00193
1.98222
1.9905
2.05741
1.96562
1.95916
2.01294
2.02591
1.96064
1.97736
1.98072
2.00312
1.9745
1.99198
1.99075
2.00149
2.01048
2.03595
2.01169
2.04437
2.00087
1.9877
2.02289
1.97823
1.96333
2.0168
1.99325
2.00596
2.02208
1.98819
2.0407
1.93931
1.98871
2.00112
2.00048
2.03398
1.96797
1.98298
1.96911
1.97775
1.95978
2.05803
2.00417
1.98697
2.03298
1.95505
2.00414
1.98408
1.98984
1.99513
2.01181
2.01875
1.97921
1.97793
1.97783
1.97394
2.03737
2.02222
2.0382
1.971
2.0174
2.02703
1.98615
2.03162
2.05436
1.96844
1.9729
2.01215
1.99286
1.99914
1.96438
1.98811
2.02316
1.95206
2.006
2.02241
2.01038
1.97859
2.03132
1.99245
2.00803
1.9732
2.00761
2.00355
1.98546
1.99448
2.02034
1.97862
1.98674
1.94326
2.004
2.01605
1.97592
1.91297
2.0069
2.00454
2.02649
2.01314
2.02743
2.02914
2.0294
2.00055
2.00049
1.938
2.00001
1.99319
1.93686
1.96991
2.02928
2.0503
1.96724
2.00975
2.02362
1.96545
1.94231
2.02098
2.01616
2.049
2.0497
2.01383
1.998
1.96507
1.99269
1.99611
1.97283
1.98855
1.98319
1.98067
1.99737
2.0073
2.06401
1.94364
2.02009
1.99763
2.0187
1.95412
1.9674
1.97149
1.9956
1.97803
2.00975
1.99994
2.01829
1.99634
1.97056
1.97319
1.96891
1.99921
1.96089
1.99581
2.02451
2.03222
1.98958
1.99363
2.03339
2.0092
1.99891
1.96944
1.98545
1.99029
2.07256
1.96331
2.03211
2.03321
1.98203
1.99941
2.00804
2.01839
2.03634
2.02835
2.02172
1.99395
2.00073
2.01203
1.9873
2.03966
2.01873
1.95297
2.0317
2.04449
1.95992
2.01033
1.96506
1.97208
2.00038
1.97256
1.99165
1.95894
2.0106
1.98022
2.04593
1.98562
1.99378
1.98649
2.03515
2.02264
2.0574
1.98793
2.07846
2.03699
2.0242
2.02048
2.00764
1.99787
1.98299
1.98923
2.0123
2.0141
1.98529
2.00889
2.00729
1.96733
1.96716
1.97713
2.04708
1.96161
2.03796
1.98644
2.01757
1.98203
2.00822
1.97318
1.95093
2.02846
1.95645
2.01481
2.0138
2.03541
2.0433
2.0143
1.95445
1.96506
2.01921
2.03929
2.02316
2.02693
1.94892
1.98749
1.99688
1.98751
2.00235
1.97554
1.97264
2.04235
2.03056
2.01986
1.97157
1.98672
2.02669
2.02348
1.95706
1.9456
2.01816
1.94667
2.03234
1.97116
1.96206
2.00036
1.98555
2.03746
1.94731
1.97387
1.96956
1.98539
2.00854
1.989
2.0665
1.98756
2.01026
1.97933
1.9452
2.00212
1.99787
2.06823
1.97208
2.028
2.019
2.00444
1.98215
2.11189
2.01467
2.00385
1.97027
2.02144
1.99133
2.05469
2.00717
2.00712
2.02649
2.00678
1.96863
2.03426
1.9626
2.04779
2.04682
2.03099
1.97571
2.01703
1.92505
2.00035
1.99834
2.02622
1.97049
1.96548
2.03166
1.97913
2.03143
2.03958
1.97756
2.00147
1.96245
2.03378
1.98316
1.98014
1.99206
2.00048
2.00935
2.01751
1.97557
1.99191
2.06272
1.95722
1.97845
2.01231
2.01187
1.95613
2.01208
2.03486
2.00469
1.96114
1.98181
1.95037
1.96273
2.01313
1.96973
2.00475
1.98513
1.99255
2.00484
2.01301
1.97315
2.02815
2.0162
1.96611
1.98364
2.03461
2.02621
2.05813
2.01774
2.05838
2.00894
2.00767
2.00429
1.96421
2.01977
2.04098
1.9882
2.01978
2.01063
1.95807
2.01793
1.98769
1.97115
2.02347
1.95023
2.04828
2.01915
2.01013
2.01755
2.0228
1.97015
2.04429
1.95284
1.99112
1.99783
1.96231
2.02648
2.05324
2.02443
1.97202
2.00551
1.98606
2.05222
2.0003
1.95542
2.00046
2.0234
2.01471
1.97151
1.99832
2.02771
1.99397
2.03997
2.01185
1.97231
1.94805
2.00802
2.01996
2.0225
1.9489
2.00876
2.00406
1.97562
1.98539
2.02608
2.00525
2.0052
1.98584
2.08299
2.06223
2.01741
1.99892
1.97044
1.97684
2.0037
2.08842
2.03213
1.99405
1.96678
2.01334
2.00144
2.02679
1.98936
2.02647
1.99811
1.99623
1.96451
1.9361
1.99564
1.98623
2.01084
2.01887
2.00808
1.99817
2.02577
1.99137
1.95971
1.99176
1.93813
1.96626
1.99689
2.03691
2.08518
2.0025
1.99346
2.02703
2.0367
2.0772
2.04223
1.95867
2.00012
1.98867
1.98553
1.96227
2.07317
1.9039
1.99814
1.99536
2.04848
2.04614
1.97632
1.99869
2.02928
1.97682
1.94622
2.01343
1.98394
2.00395
1.98285
1.96488
2.01294
1.98085
2.00979
2.00941
1.99645
1.98008
1.98128
2.00012
1.94406
2.03875
2.00602
1.9649
2.03054
2.00985
2.00417
2.01396
2.03108
1.97077
1.99128
1.97646
1.95163
1.98761
2.02438
1.98711
1.94952
1.97
2.01194
1.99416
1.96364
2.00092
1.95316
1.9803
1.99232
1.94961
1.97088
2.0155
1.99466
1.9936
1.94319
2.02125
1.99006
1.98655
2.0182
1.96571
2.01268
1.98366
2.06817
2.02098
2.03466
1.98594
1.95887
1.95751
2.02326
1.99788
1.98595
1.99047
2.01566
1.9932
2.06429
1.98112
2.00792
2.01928
1.97428
1.9755
1.9656
2.00419
2.04441
1.98407
1.99278
1.98727
2.02999
2.05052
1.99593
1.97236
1.96841
2.00085
1.98765
1.97042
1.98388
2.00459
1.9869
2.03895
1.97388
2.03829
2.01122
2.00427
1.93961
2.04668
1.98225
1.99947
2.00574
1.9469
1.95771
2.02553
2.00799
1.95977
1.99658
2.01918
2.04508
2.01278
1.99188
1.9734
2.01667
2.03772
2.04949
2.01846
1.97731
2.02657
2.06861
2.00686
2.00887
1.98683
2.01851
1.97927
1.94242
1.97475
1.9767
2.00507
1.99134
1.97487
1.9479
2.05788
2.07151
2.02441
1.93847
1.98847
2.00607
1.95927
1.99206
1.96927
2.0024
1.9914
2.01396
1.98232
1.97745
1.97294
2.02514
1.97441
2.04044
1.96957
2.03797
1.96947
2.03313
2.00863
2.00486
2.05042
2.02225
1.9954
1.99752
2.02401
1.98127
1.98426
2.0016
1.96401
1.99367
1.99703
1.98491
2.01816
1.96156
1.98499
2.01538
2.02823
2.05432
1.95054
1.97006
2.012
1.99465
1.99921
1.9722
1.99274
1.99156
2.07465
1.94373
1.90959
1.93151
1.99765
1.96949
1.99409
2.01628
2.00067
1.9571
2.04326
1.997
1.97752
2.09146
1.97852
2.01851
1.99157
1.98341
2.00674
1.97441
2.0301
2.03877
1.99858
2.02928
2.01135
1.97366
1.9633
2.03402
2.03085
1.99114
2.01208
1.99109
2.05276
2.0308
1.9517
1.97322
2.01971
1.98366
2.04218
1.97045
2.00664
1.93656
1.94881
1.9557
2.0169
1.98247
2.03356
1.99219
1.99879
2.00096
2.02556
2.01497
1.97212
1.97516
1.98909
1.96806
2.04478
2.06165
2.02486
1.97988
2.00882
2.03335
1.95736
2.00732
2.00831
1.99245
2.03074
1.91793
2.01001
1.99054
2.03274
1.95887
2.00536
1.95554
1.97759
2.02966
2.02947
2.04337
1.9734
2.00695
1.96934
2.03902
2.04643
1.99314
1.9789
1.965
2.03892
2.02582
1.99879
1.98634
1.96692
1.97659
1.97771
2.03867
2.02964
2.02578
1.99724
1.9616
2.01316
1.99624
1.96143
2.00654
2.03513
2.02332
2.03248
1.99902
1.95899
1.98223
1.96444
1.98917
2.00043
2.00046
2.01779
2.02626
1.95949
2.02512
1.98231
1.93898
1.98363
1.96057
2.06443
1.9725
1.98195
1.97844
2.03572
2.00525
1.93098
1.99157
2.03295
2.01599
1.97435
2.04717
2.06941
2.02164
2.01817
1.98742
1.97775
1.99071
2.01179
2.02268
2.0034
1.95573
1.94554
1.98483
1.98913
1.98814
2.02973
2.01202
2.01717
1.97275
2.01283
2.0091
1.99205
2.00284
2.06003
2.0107
2.05196
2.00592
2.02638
1.98228
2.00108
1.98254
2.01603
1.99111
1.9722
1.98919
2.04206
2.04428
2.02386
2.02336
1.96879
1.99936
2.02006
1.99697
2.00625
2.00915
2.03497
1.97869
1.97021
2.00945
2.01333
2.05901
2.0199
2.02098
2.01712
2.03519
2.0119
1.99781
2.0407
1.99582
2.01403
2.01412
2.048
1.96444
2.01142
2.01677
2.01682
2.02794
1.99495
2.01108
1.99792
2.0421
1.98595
2.00211
2.05067
2.00603
1.98275
2.01808
2.04152
1.93749
1.97321
1.96976
2.00692
2.01068
2.0334
1.97615
1.97585
1.97709
2.01865
2.03152
1.98317
1.96609
2.01076
2.06772
1.96152
1.94796
2.00619
2.02476
1.99663
2.00646
2.00808
2.01251
1.99861
2.03437
2.02479
1.98538
1.99108
1.9752
1.99313
2.0283
1.9812
1.98409
2.02199
2.04692
1.98167
1.96552
1.99998
2.01176
2.01423
1.97677
2.02791
2.022
1.97784
2.0113
2.03002
1.92585
2.04265
2.03721
2.02601
2.01786
2.0061
1.9672
1.97883
1.99356
1.96301
1.96934
1.9671
1.9759
1.9721
1.96148
1.93118
1.98422
2.00431
1.98203
2.07022
1.98619
1.98321
1.95202
1.98876
1.94303
1.98026
1.9607
2.01039
1.96853
2.04736
1.97714
1.98743
2.00223
2.01796
1.99376
1.98553
2.02432
2.05249
1.94897
2.06234
1.95745
1.9588
1.97453
2.04596
1.98536
1.97438
1.97285
2.0122
1.98056
2.00069
2.05222
1.9687
2.00879
1.99114
2.0034
1.98824
2.00202
2.00675
1.9642
2.01072
2.02964
1.98664
2.00358
2.00917
2.00463
2.00396
2.04436
1.96892
1.96084
2.01786
2.01772
2.09131
2.00495
2.048
1.99764
1.98149
1.97427
2.01518
2.01156
1.99709
2.00212
2.02008
2.01274
2.02736
1.99342
2.00559
2.02069
1.99891
1.97065
2.00336
2.03853
1.99383
1.97477
1.95977
1.98532
2.00052
2.03699
1.972
2.01404
1.98824
1.99842
2.02033
1.98054
2.02335
1.99138
2.00601
1.99227
1.97259
2.02432
2.03191
2.03186
2.02631
2.00196
2.05316
1.97987
2.05321
1.97143
1.99792
1.99322
1.96914
1.98329
2.05299
1.96691
1.97441
1.98837
2.00653
1.99351
1.99792
1.9964
2.01534
2.01884
2.01278
1.95997
1.96844
1.96435
2.03548
1.97967
2.03064
1.98694
2.03224
1.98058
2.02079
1.99904
2.0492
2.00894
1.97303
1.95821
2.06212
1.98497
1.95713
2.0252
1.98776
1.98438
1.99721
2.02089
1.88692
2.05796
2.01734
1.98234
2.0029
1.95714
1.96723
1.97893
1.98782
1.99334
1.98219
2.0151
2.00762
2.00311
1.9979
1.97578
2.04024
1.98548
2.00104
2.04266
2.0332
2.00677
1.97788
1.99907
1.96382
2.03743
2.00339
1.95296
1.94149
2.00739
1.99846
1.98212
2.0367
2.06212
1.96609
1.98827
1.96264
2.04544
2.03918
2.03352
2.01383
1.94899
2.02143
1.97577
2.08067
1.95138
1.95371
1.99779
2.02178
1.9703
1.99663
1.99978
1.99201
1.97149
1.96874
2.00372
1.98729
2.05111
2.00601
2.01744
2.02068
1.97103
1.96203
2.00712
2.01911
2.04176
2.01213
2.01829
2.02291
2.01534
1.96543
1.97536
1.96391
2.00569
1.99775
1.97091
2.00684
2.00434
2.03459
1.9934
1.97965
1.91812
2.01147
1.99853
1.95009
2.00403
2.0222
2.00956
2.01047
1.95179
2.05343
2.01281
2.02088
1.99938
2.06743
1.98528
1.99659
1.98869
2.0392
2.00623
2.01554
1.97243
1.98849
2.04059
2.03827
2.03138
1.96647
1.99185
1.96072
1.9869
1.99527
2.05952
1.99612
1.99552
1.98753
1.96744
1.9876
2.04149
1.98448
1.9217
1.93239
1.97534
2.0235
1.9913
1.98607
2.01994
1.99897
1.99123
1.99278
2.0199
2.0059
1.9704
2.00404
2.03104
1.97661
2.00384
2.01247
1.96234
1.99531
2.00741
1.95314
2.01382
1.97819
2.00568
2.02757
2.02212
1.92312
1.99069
2.03771
1.97261
2.05168
2.04003
2.01723
1.95032
1.97567
2.03375
2.04774
2.0512
1.98744
1.96641
2.01396
2.01329
2.01119
1.99972
1.94254
2.00693
2.03805
1.98425
1.9681
1.95379
2.04406
2.02673
2.00795
2.03392
2.01695
2.01023
1.99924
2.02531
2.00275
2.04528
1.96589
1.97741
2.01719
2.01656
1.98777
1.98039
1.9885
1.93168
1.96563
1.9853
2.00083
2.07256
1.97065
2.0092
2.0185
1.95155
2.02535
2.06999
2.03222
2.03954
1.99111
2.02356
2.06669
1.96557
2.02027
1.99641
1.9939
2.03208
2.01589
2.04349
1.96263
1.97307
2.03479
1.97329
2.01661
1.99031
2.03787
2.00505
1.95196
2.02129
2.05854
2.06149
2.02555
2.04991
1.9508
1.97784
2.00559
2.04141
1.95101
2.02893
2.02084
1.99529
1.99526
2.02348
1.98221
2.04549
1.95559
1.96925
1.97477
2.05072
2.02889
2.00232
2.03818
1.98598
2.02639
2.02828
2.01496
2.04655
1.99215
1.98542
1.93926
1.99489
2.03713
1.98014
1.9939
1.97919
1.96218
2.01216
1.97514
1.93208
1.95273
1.98649
2.01166
1.98761
2.00652
2.02934
2.00151
1.9776
1.99425
2.0055
1.99072
2.03642
1.99613
2.03261
2.0224
2.00031
2.01113
1.9504
2.05037
1.91106
1.99888
1.97148
1.98283
2.02587
2.03105
2.00669
1.969
1.97382
2.01417
1.97478
1.96685
1.96313
2.06426
1.9926
2.00461
2.00389
2.01589
1.98273
2.04381
1.98301
2.00799
2.06829
1.97111
1.9685
2.05437
1.97494
1.98749
2.00889
2.02137
1.99534
1.99906
2.00508
2.03084
1.9769
2.02927
2.00863
1.95521
1.97773
2.01542
1.99696
1.94386
2.00061
2.01884
1.97923
1.96229
2.01568
1.98218
2.00961
1.98436
2.05583
1.97271
1.97573
2.03882
1.97561
2.00249
1.96951
2.01704
1.99586
2.01778
2.00443
1.9626
1.98834
2.01234
1.97228
1.97923
1.99333
2.04948
2.03356
2.01502
1.98717
2.00027
1.97326
1.97588
2.03779
2.032
2.01532
2.01766
2.01513
2.00674
1.97154
2.08821
2.00672
1.97026
1.97484
1.98931
2.04709
1.96175
1.99293
2.02758
1.99671
2.03036
2.06062
2.0033
2.06433
1.98507
1.96208
2.01252
1.95943
1.98388
1.98189
1.94792
2.02187
2.01873
2.00911
2.03191
1.9853
1.98285
2.03678
1.98929
1.99917
1.94507
2.01172
2.01235
2.00914
1.99608
2.01034
2.03138
1.98437
2.01304
1.95284
1.9154
2.02212
2.02016
2.01756
2.02427
1.99308
2.04716
2.02284
1.99385
1.94876
1.95654
1.96497
2.07392
1.98563
1.99289
2.01115
1.98424
1.94207
1.98151
2.04605
1.93949
2.0609
1.96352
2.00092
2.03548
2.00496
2.01266
1.99938
1.98647
2.0018
1.93949
2.04005
1.95693
2.0224
2.01666
1.93834
2.03213
2.01084
2.00948
1.98046
2.03775
1.99113
1.98094
2.00559
2.03066
1.98257
1.99373
1.99978
2.04657
1.97537
2.02912
2.00478
2.00517
2.00762
1.98514
2.03273
2.00799
1.92937
1.95667
1.98728
2.0161
2.00738
2.00389
2.03719
2.017
2.02983
2.03808
1.98775
1.96151
1.99115
2.03725
1.96082
1.98374
1.9801
2.03326
2.02322
1.97661
2.00439
1.99207
2.05609
2.02492
2.02987
2.0377
2.04897
2.05032
2.04573
1.97288
2.04124
1.9849
1.96696
2.00928
1.96888
2.00146
2.01722
2.03061
1.95829
1.9697
2.0269
1.9491
2.02571
1.97355
1.95964
2.02329
1.99814
1.98506
1.99246
2.02433
2.00897
1.92326
1.96613
1.92111
2.02717
1.99291
2.02316
1.98844
2.00004
2.03093
1.96926
1.95456
2.00912
2.02201
1.98337
2.01185
2.03953
1.9877
2.03378
2.01335
1.96774
2.02669
2.04235
1.98329
1.98681
2.00105
2.01424
2.00029
1.98676
1.99178
1.94409
1.99557
1.99516
2.00554
2.02299
1.92817
1.98528
2.01152
1.99168
1.97875
1.99485
1.97219
1.94151
2.02929
2.01144
1.98886
2.00647
2.02782
2.03082
2.01461
1.98848
2.01232
1.99627
2.02785
2.02234
1.99328
1.93488
1.9862
2.00993
1.97466
1.99673
1.99842
1.97615
1.96652
1.98718
2.00226
1.98633
2.0268
1.97162
1.97571
1.97332
1.97546
1.94642
2.00752
1.99114
1.94227
1.99182
1.97115
2.00004
2.04582
2.06224
1.94758
1.94883
2.03269
2.00329
1.98416
2.03591
2.0169
1.99254
1.98893
2.02297
2.02196
1.96831
2.00558
2.0174
2.01542
2.00444
2.01119
2.04704
2.02211
1.99012
2.00632
1.98932
1.99997
1.96821
2.00288
1.96181
2.01146
2.04404
2.00929
1.98981
2.04345
2.05565
2.00718
2.0099
1.94715
1.94474
1.99599
2.03622
1.98577
2.05507
2.02292
1.99729
1.99027
1.95983
2.0058
1.94445
1.99855
2.0211
1.96824
2.03849
2.03384
1.98616
2.01512
2.03212
1.94657
1.9775
2.03112
1.94672
2.00713
1.97403
2.01438
2.01906
2.05154
2.01987
2.00569
1.99687
1.99485
1.97375
1.99376
2.02091
2.03848
2.02625
1.99373
2.01661
2.00388
2.00471
1.92886
2.01115
1.98406
1.96537
2.04046
1.97748
2.01197
2.03897
2.00562
2.02045
1.99265
2.00892
1.98371
2.05768
1.9838
2.02544
2.0006
1.97359
1.92237
2.07351
2.01195
2.00539
1.99673
1.98572
2.02458
2.03064
1.98923
2.00864
1.96716
2.07117
2.00103
1.99822
2.03819
1.96725
1.98422
1.99693
1.97585
1.98216
2.04928
2.05042
2.02808
2.08686
1.9791
1.99534
2.02742
2.00799
1.98917
2.0398
1.9756
2.01575
1.98516
1.95004
1.93392
1.9667
2.01064
2.07583
2.02383
1.98547
1.97653
2.01923
2.00861
1.99539
2.02731
1.98239
1.9806
2.01007
2.03576
2.01185
1.99714
1.96686
2.0264
2.00356
1.99247
2.02786
1.99487
1.99218
2.01172
2.03281
1.97978
1.96778
1.96524
1.99073
2.01132
1.96847
1.99612
1.97439
1.97818
1.98748
1.98483
1.95551
1.98292
1.98561
2.02497
1.99132
2.0466
2.04145
2.0069
1.98321
2.01183
2.02581
1.94836
2.01562
1.97677
2.00352
1.99047
2.032
1.9747
1.98429
1.97095
2.0407
2.01624
1.99545
2.03723
2.05598
1.99721
1.99147
2.01332
1.9881
1.9847
1.98707
2.02332
1.9684
2.04337
2.03371
1.98901
2.08236
2.00475
1.95167
1.99103
2.05874
2.02304
2.00383
2.00692
1.9942
1.97564
1.96366
2.05484
2.00442
1.99825
2.04066
2.01403
2.02798
2.00085
2.01258
2.0187
1.96486
1.99191
2.00955
1.94848
2.02591
2.04469
1.98965
2.00708
2.00158
1.99095
1.97884
1.97789
1.9543
2.02027
1.99734
2.04483
2.01707
2.03524
1.96504
2.02249
2.04693
1.96137
1.94579
1.98614
2.00147
1.99469
1.97878
2.04063
1.99271
2.03302
2.02578
2.01241
1.9575
1.98192
2.01355
1.98771
2.05505
2.00328
1.94856
2.02569
2.02524
1.98353
2.00194
1.99513
1.95296
2.01154
2.01365
1.95888
1.97805
2.04073
2.00955
2.04042
2.01018
1.99399
1.94427
2.04294
2.00024
1.99069
2.03109
2.06155
2.00098
2.001
2.01214
2.00399
1.96505
2.04904
1.99475
2.00605
1.96868
2.00708
1.9808
2.00657
1.97612
1.9967
2.00549
2.03606
2.03636
1.97562
2.02717
2.02416
1.99
1.9769
2.00881
2.0027
2.01015
2.0263
2.02986
2.01931
1.97154
2.035
2.01008
1.92353
1.99013
2.00938
1.95705
1.99562
2.00482
2.01393
2.00476
2.05988
1.98926
2.06188
1.95267
2.00338
1.99678
2.05092
1.98369
2.00071
2.00168
1.95515
2.01467
1.94924
2.02765
2.01806
2.0198
1.96747
2.00122
1.97714
1.98094
1.98389
1.95793
1.93005
1.99973
2.00055
2.00845
1.94694
2.04085
2.00178
1.98975
2.00742
1.96874
2.02628
1.99234
1.99412
2.03115
2.00083
2.06148
2.00105
2.03196
1.95848
2.01216
2.00467
1.98156
2.0307
1.99077
1.96042
2.04483
1.98234
1.97199
1.98585
1.99439
2.00983
1.94944
2.0403
2.03039
1.96228
1.95574
2.01801
2.00594
1.99372
2.0022
1.96163
2.00388
1.98416
2.05697
1.95707
2.01751
1.99333
1.99249
1.96087
2.01631
1.99024
2.00281
1.99828
1.9905
2.00945
2.00257
2.00611
2.04564
2.00852
1.9874
2.00376
2.0356
1.98007
2.01229
1.98203
2.04297
2.03014
2.01759
1.99904
2.01774
2.03059
1.98319
1.97694
1.98299
2.04181
2.01033
1.9908
2.00235
2.03548
1.99986
2.05517
2.02036
2.00101
1.9651
1.98554
1.98602
1.96239
2.02337
2.00644
1.99051
2.09378
2.00719
2.0012
1.94415
2.04205
2.03387
1.99835
1.99663
2.00958
1.99955
1.95376
2.04734
2.00705
2.01707
2.01293
1.99408
1.95606
1.98247
2.05268
2.01082
2.04236
2.0067
2.093
1.99097
2.04712
1.99056
2.04021
1.9754
2.03603
1.96142
2.01312
2.00275
2.02052
2.0159
1.98892
1.97587
2.04856
1.99415
2.05521
2.01307
1.99852
1.99911
2.0139
1.96284
2.0366
2.00603
2.01617
1.99761
1.97941
2.01294
1.94952
1.98998
2.02865
1.97725
2.0376
1.98631
2.00067
1.99139
2.04448
1.98948
1.98024
2.06314
2.02556
1.99787
2.01364
1.9805
2.00357
1.96385
2.04646
1.98423
2.03664
2.00084
1.96631
1.97781
1.9956
1.99233
1.96294
2.00547
2.00328
2.00507
2.06683
1.99841
2.02892
1.94486
2.0234
2.02757
1.99035
1.99856
1.97182
2.00678
2.0489
1.97446
1.99681
1.98839
2.03314
1.95271
2.0126
1.96099
1.95054
2.00963
1.99701
1.98126
1.94044
1.98936
1.99818
1.97643
1.98801
2.08488
1.99915
1.98426
1.99272
1.99931
1.98395
2.021
2.02639
1.93979
2.02918
1.99621
2.03553
2.04241
1.98386
2.03235
1.98328
1.95944
2.01692
1.98717
2.01753
2.01691
1.99078
1.93738
1.9856
2.02761
2.04903
1.97143
1.98793
2.02136
2.02578
1.9896
1.97997
1.98144
2.00782
2.05948
1.94407
1.98733
1.99223
2.04441
1.98297
1.98405
2.00779
1.98638
2.03117
1.98737
2.05894
1.94069
1.9713
2.02047
1.99832
1.9774
2.00557
1.98218
1.99438
1.9769
1.98504
1.96625
2.01073
2.04595
1.95475
1.98014
2.03636
1.99958
1.99519
2.00372
1.95577
2.02008
1.9649
2.00482
2.03745
2.00504
1.96953
1.95193
2.00278
1.95335
1.99116
2.00283
1.97759
2.03032
2.01967
1.96823
1.99356
2.01302
1.96134
1.95946
2.05802
1.95994
1.99942
1.98567
2.00721
2.01561
2.00826
1.97638
2.01927
2.00764
2.02328
1.99492
2.03573
1.97751
1.9514
2.01659
1.97229
1.9791
1.98599
1.93508
1.96913
2.03106
2.00083
1.95075
1.9958
2.00573
2.00555
1.94979
2.05791
1.98419
2.03081
2.02454
1.93817
2.04704
1.95584
1.99524
1.97383
1.96715
2.0105
1.97615
1.99095
2.01309
1.98629
2.02895
1.97936
1.95881
2.01725
2.0211
1.98994
1.99935
2.0121
1.97564
1.97695
2.03427
1.98671
2.01489
2.02684
2.00016
2.02555
1.97272
1.98032
2.03177
1.9817
2.02091
1.92208
1.97689
2.01793
1.94236
1.99677
1.95729
2.01863
1.95227
1.95255
2.02541
2.00025
2.00514
2.0235
1.92844
2.00178
1.96216
1.98412
1.92893
2.00083
1.99963
2.03022
2.00247
2.02783
2.00372
2.00122
1.96688
2.0065
1.93798
2.00015
1.99667
2.00971
1.96929
2.09736
1.98098
1.99729
1.97791
2.01696
2.0203
1.94086
1.97292
1.98902
2.02264
2.05272
1.98506
2.0099
1.99349
2.03566
2.01058
2.0106
1.99806
1.99037
1.99748
1.96242
1.98212
1.99043
2.03867
2.00909
2.01163
1.97831
2.00355
1.98117
2.02039
2.02889
1.99
2.0022
1.94664
2.01512
1.99765
1.97767
2.0344
2.0031
1.96906
1.99369
1.99531
2.05205
2.06195
1.98408
2.03578
2.05228
2.00939
2.00043
2.00369
1.92137
2.06038
1.98939
1.91818
1.99481
2.00786
2.01735
2.01573
2.00927
1.99103
1.98533
2.00082
2.00218
1.96828
2.02762
1.99166
1.99968
1.95008
1.97396
1.96086
2.04857
1.94299
2.00762
1.96153
1.96232
2.04856
1.99893
2.03831
1.99623
1.96257
2.02923
1.99022
1.9594
2.00778
2.03338
1.96879
1.98894
1.96643
2.00637
1.98855
2.00906
1.97639
1.96186
1.99718
1.98277
1.96842
2.02982
1.9577
1.99668
1.99573
2.08647
2.00729
2.00107
2.01158
1.98741
1.97095
1.97073
2.00292
2.04112
1.97502
1.95417
2.00454
1.9722
2.02133
1.97213
2.01796
2.00804
2.02663
1.99895
1.95967
1.99595
2.05183
1.99081
2.00667
1.93745
1.99852
1.97965
1.99416
1.99705
2.02782
2.0301
2.05316
2.00372
1.96501
2.04672
1.96671
1.99521
2.08747
2.02272
1.98363
2.01073
1.99005
2.044
2.03714
2.0022
1.95326
1.99765
2.02038
1.99361
1.96812
1.96515
1.97422
1.95799
1.98146
1.99173
1.99489
2.05
1.99142
1.93808
2.02504
1.99161
2.00579
1.98669
2.06023
2.04363
1.98282
2.00594
2.04374
2.0075
1.97251
1.95881
1.97282
2.04485
1.9952
1.96977
1.94669
2.00625
2.02147
2.01544
1.94707
2.04695
1.96989
1.97047
2.0396
1.99065
1.98123
2.01071
2.00626
2.00153
2.01801
2.02855
1.99775
1.98971
2.07058
1.98234
2.09249
2.05198
1.95024
1.97162
2.00575
1.99367
1.99534
1.99831
2.08124
2.03383
2.01501
2.01662
2.03428
2.04109
1.99059
1.98234
2.00794
1.97094
1.96719
2.00487
2.01151
2.01686
1.9617
1.97665
1.96201
1.96286
1.9387
2.01316
2.06113
1.98033
1.95474
2.02268
2.00092
2.0442
1.96173
1.94875
1.97659
1.99904
2.04507
2.03456
2.04045
1.99605
2.02854
2.00113
2.01454
2.00657
2.04853
1.96383
2.01606
1.95034
2.03502
1.97874
1.97843
1.96196
1.96503
1.95457
2.02889
1.98514
2.04044
2.00521
1.99831
2.01197
1.97635
2.01697
2.05724
1.99669
2.00327
2.0368
2.00694
1.95978
1.93079
1.96288
2.04319
1.99346
2.03358
1.98012
1.99552
1.97257
2.01589
2.0362
2.03432
1.92138
2.03337
2.04181
1.95861
1.99507
1.96631
2.02796
1.9623
1.99843
1.97651
2.05161
1.96207
2.02182
1.9964
2.01681
2.00287
2.03399
2.06919
2.0584
2.03106
2.00671
1.94803
1.97281
1.99136
1.97747
1.98415
2.03166
2.02841
2.02951
1.99702
1.99737
1.95732
1.96719
1.9662
2.00957
2.03464
2.00627
1.9874
1.96297
1.98297
2.01208
1.99982
2.00295
2.03186
1.99898
2.04522
1.97902
2.03367
1.9823
2.00275
1.95773
1.96724
2.0203
1.99362
2.03535
1.98619
2.08598
1.96717
2.02528
2.0154
1.95257
2.00194
2.01682
2.00035
1.96168
1.99119
1.98002
2.04273
2.01481
1.93024
1.92834
2.01868
2.01195
1.99914
2.01391
1.91363
1.9933
1.94981
1.98264
2.01304
2.0278
2.00246
2.00543
2.03056
1.9994
1.97928
1.9955
1.9675
1.96008
1.98311
2.00074
2.00911
1.96068
1.99777
1.97831
2.03216
1.98388
1.95371
1.9729
1.98117
1.99682
1.9578
2.00898
1.9754
2.04077
1.93855
1.99016
2.00794
2.00126
2.03573
2.0294
1.96547
2.02602
2.01565
2.02139
1.95069
1.97727
2.03875
2.0247
1.99395
1.99582
2.02776
2.04349
2.00005
1.9902
1.98247
2.04316
1.95318
2.03566
1.97604
2.01588
1.94706
2.02785
2.01944
2.05338
1.95627
2.00429
2.02815
1.96499
1.98287
1.99979
2.01034
2.02283
1.92601
1.99983
2.08651
1.97726
2.01688
1.99581
2.02593
2.0077
2.01843
1.96624
1.99925
2.03536
2.05393
1.9816
1.94893
1.94623
1.96013
2.00353
1.97802
1.99009
2.02964
1.96769
1.99178
2.02808
1.94442
1.99849
1.95592
2.09126
2.0283
1.99973
1.99833
2.00239
2.03933
1.96499
1.98204
2.01373
2.00653
2.04862
1.98384
1.94952
2.01585
2.04884
2.04379
1.97027
2.03576
1.98471
2.00318
2.00324
1.96448
1.99745
1.96657
1.9912
2.04345
2.00116
1.9793
2.05265
2.06579
1.9985
1.99416
1.98159
1.9789
2.03056
2.05405
1.9785
1.96074
2.01205
1.94562
1.94321
1.99191
2.01154
2.01233
2.0105
1.96703
1.98015
2.03295
2.02493
2.02087
2.02219
1.94924
1.99582
1.9754
1.95321
2.0325
2.029
1.94564
2.02041
2.00377
1.99775
2.03301
2.00383
2.02994
1.98947
1.95348
2.02671
1.98491
2.03155
2.01103
2.02684
2.02347
1.94698
2.03072
1.97045
1.99963
2.00339
1.96492
2.03501
2.01338
2.0034
1.99827
2.02009
1.94051
1.96524
2.01449
2.03386
1.99172
2.02457
1.98754
2.06674
2.00496
2.0338
1.97935
2.00406
1.99065
2.00196
1.99384
1.98201
2.01777
1.97442
1.99113
1.95384
2.00532
1.99335
2.02406
2.04353
2.02192
2.0688
2.01054
2.02318
1.99435
2.05391
2.00578
2.01965
2.03181
2.00984
2.00705
2.00603
1.96093
2.00051
1.95352
2.03483
2.00581
2.01078
2.02109
2.04353
2.04658
2.00362
2.01631
1.94175
2.01008
2.00459
1.98362
1.94462
1.96722
1.99206
2.00361
1.97622
2.02879
2.02044
2.01568
1.97558
2.01619
1.95363
1.98642
1.97848
1.97338
1.98359
2.00196
1.99941
2.04385
2.0533
2.00937
1.97357
2.02069
2.05976
2.00239
2.00966
2.00866
2.00604
1.98939
1.93343
2.00534
1.92933
2.00114
2.01219
1.97953
2.00268
2.02494
1.99773
2.01291
1.99553
2.01005
2.01728
1.9796
2.01063
1.93854
1.97247
1.98048
2.04243
1.9629
1.95161
1.96685
1.98781
1.97111
1.99602
1.96795
1.99149
2.01695
1.96003
1.95993
1.97679
1.97416
2.01106
2.03989
2.03532
1.95583
1.9907
2.09069
1.98664
1.99974
1.94473
1.95778
1.99881
1.99349
1.97251
1.96207
1.97347
1.97691
1.98071
1.9766
2.01885
2.03154
1.99302
2.03605
1.98739
1.95271
2.00902
2.00636
2.03846
1.98687
2.0008
1.99459
1.99428
2.003
1.98869
2.02285
2.00038
1.94634
2.05472
1.99654
2.0936
1.98671
1.99756
1.97982
2.02193
1.97448
2.04054
1.9954
2.01653
2.01208
1.99001
2.09226
2.00204
2.02474
2.00937
1.97444
2.01191
1.97756
1.99557
2.03243
2.00509
2.02821
2.02813
2.01504
2.04277
1.94366
1.98628
1.99034
2.02535
1.97267
2.03854
1.97479
1.94903
1.98197
2.01611
2.05072
2.04261
1.99917
1.99171
2.03266
1.98951
1.99629
2.00897
1.98091
2.01678
2.00036
2.00158
1.98992
2.02369
2.00578
1.95975
2.06209
1.94143
2.0474
1.97085
2.08717
1.98959
1.99879
1.97504
2.02187
1.99668
1.98044
2.03367
2.06991
1.95557
1.97312
1.9926
2.07516
2.06501
1.96505
1.97819
1.96361
1.98494
2.06133
2.01938
2.03135
1.99473
1.97436
2.06274
1.9691
2.06922
1.99774
2.00278
2.02999
2.03804
2.02331
1.97323
1.99574
2.05572
2.05641
2.02113
2.02917
1.99321
2.00765
2.01011
2.03665
2.00736
1.9874
1.94778
2.03248
1.95786
1.99344
2.02316
1.97623
2.01953
1.98966
2.03512
1.96574
2.00065
1.97938
1.97132
2.02479
1.99479
1.95841
2.0018
2.00533
2.01725
2.03796
1.9895
1.97477
1.98541
1.94184
1.99733
1.91996
2.05496
2.019
2.0001
2.0753
2.02496
1.97779
2.00134
2.00836
1.9865
1.9704
1.99868
2.0751
2.00027
1.98847
2.03858
1.98972
2.00066
2.05694
1.99391
2.00075
1.97488
2.01813
1.98353
2.04958
1.97447
2.02997
1.99083
1.97714
1.96884
2.00766
1.99887
1.98676
2.01216
1.95524
1.97191
1.96484
2.01554
2.01061
2.02918
2.03958
2.03701
2.02917
1.96974
1.93597
2.02531
2.01526
2.00077
1.98572
2.00178
2.0413
1.95982
1.94778
2.00426
2.00513
2.02626
1.98867
2.05851
1.9875
1.99426
2.02409
1.98078
1.9805
1.95468
2.00312
1.97879
1.98294
1.98908
1.97354
2.03954
1.9995
1.96726
1.98429
1.94277
1.97807
2.01767
1.98703
2.00077
2.07228
1.95527
2.01507
1.99644
1.92737
2.04399
2.01303
1.98657
1.96587
1.95389
2.01991
1.98127
2.01563
2.03962
1.99994
2.00089
2.0124
1.94479
1.96504
1.99037
2.05399
2.00721
2.01324
2.05548
1.95733
2.02435
1.99809
2.02245
1.99419
2.04814
2.0052
2.05145
2.03646
2.04262
2.02868
1.98059
1.99275
2.0239
1.92081
2.04516
2.03576
1.96898
2.00456
2.00103
1.99722
2.02238
1.99146
2.02682
2.0386
1.91494
1.99865
2.00399
1.98165
2.0449
2.05178
2.00905
2.05013
2.01511
2.01025
2.0329
2.02228
1.98903
1.97435
1.99139
1.94274
1.97484
2.00487
2.05282
2.02227
2.01925
1.99891
1.9963
2.00612
2.0355
2.04006
2.06563
1.96274
1.95628
1.99124
1.95335
2.00087
2.02432
2.00405
1.97318
1.99875
2.00386
2.01875
2.04454
1.96712
1.98737
1.95339
2.03106
1.9871
1.97175
1.95253
2.02339
2.03646
2.01286
2.01991
2.02851
2.01905
2.02692
1.98677
2.02055
1.99285
2.00379
1.96802
2.08378
2.03302
2.02925
2.05869
1.99955
1.97488
2.03639
1.991
2.09662
1.94899
1.98255
2.00192
1.99468
2.00408
2.01708
2.03022
1.99168
2.06153
1.97421
2.01681
1.99992
2.00903
1.99973
2.00824
2.02988
1.94493
2.02693
2.0006
2.00946
2.07641
1.97896
1.96961
1.98567
2.04544
2.00531
1.97657
1.95124
2.05409
2.00551
1.96155
2.01397
1.97262
1.97189
2.01871
1.98556
1.97898
2.06422
1.99486
1.97013
1.96203
1.98043
1.99596
2.00867
1.98324
1.95493
2.06703
1.97305
1.94166
1.98507
1.99932
1.97359
2.02196
2.04475
2.01223
2.00854
2.00174
1.99282
2.01112
2.01416
1.99425
2.01293
1.96198
1.97733
1.96687
2.05035
2.0263
1.98414
1.99662
1.97873
2.0771
2.00828
1.9887
2.02964
2.01143
1.96051
1.97778
1.99955
1.96722
2.01609
1.96708
2.00962
1.95577
2.02523
2.03201
1.9975
2.06753
2.00256
1.97768
1.99468
1.97843
1.98476
2.02039
1.89061
1.99106
2.01122
2.0148
2.01011
2.01801
2.08656
1.98244
1.98531
2.05272
2.00388
2.05
2.00294
1.97634
1.95231
2.05738
2.0267
2.03974
2.02636
1.9924
1.98029
1.9924
1.96627
2.00764
1.99504
2.03648
2.00138
2.0522
2.09001
2.09662
1.94152
1.99905
1.96562
2.01426
2.03596
2.02027
1.95536
1.98777
1.95163
1.9774
2.00603
1.99974
1.97733
1.94137
2.03995
1.94957
1.96759
1.9946
2.03856
1.99296
1.99823
2.02844
1.98047
1.97124
1.94376
2.00246
1.99332
1.99262
1.97952
2.05839
2.04534
1.97563
1.97532
2.03018
2.0338
2.00752
1.9796
1.99791
1.99669
2.01047
2.02097
1.9961
2.02376
1.99165
1.9754
1.96336
2.0301
1.94908
1.98128
1.95355
1.95873
1.98137
2.02542
1.98448
2.0771
2.0366
1.97977
1.97692
1.97841
1.98926
2.01137
2.04666
1.97339
2.00747
2.04922
2.01552
2.04634
1.97482
1.97736
2.01605
2.00993
1.98687
1.97329
1.9802
2.01756
1.99604
1.95415
1.99284
1.93322
2.03596
2.00914
1.99034
1.9898
1.98474
2.01732
1.95799
2.05245
1.95112
1.98156
2.016
1.98107
1.95261
2.00032
2.00188
2.029
1.95434
1.95767
1.98133
2.08104
2.02085
1.98726
1.99596
1.96743
1.98789
1.96188
1.97714
1.98389
2.01108
1.99022
1.98494
2.05448
2.01068
2.04298
2.01826
2.01135
1.95436
1.97684
1.97706
2.02072
1.97082
2.02167
2.01686
2.01614
1.9723
2.02046
2.03738
2.01321
1.9833
1.98697
2.03482
1.98643
1.91078
1.94406
2.00403
1.95735
2.0162
2.02906
1.96222
1.99652
2.0192
2.03485
1.94063
2.01305
2.0197
1.99197
1.95728
2.02904
2.03474
1.96298
1.97047
2.03232
1.99986
1.97082
2.00998
2.00517
1.98021
1.96117
1.96462
2.01776
2.04934
1.96136
1.97285
2.00079
1.95209
2.02873
1.94448
2.01448
2.08016
1.97273
2.02354
1.9589
1.98682
2.00947
2.04802
1.9716
2.02042
1.97837
2.0212
1.99103
1.98302
2.00109
1.96839
2.00982
1.99287
2.02597
1.96224
2.01141
2.03358
2.01108
2.00172
2.00079
1.93519
2.02212
2.01267
2.01241
1.983
2.01215
1.97865
1.97144
2.00544
2.03838
1.97279
1.96026
2.04644
1.97666
2.03873
1.96795
2.03885
2.03477
2.01149
1.99443
2.04455
1.98205
1.98623
2.02766
2.00425
2.00776
1.98766
1.95857
1.94138
2.06062
2.0181
1.97985
2.02521
1.97333
1.99299
2.00539
1.96901
2.00494
1.96348
2.04395
2.00143
2.00179
2.03636
2.02774
2.04013
2.02042
2.00439
2.00278
1.96252
1.95062
2.00896
1.98439
1.97595
1.96283
2.00638
2.02918
2.03999
1.96591
2.00688
1.97717
1.93888
1.99734
2.01342
2.02084
1.98841
1.94004
1.98869
1.97253
2.01484
1.97927
2.04376
1.99742
1.98847
2.0057
2.00029
1.98361
1.97708
1.99506
1.97993
2.00437
1.95647
1.92603
2.00811
2.01867
1.99977
2.01881
2.01075
1.99982
1.95726
2.01548
1.99535
1.98273
1.99734
2.02897
1.99202
1.91396
2.01771
2.01012
2.0649
2.0365
1.99203
1.97221
1.95434
1.96987
2.00464
1.98817
2.00305
1.96618
1.92123
2.03523
1.98094
1.99279
1.96467
2.0217
2.00379
2.04027
2.0266
2.0293
1.96006
1.97267
1.97331
2.00596
1.97628
2.03281
2.07962
2.00641
2.01925
2.01947
2.00413
1.96163
2.01679
1.99374
2.0161
2.04697
2.00005
1.95775
1.96867
2.02525
2.00034
2.02054
1.98199
2.03592
2.01809
1.97184
2.00542
2.02593
1.98761
1.94794
2.03512
2.01015
2.00042
2.01696
2.00427
2.00826
2.0081
1.99107
2.06388
1.97686
1.99623
1.97404
1.99431
2.00406
1.99912
1.96331
2.00387
1.98453
2.01432
2.00194
1.95516
2.06603
1.95002
1.99362
2.01895
2.02007
2.02499
1.98881
2.01862
2.03146
1.96656
1.95626
2.086
1.987
2.0712
1.98935
2.0638
2.0232
2.03844
2.00188
1.99281
1.98602
2.00435
2.00689
1.95553
1.98253
1.94364
2.00139
1.99977
1.99161
2.06008
2.01101
2.03613
2.05682
1.98921
1.98278
2.04298
2.01811
1.9404
2.03051
2.01602
1.95727
2.01713
2.04348
1.98868
2.00228
2.03012
1.98839
2.02214
2.02305
2.01787
1.99792
1.96471
2.02245
2.00186
2.00328
1.99667
1.98163
1.95574
2.01713
1.97067
2.04383
1.96515
1.94971
2.00372
2.0373
2.00657
1.99929
2.00198
1.97721
2.02133
1.97839
1.9688
2.01491
1.96414
1.99955
1.94872
1.97729
1.99098
2.0598
1.96374
1.99291
1.97163
1.98604
1.96516
2.02127
1.95282
1.99502
2.01206
1.99965
1.98532
1.99962
2.0557
2.00108
1.98454
2.04269
2.01062
1.95091
1.99951
2.00386
2.06685
2.06449
2.00713
1.95508
1.98158
1.97075
1.97444
1.98192
2.00638
2.03486
2.02072
1.98917
2.00634
2.02427
2.03086
1.99323
1.99167
2.00135
1.97252
2.00759
1.99248
1.99732
1.93917
1.96147
1.98947
1.99442
1.95176
2.00149
2.00379
1.98197
1.93223
2.01903
2.0063
2.0385
1.95347
2.00861
1.98157
1.98744
1.99232
1.99798
1.96329
2.00594
2.04027
2.04354
2.00661
1.99119
1.99792
2.00791
2.00104
2.03099
2.00027
2.0177
2.02528
1.95213
2.0044
1.98372
1.96539
1.96917
2.01683
2.03895
1.9918
2.00295
1.976
2.02586
1.98638
2.00548
1.95246
1.9992
2.00641
1.94486
2.02797
1.97942
1.99006
1.99693
1.98107
2.00051
1.99883
1.96187
1.94529
1.9812
2.01056
1.98301
2.01269
2.04939
1.97039
2.01788
1.99383
1.99739
2.05687
2.00973
1.99375
2.00219
2.02441
1.98011
1.98061
1.99781
1.98824
2.0596
2.03682
2.00752
2.00172
2.00469
2.00219
1.99372
1.97962
2.00827
1.99881
2.04385
1.96648
1.99841
1.98701
1.96698
1.96645
1.92061
2.01323
2.02002
2.00995
2.02237
1.99703
1.98094
2.03737
1.94204
1.99419
1.96749
2.07346
1.98057
2.02577
1.97587
2.02039
1.96833
1.96063
2.04145
1.95583
2.05476
1.99788
1.9837
1.99337
1.96621
1.97668
1.9913
2.00322
1.94248
1.95657
1.97373
1.98733
1.99133
1.9864
1.98183
1.9991
2.00504
2.07364
1.93954
1.99868
2.00266
2.05764
1.95169
1.99316
2.02471
1.99106
1.97592
1.98273
1.96283
1.94479
2.03278
1.97417
2.06025
1.98392
1.9989
1.94897
2.00945
2.0032
2.06141
1.99411
2.03696
2.03344
1.95381
2.00381
2.04822
1.94496
2.003
2.00038
1.9573
2.07832
2.02797
1.97899
1.98348
2.06161
1.98639
1.9707
2.01024
2.0145
2.02578
2.06288
2.00001
1.9817
1.98819
2.00866
2.00741
2.00988
1.99409
1.93102
2.03144
1.98677
2.00107
1.99157
1.96291
1.95958
1.99906
2.04823
1.99086
2.01297
2.00736
2.01385
1.9729
1.96048
1.99648
1.92948
1.98799
1.99312
1.96203
1.98153
1.93242
2.00488
1.97091
1.99312
1.98473
1.98536
2.03274
1.96676
2.03294
1.97059
1.96276
2.0106
1.99608
2.00822
1.92358
1.98068
2.02772
2.01184
1.96941
2.05922
2.03472
1.94296
1.94656
1.98962
1.97815
1.98644
1.96728
2.00388
2.03791
1.97105
1.95903
1.99391
2.03609
1.97602
2.03098
2.02436
2.01143
2.00833
2.01211
1.9926
2.01016
1.97003
1.98883
2.01365
2.06702
1.99583
2.03934
1.99263
1.97567
2.02022
1.99621
2.08441
1.98954
2.01591
1.99218
1.98994
2.03799
2.01441
1.99395
1.98764
1.99915
2.01303
2.00123
1.98073
1.97614
1.94566
2.00016
1.97589
2.00059
2.03739
2.01432
2.03638
2.02297
1.99741
2.03741
2.02323
2.02599
1.94444
2.01843
1.98597
1.98412
2.03229
1.9888
2.00091
1.96088
2.04293
2.01645
2.03317
2.08112
2.01611
2.08505
2.0271
1.98483
1.99298
1.97948
1.99709
2.0185
2.0607
2.01863
2.01276
1.9502
2.05832
2.00417
1.99328
2.09993
2.02522
1.97425
1.93703
2.05078
1.98564
2.00474
2.02749
2.08348
2.04518
2.03939
2.00951
2.03244
2.02526
2.00711
1.96395
2.00287
2.00459
2.02428
1.97586
2.0135
2.00233
2.03128
2.03126
1.9906
1.95842
2.02261
1.98679
1.95038
1.9769
1.99283
2.01537
2.01656
1.96459
2.07316
1.96131
1.97144
1.98786
1.9853
1.99857
1.98741
2.08257
1.97583
2.0062
1.97589
2.03151
1.98636
2.07158
1.94495
2.00534
2.03879
1.99246
2.00336
1.99417
1.98522
2.05792
1.95033
2.0928
2.02738
1.98843
2.00704
1.98798
1.98008
2.00313
2.02894
2.00535
1.97338
2.00974
1.99608
1.9924
1.99396
2.03017
1.99111
2.01211
2.01289
2.00624
1.94736
1.97845
1.99718
2.01302
1.97961
2.03986
2.0097
2.03334
2.05308
2.00456
1.97515
1.96121
1.95711
1.94905
1.98579
2.00916
1.9839
1.93381
2.00331
1.96914
1.98787
1.95372
2.0131
2.02188
2.00594
2.02433
1.9428
2.00202
1.95496
2.03496
2.00159
2.08463
2.0128
1.99348
1.99077
1.99645
2.02756
2.02654
2.01879
2.01525
2.00873
2.00085
1.95
1.9976
1.96765
2.03771
2.02675
2.01064
1.99562
1.99836
1.968
2.00587
2.03607
2.0014
1.98735
2.00768
1.99271
1.95086
1.99287
1.96771
2.02266
1.95052
1.98082
2.00134
1.97358
1.99306
1.98549
2.01852
1.98019
2.01086
1.95293
2.02688
2.02177
1.96926
2.03396
2.01808
1.97714
2.03941
1.95877
1.96283
1.98088
1.96492
1.97367
1.99785
1.94798
1.95546
1.97411
2.00045
2.07287
2.01329
1.94112
2.01893
2.01692
2.00777
1.96791
2.05875
2.02471
1.98174
1.93778
1.98728
1.96824
1.96353
2.02939
2.00668
1.97217
1.98267
1.97018
2.02548
2.01367
1.96977
1.94994
1.95749
1.99101
1.96857
1.98635
1.96148
1.97924
2.03116
2.00212
2.03919
2.01907
2.01186
2.03246
1.97937
2.05083
2.02793
1.98887
2.02607
1.96793
1.93819
1.97378
1.9768
1.98898
2.0478
1.98598
2.00221
2.02968
2.0099
1.96764
2.01407
1.99
1.97909
2.02715
1.97129
1.99311
2.00075
2.06173
1.98102
2.03738
2.02939
1.9941
1.96545
1.96817
2.0013
1.98306
2.0287
1.98082
1.99941
2.00715
2.01718
2.01589
1.96397
1.93982
2.02458
2.04493
1.97182
2.00241
2.07862
1.94732
2.01186
2.0344
2.03877
1.97209
2.00681
1.96072
2.01465
2.01241
1.99591
1.98937
2.03614
2.02746
1.96817
1.99327
1.95717
1.91431
2.00592
2.03164
1.98118
1.97766
2.01603
1.99488
1.98091
1.96967
1.94951
1.98515
1.98407
2.01404
1.97104
2.00166
2.01226
1.98264
2.00742
2.00241
2.02682
2.02704
1.97974
1.96119
1.99939
1.98062
2.07165
2.03262
2.00141
2.03115
1.94948
1.99948
2.00575
1.97781
2.01438
2.00844
1.99323
1.98837
2.01356
1.98048
2.03136
2.04069
1.9879
1.98071
1.99868
1.98488
1.97636
1.97409
2.05562
1.97889
1.97533
2.00581
2.01566
2.00386
1.94441
2.0282
2.01681
2.02674
1.98971
2.01558
2.01575
1.92128
2.00177
2.02921
2.02004
2.03197
1.99212
1.96751
1.99974
1.98862
2.04058
2.0042
1.98042
1.96808
2.00623
1.99863
2.02612
1.99548
1.9878
1.99047
1.97981
1.97447
1.96921
2.0017
1.9871
2.01484
1.98151
1.94192
1.99694
1.9698
1.97913
2.05817
1.95934
1.99119
1.97205
1.97953
2.03074
2.06723
1.97139
2.02979
2.00758
1.94552
2.0192
2.00743
1.95353
1.97809
1.98184
1.99072
2.01291
1.94302
2.01303
1.99596
2.04661
1.98442
2.00469
2.00853
1.97158
1.99444
1.97109
2.02447
2.00734
2.01897
1.99724
2.00348
1.99009
1.97349
2.01018
1.99254
1.98818
1.97028
1.99493
1.98536
1.98443
2.02974
2.01657
1.99026
2.00931
2.04019
2.04107
2.04095
2.02904
2.01255
2.01757
1.97794
1.98485
1.98889
1.96754
1.99361
1.99402
2.01885
2.02099
2.02623
2.01205
1.97566
1.96153
2.00031
2.02236
2.01268
1.98984
1.98702
2.06472
2.06722
1.99773
1.99154
2.02157
1.9816
2.06714
2.02808
1.98688
1.94902
1.99811
1.98959
1.99428
1.99093
2.0391
2.01835
2.05398
1.99492
1.95391
1.99048
1.94639
1.94973
2.06104
2.04839
1.97945
2.04391
1.98222
2.01066
1.94448
1.98841
1.99376
2.01162
2.01724
1.97349
1.96822
1.96032
1.94549
1.98047
2.03315
2.00982
1.99865
1.9671
1.99587
2.01212
2.04133
2.03079
2.00092
1.99846
2.00276
2.01196
2.00007
2.04799
2.03672
1.98349
1.96647
2.00609
2.00952
2.03717
1.97643
2.01838
2.00306
1.98622
1.99635
2.00328
1.99081
1.99898
2.01045
1.95849
1.95905
2.01308
2.00362
2.06738
1.97658
2.02035
2.00081
2.02291
1.99308
1.98263
1.97846
1.97936
2.01439
1.99298
1.9704
2.02808
1.96885
1.98157
1.99902
1.98069
2.00816
1.99033
2.00824
1.96995
1.99392
1.97795
2.02811
1.93089
1.9996
2.00234
1.97986
1.98319
2.0193
1.95741
2.01591
1.99166
1.99956
1.97789
2.02074
2.03487
1.9737
1.93958
1.95386
2.00378
2.02778
1.98191
2.02348
1.96592
1.97628
1.95073
1.94727
2.0206
1.9846
1.94735
1.95783
2.02204
2.0243
2.0159
2.00944
2.00532
2.05588
1.98994
2.02974
1.9923
1.96205
1.99519
1.97706
2.0271
1.9763
2.00468
1.97874
2.00353
2.00017
1.98717
1.97129
1.94981
1.98071
2.03567
2.00297
2.00091
1.98418
1.98198
2.03094
1.95735
1.99574
2.04637
2.03392
1.97987
2.00403
2.00142
2.0214
1.98678
2.05073
1.97911
2.03241
2.00457
1.97592
1.97934
2.01343
2.05289
2.04341
1.99065
2.02043
1.97805
2.00505
2.08328
1.95724
1.95566
1.98342
1.96537
1.9658
1.98829
2.03086
1.98043
2.01474
2.04196
1.98615
1.98079
1.99787
2.0355
1.97237
1.98315
1.98303
2.02963
1.98495
1.93044
2.01549
2.02828
1.99588
1.97415
2.0044
2.04185
1.97633
2.01445
1.96984
1.9644
2.0326
2.0191
2.02779
2.05415
1.97143
2.04707
2.01939
1.95521
2.00553
1.98143
1.96322
2.02661
1.97321
1.97388
1.97316
2.03459
1.96137
2.01883
2.01976
1.99845
1.96881
1.99766
1.99427
1.96717
1.97585
2.00808
2.04279
2.0458
1.95695
2.02996
2.01281
2.01899
2.03434
2.00285
1.96924
2.05863
1.95405
1.97621
1.96309
2.00437
2.0106
2.00123
1.97198
1.99349
2.03907
1.96556
2.05432
1.96075
1.9947
2.03075
1.99322
1.98938
1.99661
1.99021
2.04476
1.98372
2.05376
2.00106
1.97462
1.97275
2.01679
2.00398
1.95796
2.00173
2.01678
2.01595
1.9694
2.02762
1.94628
2.0493
2.06552
2.03537
1.9873
1.98674
1.99138
1.99067
2.024
1.94236
1.99322
2.00289
1.9947
1.97159
2.03618
1.96904
1.98032
2.01848
1.97737
1.94553
2.01022
1.95451
2.00613
1.9815
1.99132
2.04433
2.03776
2.04193
1.95069
1.9558
2.04025
1.92314
1.97198
1.9834
2.01414
1.98377
1.94751
2.00403
2.0563
2.04937
2.0026
2.00375
1.95608
1.97517
1.97064
2.01006
1.98593
2.02521
1.99886
1.95653
2.00368
2.02366
2.01057
2.03724
1.96989
2.02737
2.02606
1.99719
1.99851
2.00281
1.96819
1.97025
2.01297
1.95807
1.95835
1.97473
1.99966
1.97586
2.03895
2.01182
2.02711
1.99948
1.95474
2.01016
1.95211
2.00893
2.01322
1.96192
2.01214
1.9834
2.02298
1.99621
2.03779
1.97437
1.99278
1.96731
2.08443
1.99655
1.99349
2.00738
1.96874
1.98914
1.99806
2.04241
2.02288
1.98822
1.98238
1.99674
1.97997
1.97714
2.03584
1.99846
1.95601
1.98116
1.99252
1.98739
2.05089
1.96758
1.9349
1.99275
2.03762
2.07694
2.04761
2.00248
1.97518
2.04767
2.03361
1.92859
1.96222
1.97837
2.03798
1.97275
2.02543
2.01021
2.03873
1.95175
1.99754
2.00565
1.98729
2.04291
1.97587
1.98188
1.99553
2.03168
1.99931
2.03361
1.98108
1.9675
1.9589
2.01265
1.99877
1.9981
2.05218
1.94989
2.03944
2.0443
1.98798
2.02291
2.02143
2.04064
1.97497
1.97859
2.0037
2.04278
1.97039
1.99623
1.98823
1.99074
2.02378
2.00398
2.03587
2.08036
2.00673
2.06648
1.92593
2.00763
1.96385
2.00539
1.95488
2.03555
2.01628
2.00282
1.95009
1.96549
1.99138
1.96193
2.03976
2.03218
2.01781
1.96463
1.98696
1.99624
2.06023
2.00943
2.03691
1.95744
2.01274
1.93849
1.98051
2.02137
2.01384
2.0334
1.96303
2.02077
1.98345
1.98536
2.0291
1.98984
1.93319
1.93614
1.99591
2.0163
2.02846
1.99804
1.96079
2.02272
2.00338
1.99844
1.9616
1.98977
2.00997
1.97546
1.94069
1.99802
2.0101
1.99447
2.03694
1.97631
1.97704
1.97085
2.01142
2.03578
1.93363
2.00876
2.06365
2.00192
2.05697
2.01378
2.00545
2.04802
2.04177
1.97306
2.01414
2.00408
2.01839
1.96795
2.00312
2.04629
2.0207
1.99725
1.97072
1.96953
2.0228
2.02911
2.02466
2.01243
2.00888
2.00672
1.97093
2.03073
1.94259
1.99384
1.95574
2.05643
1.94358
2.01573
1.98423
2.03546
2.02908
1.95522
2.05818
2.06739
1.98838
1.96079
1.95973
1.94439
1.97181
1.95366
2.00721
2.00784
1.94628
1.96367
2.02559
1.99399
1.92703
1.9921
2.02876
2.00284
2.02152
1.97882
1.97051
2.01671
1.96142
1.96809
2.0035
1.98554
1.99657
1.99735
2.03926
2.00534
1.99159
1.94704
2.01131
1.98398
2.01428
1.95333
2.02128
2.02513
2.00427
2.0409
2.02614
2.00098
1.99397
2.04357
1.99105
1.93415
2.01711
2.05321
1.96267
1.99669
1.98222
2.05776
2.04221
2.02411
1.96424
2.01849
2.01652
2.01317
2.01161
1.9999
2.00156
1.96846
2.0242
2.00948
2.03271
2.02097
1.96493
1.98062
2.01129
1.99454
1.95481
2.03254
1.99649
2.01427
1.98088
1.99302
1.98987
1.98122
1.94063
1.95677
2.02135
2.00479
2.00274
2.0006
2.00362
1.97275
2.00076
2.04009
1.99806
1.9603
1.95619
2.01302
2.00372
1.97425
2.06015
1.99861
1.99326
1.97522
1.99755
1.99013
1.98432
1.98798
1.99704
1.98221
1.98973
2.03794
1.99277
1.97036
1.9564
1.96448
2.05923
2.02836
2.00464
1.99115
1.99419
1.99346
2.01661
2.03491
1.98366
2.03057
1.9958
2.03279
1.94974
2.00743
2.03247
1.94221
2.03313
2.00551
1.95472
2.00268
1.98732
2.00569
1.98221
1.98116
2.00549
1.99415
2.03982
2.01945
2.0006
2.01698
2.02847
1.93622
1.98079
1.94947
2.00032
1.95611
2.01056
1.98383
1.96469
1.98001
2.02516
2.02426
1.98012
2.05232
1.97091
1.96018
1.95999
1.98211
2.01025
1.98656
1.93403
1.98103
2.01377
2.02738
2.01978
2.04688
1.99849
1.9707
1.96047
2.04092
1.95516
1.95895
1.99663
1.96387
1.98009
2.01875
2.01896
1.98907
1.97024
2.02072
2.04206
2.01148
2.02485
2.01386
2.00162
2.04791
1.99255
1.99191
2.01245
1.9883
2.0324
2.03976
2.01022
1.99468
2.03405
1.96527
1.97105
1.99556
2.03235
2.03503
1.99753
1.97422
1.99607
1.99022
2.01003
1.9419
2.01993
2.01251
2.02589
1.97089
1.98264
1.9672
1.95635
2.03332
1.99657
1.99651
1.98049
2.0199
2.0426
2.06535
2.01182
1.95076
2.00057
1.95342
1.96555
2.01365
1.95666
2.02336
1.96396
1.93667
2.00854
1.97769
1.96841
2.00921
2.00461
2.03315
1.97722
2.01928
2.01599
1.9695
1.99884
2.00916
2.03054
2.05783
1.98704
1.98725
1.98146
2.03124
1.9879
1.98947
1.99632
1.99877
1.95011
2.07082
1.95233
1.96042
2.00803
1.97605
1.9696
1.96471
1.95545
2.00551
1.97632
2.00882
2.002
1.99705
2.01715
1.97554
2.05182
2.01743
1.96165
2.0199
1.94622
1.99102
1.97014
1.97903
1.94349
1.97176
2.02707
1.97796
2.00328
1.92794
2.04053
2.01831
2.00126
1.98732
2.0024
1.93985
2.01218
1.98527
2.03773
1.9982
2.02735
2.01139
1.97945
2.02456
1.96278
2.00526
2.06058
1.99568
1.97941
2.03176
1.95692
1.98161
2.02132
2.03138
1.99543
2.02257
1.98194
2.02667
2.01871
1.9705
2.02356
2.00108
1.99079
1.99566
2.05666
1.98564
2.01365
2.01319
1.95678
2.0335
2.02731
1.96653
2.02563
1.99565
2.00784
1.99617
2.00052
2.01112
2.0002
1.96566
1.99045
2.02886
2.01243
1.97576
2.03066
2.05024
1.99623
1.9544
1.98533
1.9649
2.0082
1.97013
2.06878
1.97938
2.06748
1.97711
2.05486
2.04095
2.05243
1.96694
2.00503
2.00958
1.94487
1.96398
2.02641
2.00123
2.00592
1.98888
1.98469
2.01164
2.02385
2
2.02746
1.98996
2.02381
2.01115
1.96835
1.98179
1.98458
1.97874
2.01859
1.99802
2.0446
2.0053
1.95452
2.02225
1.98499
1.98259
2.04334
2.0469
2.03582
2.01388
1.99956
1.95056
1.99418
1.98647
1.97617
2.04406
2.08089
2.02226
1.93917
1.97842
2.04722
2.00002
2.00424
2.03035
1.99223
2.0422
1.9788
1.99849
2.03066
1.97345
1.95949
2.04222
1.95682
2.02881
1.99262
1.97115
2.00877
2.02471
2.01493
2.02346
2.00776
1.99019
1.96759
1.98647
2.0087
2.0177
1.98813
2.03339
1.98539
2.00237
1.9952
2.0196
1.97755
2.00016
2.02617
2.02996
2.01006
1.98994
2.01089
1.93822
1.9945
2.03314
2.04646
2.00688
1.98478
1.94318
1.94602
1.99735
1.97635
2.03101
2.01618
2.01657
2.01162
1.98307
1.96901
2.00155
2.02351
1.96921
1.94707
1.98661
2.0162
1.95598
2.02973
1.96478
1.94205
1.9984
1.98388
2.00511
1.99064
1.993
1.97625
2.00742
2.00411
2.06432
1.98014
2.00635
2.00605
1.99616
2.01839
1.99121
1.96132
1.96343
2.00471
1.9902
2.01907
2.01456
1.98179
1.96921
2.00579
2.02992
2.00468
1.97279
2.04004
2.01177
2.06077
1.96977
2.02067
1.97157
1.98545
2.01024
2.04553
2.0386
1.98293
2.07988
1.99589
2.00376
1.98975
2.0079
1.94933
2.04641
2.00576
2.0082
1.9657
2.00493
2.04513
2.00841
1.97889
2.03013
2.00739
1.91272
1.93935
2.03146
2.01479
2.00553
2.01959
2.00906
1.96266
2.08088
1.95804
1.94776
1.96494
1.96925
2.05771
1.98789
2.03891
2.02762
2.00309
2.01145
1.95608
1.99115
1.95864
2.0051
1.99157
1.96686
2.0139
1.9841
2.02836
2.05838
1.99812
2.03617
1.9708
1.98836
1.99978
1.99396
2.01677
2.01103
2.02592
2.04356
1.97312
2.01061
1.99364
2.0082
1.93112
1.96205
2.02609
1.98255
1.99215
2.01599
2.02211
1.97873
2.02166
1.99267
2.01717
2.02404
2.01976
2.0595
1.95558
1.9655
2.0276
2.02366
1.97757
2.02986
2.02993
2.00565
2.02474
1.96294
1.92288
2.01227
2.03103
2.02658
1.97852
1.99033
2.01709
1.98858
1.97975
1.93394
2.04555
1.98523
1.97574
2.00429
1.95456
2.01555
2.03582
1.95011
2.05115
2.01073
1.97213
2.00275
2.0037
1.99736
1.96372
2.03131
1.9813
2.00441
1.99188
1.9696
2.00298
2.02215
1.99869
1.95054
1.99215
1.99458
1.97339
2.04789
1.97121
2.03327
1.99518
1.96824
2.03121
2.00014
1.96218
1.99581
1.9914
1.94777
2.0085
1.965
2.01007
2.01232
1.96455
2.01897
2.03232
1.99942
2.00754
2.00845
1.96497
1.99911
1.98271
2.01462
1.97994
1.99746
2.03705
1.92792
2.0487
2.01836
2.02453
2.02122
2.02864
2.05424
1.99067
2.00433
1.9791
1.9946
1.98077
2.03145
1.99921
2.03872
1.94419
2.04649
1.97071
2.03129
1.98768
2.03388
2.0072
1.96068
1.98435
2.02957
1.99261
1.99284
2.00806
2.00399
2.02923
2.00322
1.96244
1.9543
2.03806
1.98891
1.98282
1.99085
2.00099
2.0356
1.95804
1.99597
1.95668
2.0509
1.99369
1.97719
1.9982
2.05594
1.9802
2.07113
1.98089
2.02921
1.96066
1.99075
1.99507
2.01595
2.00243
2.01628
1.99856
2.0744
1.96591
1.99112
2.05903
2.01021
2.03518
2.0006
1.95826
1.98423
1.98194
1.97977
2.00283
1.93318
1.9969
2.02682
2.00835
1.99903
2.01313
1.94876
2.05344
1.91797
2.01326
1.99935
1.98093
1.99539
1.95944
2.01836
2.03992
1.98957
2.04337
1.98033
2.02013
2.02786
1.99434
1.99149
1.99043
2.01102
1.96963
2.02706
1.97741
2.00413
2.04861
1.98711
1.99164
2.02758
1.96094
2.00677
2.05467
2.01567
2.00418
2.01757
2.05454
2.0054
2.01152
2.00436
1.99413
2.02582
1.98328
2.00894
1.96805
2.01665
1.98382
1.97129
2.0409
1.94151
1.9967
2.03386
1.99296
1.993
2.01089
2.01779
2.01695
2.00597
2.00066
1.97292
1.934
1.94389
1.94706
1.97774
1.95501
2.04689
2.01365
2.03701
1.99039
1.99889
2.0423
2.03466
2.00585
1.96733
2.00191
2.00069
1.99078
2.01098
1.94568
1.93352
2.07267
2.0222
2.00854
1.92463
2.06373
2.018
2.0032
1.99169
2.0202
1.98186
2.00372
1.98477
2.02642
2.04701
2.02202
1.98916
2.00402
2.03938
2.00426
2.01822
1.99242
2.0225
1.98078
1.99706
2.00186
1.99463
1.96257
1.98297
2.01142
2.03519
1.92684
2.04106
1.97231
2.03319
1.9657
1.98927
1.9449
2.0257
1.99977
2.00061
1.99452
2.01505
1.98848
2.00944
1.98911
1.98821
1.98935
2.03512
1.97641
2.01952
2.00203
2.03063
2.02624
2.01267
2.02684
2.01559
2.0139
1.98259
2.03745
2.01306
1.98656
2.00056
2.0245
1.96705
2.03475
2.04484
2.01304
2.04357
1.93039
1.97752
2.00257
2.00909
2.03233
2.03535
2.03822
1.98057
1.98238
1.964
2.02502
2.0043
2.0446
2.00108
2.00863
2.02464
1.95788
2.06235
1.99708
2.03262
2.00721
1.98257
1.98492
1.98312
2.00015
1.95984
2.05112
1.98849
1.95743
1.98689
1.99615
2.02626
2.03129
1.98434
2.04405
2.02003
2.02614
1.98329
1.97595
1.97434
1.96911
1.95106
2.00321
1.96772
1.95716
2.03038
1.96469
2.07156
2.00051
2.00693
2.0263
1.96103
2.00581
1.94171
1.99459
2.05948
2.00661
1.96576
2.02549
1.98388
1.96102
2.00839
2.0155
1.99186
2.02091
1.98105
1.95039
1.99035
1.99604
1.98498
2.05651
1.97553
1.9842
2.04238
2.02681
1.98083
1.98981
2.02829
1.98728
1.9961
1.97289
1.94351
2.0004
2.04223
2.04804
2.04505
1.9986
2.00764
2.00154
2.03112
2.0563
1.99171
1.96123
2.0253
1.96359
1.96915
1.99548
2.04033
1.97682
1.97326
2.01162
2.04392
2.02133
1.96906
2.01195
2.01969
1.97092
1.97099
2.01018
2.0267
1.9668
2.02042
2.02264
2.02288
2.03523
1.96885
2.01542
1.9818
1.99604
2.01681
1.97326
2.01565
1.99815
2.01816
1.97963
1.98338
1.96357
1.98596
1.98107
2.03438
2.03198
1.96506
1.99808
1.9842
2.01966
2.04297
2.00622
1.98643
1.99485
1.9769
1.97482
2.00103
2.01102
1.95276
2.01751
1.99304
2.01082
1.97564
1.97614
2.01735
1.95662
2.00286
1.96066
1.97904
1.98289
1.98317
2.00253
2.00011
1.99098
2.00418
2.04182
1.95748
1.9967
1.94437
2.0168
1.99294
1.99713
2.0108
1.9728
1.99458
2.00136
2.00704
2.04
1.93831
1.98186
2.01858
1.9784
1.95103
2.01374
2.0322
1.97492
1.9573
1.95852
2.00463
2.03407
2.0279
1.99
1.97944
2.01406
1.99996
1.97711
1.98966
2.04623
2.01704
1.96124
1.99431
2.03669
1.97436
2.02734
1.97655
1.97247
2.01106
2.01429
1.98168
1.99295
1.98136
1.99465
2.01052
1.97871
1.97372
2.00787
2.00501
1.96584
1.97041
1.97447
1.99695
1.96165
2.03152
1.93461
1.96417
1.98768
1.96349
1.95952
1.98688
1.95067
2.07577
1.97987
1.94737
2.00533
2.00919
2.00911
1.95142
1.98795
1.98874
1.98949
2.01374
2.01646
2.01175
2.01505
2.02294
1.98042
2.07322
2.02149
2.00668
2.00569
1.97728
1.98033
1.98818
2.03552
2.01343
2.0263
1.99443
2.01799
2.00961
1.97379
2.0169
2.02478
2.04365
1.97814
1.98317
1.98531
2.04264
2.02341
2.00375
1.95485
2.07948
1.98752
1.98649
2.00322
1.98074
2.02747
1.98632
1.96066
1.99509
1.99382
2.01347
2.01477
2.02033
1.96575
2.03974
2.04215
2.04943
1.97493
2.01981
2.00175
2.02485
2.00061
2.03789
2.0119
1.97299
2.03032
1.998
1.92602
2.04956
1.98964
1.92313
1.94858
2.00023
2.03825
1.99689
1.99576
2.04981
2.01674
1.9947
1.9511
1.9818
1.99399
1.98043
2.01792
1.99704
1.94773
1.99477
2.05114
2.03546
2.0102
1.99492
2.02449
1.97119
2.01112
2.002
2.05408
2.0628
1.96723
2.03802
2.01879
1.9662
2.01109
2.04813
1.99188
2.02181
1.96695
2.061
1.99848
2.00519
1.98167
2.03458
1.93768
1.98973
1.95349
1.94831
2.02568
2.04698
2.00787
1.98699
1.98839
2.00725
2.03281
1.9562
1.96576
2.00369
2.05875
2.00934
2.02519
1.9543
1.98132
1.97647
2.03646
2.00101
2.00884
2.02628
1.95667
1.99552
2.0642
1.94326
2.00427
1.99311
1.99857
2.00941
1.9816
2.02523
2.03411
2.02332
2.02984
1.98913
1.95708
2.02516
1.96186
2.00237
2.00624
1.99535
1.98566
1.9627
2.00144
2.01799
2.03618
1.95738
1.99697
2.02505
1.98015
2.00224
1.95516
2.0304
2.04018
2.02636
2.03783
2.01199
1.99989
1.99017
1.96055
2.02973
2.02408
2.04124
2.03369
2.03926
2.01916
2.04687
1.99678
2.01509
2.00332
2.01868
2.03201
1.9206
2.03217
2.01981
1.99623
2.01741
2.04542
1.97512
2.03892
1.97098
2.00462
2.0286
1.9742
2.00713
2.01302
2.04639
1.99103
2.00001
2.00787
2.00741
2.00374
2.03201
1.94304
2.02551
1.94642
1.99093
2.03221
2.03052
1.98732
1.98268
2.01677
2.04238
2.00274
1.98965
1.9907
1.95178
2.00418
2.00449
2.00973
2.01736
2.01249
2.04433
2.05032
1.97983
1.91227
2.05175
2.03175
1.94848
2.00334
1.99873
1.93423
2.02084
1.99812
2.02393
2.00399
2.01945
1.99503
1.97382
1.9722
1.98238
1.99318
2.01797
2.02694
1.99684
1.98476
1.99483
1.99489
1.9705
2.00148
1.96342
2.05337
1.99657
2.06495
2.01359
1.97916
1.95185
1.9478
2.00933
1.95377
2.0186
2.0064
1.99594
1.96897
2.02602
2.02497
2.03139
2.06251
2.0296
2.02712
1.96216
1.97559
1.98727
2.03945
1.98316
2.03113
1.97485
2.0005
1.99669
1.99804
2.02438
1.97605
1.96819
1.9813
2.02619
2.01421
1.99466
2.02028
1.98486
2.01268
2.01002
2.03169
2.03119
1.98675
1.98935
1.96902
2.0148
1.99179
1.98802
1.96972
2.02651
2.00674
1.99419
2.00289
1.96135
1.99157
1.95055
1.98415
2.03811
2.0592
2.00172
2.03502
2.01242
2.00092
2.00922
1.97244
1.97837
1.98069
1.99488
1.95335
1.96106
2.00242
2.02654
2.01952
2.00287
2.00557
2.00638
1.99474
1.99287
1.9915
1.99813
2.02434
1.9628
2.00449
2.03268
2.0174
2.02132
1.94559
2.01765
1.96529
1.97839
1.97849
2.00264
1.99593
1.9566
2.00436
2.05106
2.01602
2.01
2.01178
1.96678
2.03011
2.02928
1.98503
1.99403
1.98662
2.02394
2.0247
2.01514
1.97103
2.04548
2.03606
2.00976
1.99309
2.04494
1.98032
2.0024
2.00584
1.96241
2.03103
1.96202
1.99785
1.98783
1.96675
2.00432
2.00425
2.0135
2.02116
1.95644
1.98342
2.03529
2.02823
1.9314
2.01324
2.05062
2.00174
2.00777
1.99811
1.95078
2.02354
1.97623
1.98835
2.00126
1.9896
2.03759
2.06241
1.97819
1.99819
1.95244
2.01072
1.98511
1.9929
2.03423
2.06031
1.99492
2.03523
2.02905
2.00717
1.98847
1.99975
2.0071
1.97269
1.99387
1.96072
2.01911
2.0028
1.9845
1.96329
1.98429
1.9782
2.0311
1.97558
2.00936
2.01948
2.00291
2.01811
2.04018
1.97253
2.00889
1.98768
1.9681
2.05603
2.04171
2.01361
1.99559
2.02053
2.00094
2.00689
1.96452
1.99533
2.02359
2.02598
1.97857
2.02385
1.99384
1.96131
2.02223
1.95952
2.02346
1.98203
1.93382
2.04692
1.9511
2.01145
1.95878
1.98014
1.97247
1.99786
1.98252
2.03357
2.03868
2.0362
1.96572
2.01819
2.01233
2.03617
1.99613
2.02052
1.99465
1.9877
2.0514
1.98783
2.01921
2.03809
2.01676
2.03441
2.0557
2.00599
1.99965
2.03479
1.99725
1.9882
1.9967
1.99874
2.02247
2.04875
1.95571
1.99984
1.95326
2.0235
1.96339
2.0136
1.97547
1.94224
1.98916
2.0166
2.01211
1.98665
2.00354
1.9459
1.98586
1.98939
1.93339
2.02608
2.01786
1.96671
1.98822
2.0198
1.98636
1.97942
1.98266
2.03573
2.00552
2.07652
1.95863
1.94519
2.001
1.97949
1.98645
1.98785
2.00262
2.02426
2.01301
2.04953
2.05906
1.9791
1.989
1.99088
2.01723
2.03704
1.96488
1.98504
2.00723
2.04441
1.96181
2.02341
1.99463
1.99003
2.04932
2.05802
2.01788
2.0322
2.03798
1.97459
2.01341
2.03643
2.00708
1.98115
1.95044
1.96985
2.07468
1.96975
1.94012
1.96506
1.96539
2.00833
2.02796
2.04224
2.01575
1.97812
1.97839
2.06846
1.98705
2.00157
2.02921
1.91196
2.01898
2.01846
2.09144
1.97857
1.97062
1.98558
2.03527
1.99017
2.0016
2.0396
1.97744
1.99193
1.99503
1.96923
1.98975
1.9929
2.00675
2.04006
1.96573
1.9615
2.02845
2.01814
2.0085
2.04015
1.97875
1.98882
2.03236
2.01681
2.02001
2.04155
2.03632
2.04093
2.0316
2.03044
1.98095
2.02401
2.02611
2.00762
1.97559
2.00671
1.98391
2.01338
2.00087
1.95735
1.97177
2.02055
2.00106
2.02331
2.0075
1.99976
2.00015
1.98771
2.0196
1.99069
1.98455
1.9599
2.01923
2.00652
2.00435
2.01411
2.01679
2.03318
1.97333
2.05227
2.00923
2.01355
1.9565
2.03125
2.01915
2.01924
2.05434
2.01158
2.02274
1.97033
2.00545
1.98755
2.02002
2.02025
2.06258
1.97533
2.03279
1.9811
2.00711
2.03081
2.0333
2.0111
1.97831
1.96792
2.01259
2.02642
1.99174
1.99898
2.0031
2.02425
2.0544
1.96214
2.00864
1.99651
1.99178
2.01121
2.02372
1.99108
1.99446
1.90243
1.99639
2.01048
1.97053
1.99988
2.00738
1.97401
1.98941
2.04124
1.97384
2.03644
1.98979
1.97696
1.99841
1.9898
1.9871
2.02348
1.95862
1.99706
1.9835
2.00473
2.0267
2.0346
2.00388
2.01934
1.97701
2.03923
2.0309
2.0349
1.94874
2.05182
2.02996
2.05969
1.98763
2.00731
1.97521
1.96085
2.04276
1.89886
2.00221
1.92964
1.99575
2.03951
1.99825
1.99251
2.06898
1.99641
2.04847
2.07371
2.06203
2.03343
1.99068
2.0529
2.03737
2.02774
2.06038
2.05949
2.00552
1.96826
1.986
2.00513
1.99283
1.94642
1.9979
2.02387
2.00423
2.03978
2.0204
2.00764
2.03155
1.97124
2.04317
1.98026
1.98053
1.97305
1.92816
1.95119
1.9927
1.99612
1.96095
1.99467
2.00821
1.96121
2.04782
2.00099
2.00108
2.03635
2.01056
2.01721
2.00688
2.06252
2.00664
2.0291
2.01603
2.01337
1.95964
1.99885
1.9464
2.02254
1.97697
1.96063
1.98904
1.96654
1.97767
2.02909
2.02785
1.99224
1.96578
2.03781
2.02779
2.00844
2.05931
2.04876
2.00402
2.00108
2.01794
2.07928
2.00492
1.99776
1.97428
1.97744
2.01348
2.02404
1.98832
2.00152
2.0081
1.99982
2.00123
2.0235
1.96539
2.00908
1.95523
1.96525
1.9863
1.95224
1.95595
2.00053
2.01648
1.99353
2.02853
2.03929
2.03706
1.95513
1.94425
2.06162
2.00774
2.02436
1.9981
1.98567
1.99324
2.00227
2.00988
1.96871
2.00293
1.99954
1.99251
1.93921
2.00152
2.0094
2.02137
1.94883
1.97927
2.02318
2.0122
2.0128
2.01518
2.01926
2.08809
2.00271
2.04209
2.02787
1.97333
2.01881
2.02113
2.0181
1.92353
1.97936
1.98541
1.95949
1.98769
1.98664
2.0085
2.01094
1.96804
1.96714
2.00768
2.01357
1.92668
2.03859
1.9874
1.9266
2.03202
2.02149
2.0199
2.00733
1.98004
1.96021
2.01858
2.03934
1.98007
2.07855
2.0001
1.98997
1.98722
2.03057
2.05401
1.98541
1.97164
1.99184
2.02281
1.99609
2.02861
1.98593
1.98853
2.03278
2.00593
2.05127
2.00025
1.97914
2.00738
2.00425
2.01647
2.02807
2.02776
1.99863
2.00224
2.0328
1.98249
2.01169
2.04627
2.01084
2.02327
1.97606
2.00212
1.98995
2.04256
2.01176
1.98122
1.94369
1.99551
2.03685
1.98435
2.00083
1.97885
1.97119
2.02723
1.99205
2.01844
1.98788
2.0446
1.96911
1.96175
1.99515
1.93701
2.06255
1.96445
1.98767
1.97702
2.01187
1.98489
1.98207
1.99257
1.97954
2.00973
2.03672
1.95733
2.05827
2.01822
2.01631
2.00037
2.00131
1.99103
2.00864
1.98465
1.97376
2.01821
2.01696
1.97026
1.99856
1.9397
2.00168
1.97584
1.98272
1.98847
1.98733
2.0148
2.02657
1.97896
2.01307
2.02203
2.01378
2.029
1.99804
2.02397
1.98755
2.01055
1.93641
1.97412
2.00176
1.97763
1.95934
2.06467
1.97434
1.97448
2.0303
1.93482
2.0128
1.97439
2.00621
1.97357
1.96915
2.04168
2.00165
1.97655
1.94007
2.02989
2.02312
1.98572
1.98455
1.98289
1.98244
2.02307
1.92337
2.00236
2.00519
2.01336
2.01937
1.91813
2.0609
2.00552
2.05915
2.06049
1.98202
1.9688
1.99436
2.02101
1.98041
2.03844
2.01738
1.98216
2.04268
1.95197
2.00917
1.99986
2.02714
1.9939
1.98031
1.94066
2.02385
2.04338
2.08375
1.99176
1.98815
1.96249
2.02674
1.94995
1.90992
2.00325
1.9993
1.99504
2.01005
1.99234
2.01502
1.99587
1.97648
2.02106
1.98779
2.02546
2.02561
1.98749
2.00996
2.01487
2.00061
1.97478
2.02629
2.00342
2.03254
1.97919
1.9799
1.97772
1.99227
1.97442
2.04044
2.03447
2.04322
2.06809
1.99908
2.01826
2.00068
2.02531
1.99013
1.97633
2.01459
2.06982
1.96267
1.99751
2.01076
2.01482
1.96106
2.0198
2.04249
2.01424
1.96853
2.02292
1.99379
1.99451
1.97693
2.01043
1.98989
2.00993
2.05688
2.0512
2.00614
1.97481
2.00052
2.0086
1.99846
1.95453
2.00079
2.04471
1.99951
2.00603
1.98593
1.97605
1.97167
1.97743
1.96355
1.95636
1.99971
2.0129
2.00107
2.0022
1.98756
1.99923
1.9824
2.02065
1.92931
2.04871
2.02041
1.99899
1.96601
2.02466
1.969
1.97241
1.9964
1.99296
1.97444
1.96505
1.97481
1.97332
2.01413
2.04577
1.99123
2.00618
2.00308
2.01882
1.99887
2.0115
1.99047
2.01496
1.99592
2.00756
2.02097
2.04926
1.99962
1.97718
1.96887
2.0025
1.97894
1.92978
1.99148
2.01643
1.98
2.05515
2.02897
1.98933
2.00376
1.97876
2.01608
2.00649
1.96454
1.98141
1.98022
2.04327
1.96853
2.02986
1.99147
1.99302
1.97614
2.0233
1.99163
2.00468
1.97901
1.99128
2.01835
2.02344
2.0127
1.97608
1.9569
2.02413
1.99021
2.02523
2.02678
1.97727
2.00197
2.0263
1.96734
1.99578
1.97948
2.03751
2.03164
2.00533
1.95056
1.98211
2.04242
2.02223
1.98115
1.98933
2.04419
2.05414
2.08374
1.96277
2.05304
1.98515
1.99699
1.99793
2.04976
1.96009
2.03436
1.94953
1.96759
2.01861
2.05159
1.99962
2.0007
1.99109
1.96342
2.01093
2.03149
2.01444
2.00174
2.00072
2.01047
1.92382
1.92295
2.00114
1.95707
2.01328
1.96228
2.02878
1.96718
1.95777
1.96025
2.00238
2.02087
2.00665
1.99766
2.04928
1.99522
2.03175
2.0327
2.02177
2.00529
1.93517
1.97991
2.02434
2.01817
2.03093
1.95347
2.01459
1.99967
2.03098
1.98688
2.00905
2.00538
1.99323
1.96415
1.97175
1.96893
1.98137
1.98936
1.96545
2.03275
2.01244
1.96801
2.02715
2.00307
2.03381
2.02779
1.99307
1.99749
2.0028
1.94419
2.0303
1.97264
1.97227
2.08287
2.01409
1.95267
2.01194
1.94358
2.00306
1.98415
2.00347
2.0583
1.97817
2.00642
2.05753
2.03966
1.96621
1.96878
1.92699
2.01437
2.008
2.02073
1.96929
1.98173
1.99637
1.94959
1.99496
1.96233
2.03583
2.03032
2.06894
2.02679
2.01378
2.01465
1.99509
1.98413
1.95486
1.95731
2.06458
1.97793
2.03385
1.97752
2.04197
2.02184
1.9814
1.96882
2.00352
2.00573
2.04388
1.98592
1.99921
1.98895
1.96232
1.97718
1.99962
1.99144
2.01726
1.959
1.98393
1.97547
2.01785
2.00059
1.97739
2.04438
1.98032
1.96042
1.97119
1.99974
1.97048
1.99101
1.9817
2.05617
2.01422
1.98199
1.93779
1.90691
1.99046
1.9977
2.01016
2.02151
2.04813
1.99998
2.04709
2.0394
2.01877
1.97118
1.99357
2.04584
2.05002
1.96099
1.96308
2.0392
2.02243
2.03694
2.00725
1.97342
1.98795
1.95235
1.97631
2.03775
2.02984
2.02136
1.99627
1.9854
2.0432
1.9323
1.99976
2.01621
2.00696
2.02409
2.01293
1.96571
1.97297
2.00308
2.04195
1.99512
2.04033
2.0594
1.96652
1.99148
1.99883
2.01879
1.92998
2.04669
1.92104
2.01794
2.00821
2.05493
1.98093
1.97568
2.05754
1.95059
2.03829
1.99824
2.03474
2.04336
1.99988
1.99872
1.96717
1.99603
2.05182
1.95646
1.98935
1.97911
1.98065
1.9997
1.98101
2.03876
2.02904
2.00168
2.03839
2.01934
1.96093
1.96883
2.01926
2.05534
1.98793
1.98317
2.03887
1.99688
1.97623
2.04841
1.99845
1.99634
1.95117
1.98288
2.01009
1.99061
1.98604
1.98854
1.99236
2.00205
2.03097
2.04534
2.04915
2.04281
2.01793
2.05112
2.02103
1.98629
2.02788
2.00427
2.04229
2.01365
1.95211
1.96531
1.96727
2.00673
1.9931
1.96903
2.03049
2.06927
2.0354
1.95878
1.99579
2.03749
2.01885
1.9489
2.00529
1.9675
1.98504
2.01549
1.98762
2.01913
1.9984
2.02457
2.01677
1.98514
1.96702
2.01809
2.04415
2.02228
1.98943
1.99347
2.01858
2.00439
1.96622
1.96191
2.01527
2.01662
1.93358
2.01218
1.99865
1.97447
1.93304
1.98422
1.96307
1.98804
1.98957
2.03697
1.972
1.97876
2.01724
1.97072
1.97611
2.0163
2.05828
1.97489
1.99666
2.00628
2.00095
1.93451
1.99161
2.00922
1.96356
1.99873
2.00665
2.00746
2.01191
1.96492
2.02605
2.03284
2.04359
1.98445
1.96591
2.01126
2.04274
2.01159
1.99994
2.01998
2.06351
2.01988
1.96398
2.02956
2.03975
1.98403
1.98806
1.98798
1.95822
2.00915
2.00266
2.02229
2.01103
1.99692
1.99427
2.02906
2.02734
1.98468
2.01864
2.03344
1.96524
2.00805
1.98713
2.02751
2.04968
1.97995
2.01382
1.96986
2.03218
1.99359
1.97835
1.97359
2.00338
2.00318
2.00743
1.96806
2.01117
2.00854
2.01439
2.00543
2.00069
2.0467
1.93752
2.03255
2.00772
1.98137
1.95026
1.98171
2.00286
2.02207
1.95884
1.98635
1.96499
2.0252
2.05288
1.98984
2.00972
2.01414
1.9774
2.02497
1.99068
1.95023
1.97531
2.00931
2.00449
1.98416
1.96634
2.03453
1.97362
2.03119
2.00139
2.05526
2.0014
1.94577
1.95773
1.98792
1.99323
2.04578
1.95038
2.03918
1.99203
2.02026
2.01958
2.01992
2.06459
1.99536
2.0147
2.0606
2.00754
1.99668
2.0032
2.06254
2.00044
2.01008
1.99379
1.9866
2.0086
1.96145
1.998
1.95892
1.99799
1.97105
2.0187
2.02233
2.00504
2.0156
2.02193
2.01514
1.99125
2.01944
2.01134
2.04924
2.015
2.05426
2.00551
1.98854
1.92963
2.00479
2.0161
1.99846
1.98093
1.98198
2.03869
2.00347
1.97523
2.00612
1.94635
2.04636
1.97433
1.97276
1.98478
2.00235
1.94951
1.97496
1.9876
1.99062
2.01488
1.99525
2.0282
1.97835
2.00696
1.94436
2.03702
2.02643
1.95709
2.02364
2.01434
1.96779
2.00116
1.95526
2.03322
1.98404
2.01897
2.0016
1.9898
1.98584
1.9896
2.00187
2.07102
2.00866
1.96723
1.97719
2.0283
2.00803
2.05344
1.99888
2.02988
1.98985
1.98426
2.05167
1.98828
2.01589
2.05255
1.97488
2.05028
1.95817
1.95275
2.03289
1.95847
2.0128
2.0016
2.00185
1.99379
2.0554
2.01416
2.0203
2.06121
2.06001
2.09193
2.0346
2.03428
1.93719
1.9842
1.98256
2.00935
2.03795
2.06336
1.99055
1.97221
2.02711
2.02131
2.01415
2.05824
2.00563
2.02847
2.02492
2.00799
2.02589
2.01452
1.98804
1.99118
1.98777
2.02758
1.95765
2.02561
1.9893
2.02076
2.0036
2.01591
2.05962
2.02296
1.99672
2.03439
2.06807
2.05966
1.95243
2.01994
1.97362
2.01391
2.02888
1.97145
2.03718
2.00971
1.95159
2.01204
2.02722
1.99125
2.03732
1.94178
2.04614
1.95894
1.97025
2.02203
1.98193
1.99755
1.95132
2.02282
2.03458
1.99391
1.9898
1.97275
1.99025
1.98362
1.96769
2.00927
1.96553
1.98332
1.95294
1.98396
2.00258
1.96421
1.965
1.99424
2.02652
1.93964
2.04229
1.9985
1.99956
2.0556
2.01065
1.96752
2.02184
1.97063
2.0067
2.03857
1.97857
2.00784
1.99751
2.03339
1.97613
1.99733
1.95122
2.00131
1.98796
1.96097
1.99549
1.99828
2.00685
1.96344
2.01398
1.98244
2.02986
2.00796
2.05709
2.01696
1.95712
1.98953
1.98112
2.01564
2.04981
2.00111
2.00026
1.99423
2.00795
1.97664
2.02082
1.98621
1.98295
2.02303
2.04208
1.96222
1.99163
2.00785
2.03214
1.99757
1.94965
2.02681
2.03353
1.98818
2.00436
1.9962
1.99585
1.98039
1.94782
2.00121
1.99663
1.98425
1.9587
1.98272
2.02097
1.96293
2.02117
1.98866
1.9833
2.00448
2.03524
1.95861
2.00216
1.97201
2.0088
1.97959
1.97958
2.05475
2.01947
1.97809
2.0091
1.99418
1.97869
1.96013
1.99744
2.0135
1.97735
1.95911
1.92415
1.99102
2.05288
2.01502
2.10576
2.01927
1.9904
1.99289
2.02671
2.01806
2.02823
1.93454
2.06022
1.95657
2.00941
2.03747
1.93153
2.03045
1.99753
2.02538
1.95079
2.06131
1.99091
1.98273
2.02122
2.03363
2.02278
1.97095
2.05614
1.95182
2.02254
1.98086
2.06547
1.99605
2.01576
1.97142
2.02135
2.01576
2.01096
1.97064
1.99093
2.01788
1.9693
1.96077
2.01838
2.00544
1.99603
1.95017
1.92686
2.04545
2.02116
1.99432
2.00815
2.01818
2.04791
2.02244
2.07919
1.97721
1.99085
1.99557
1.98204
2.00215
1.97748
2.00996
1.99529
1.99433
1.99106
1.99917
1.96081
1.99239
2.01522
2.01413
1.98881
1.97975
1.97952
2.00414
1.99001
1.96601
1.95602
2.04142
1.99672
2.02792
1.99134
2.03898
2.05014
2.01095
2.02348
1.99448
1.99184
2.03532
1.97155
2.00374
2.00106
2.03107
1.99305
2.00265
1.96128
2.00248
2.01413
1.98277
1.99834
1.96719
2.00415
1.98415
1.99369
1.92216
1.99934
1.99345
1.95918
2.01781
2.07236
2.00926
2.01459
1.99078
2.00011
1.99157
1.98714
1.95269
1.94943
1.98421
2.02927
1.98939
1.98837
2.04184
1.97824
1.93678
2.02576
2.01355
1.97394
2.03237
1.9873
2.03604
2.00388
2.01969
1.9999
2.00046
1.98203
2.02608
1.9781
2.03232
2.02443
2.0143
1.96666
2.00797
1.95014
2.04225
1.9566
2.0026
2.01214
1.91477
1.98196
1.97179
2.00565
2.0466
2.00297
1.94797
2.04595
2.02986
2.01546
1.97471
2.0458
1.99252
2.03621
1.98848
2.00053
2.00474
2.03438
1.958
1.98408
1.99317
2.01273
2.04011
1.95945
2.03992
2.03127
1.99649
2.00786
1.98854
1.98338
1.99081
2.00174
1.96683
2.02909
2.00054
2.02214
1.93913
2.00371
1.98846
2.00265
1.98845
2.02108
2.00546
1.99884
2.02877
2.03141
1.98102
2.01369
2.04021
1.93733
1.97475
2.00524
2.0048
1.99308
1.97567
1.97843
1.97422
2.01552
2.00931
2.02708
1.99389
1.96751
2.01896
2.00643
1.95686
2.00087
1.98058
2.03119
1.99609
2.04108
2.01965
1.96598
1.97792
2.03447
1.98865
2.00859
2.02298
2.00704
1.979
2.01904
2.00952
2.02032
2.02827
2.01279
2.00728
2.05615
2.00348
1.97158
2.00962
1.91741
2.03807
2.0403
1.99873
1.97354
2.02455
2.02264
2.01971
2.03188
2.02088
2.04098
2.01891
2.03639
2.02981
1.99155
1.97428
2.04417
1.99954
1.98228
2.02318
1.94979
1.99063
1.95061
1.97343
2.01326
2.00127
1.98625
1.99412
1.98521
1.98464
1.97417
2.02599
1.99657
1.95984
2.01081
2.02367
2.0066
2.0271
1.96451
2.02293
2.02122
1.95484
1.97605
1.97006
1.99805
1.9715
1.98461
2.04579
2.00964
2.00125
1.96945
1.99512
1.99147
1.95537
2.0163
2.06841
2.01321
1.99199
2.00099
2.03556
1.997
1.9793
1.98297
2.04737
1.98458
1.99428
2.04091
2.04501
1.98992
1.9805
1.95915
2.0094
1.98113
2.03521
1.97441
1.99408
1.96776
2.04776
2.03627
1.97771
2.00304
2.02772
1.96139
1.99068
1.99147
2.00497
2.01584
2.02622
2.0284
1.97239
2.048
1.99434
2.00585
2.04221
2.01338
1.95734
2.00571
1.98263
1.98869
1.99345
1.96835
2.00334
2.03109
1.95604
2.0645
2.06484
1.96443
1.97951
2.02056
2.00067
2.03317
1.97337
2.01562
1.9944
2.00386
2.0156
2.01762
2.04562
1.96506
2.01853
1.96144
2.06093
1.96939
1.97162
1.99345
2.02652
2.02882
2.01359
1.99893
2.02928
2.04659
2.00414
1.93841
1.94916
1.95636
2.01204
1.97052
2.05842
2.04519
1.98483
1.96665
1.9874
2.0117
1.99153
2.00356
2.03973
1.9939
1.99608
1.97766
1.99691
1.9762
2.03975
1.96113
1.98135
2.00896
2.05993
2.00621
1.98223
1.99976
1.94541
1.97688
2.04844
1.95807
1.9881
1.94807
1.99612
2.00094
1.97471
2.00608
1.98879
2.01455
2.04951
1.97837
1.94915
1.98216
2.03719
1.99215
1.91471
2.0197
1.95551
2.04535
1.97697
1.98993
2.003
2.02104
1.99087
2.03201
2.03223
1.9952
2.04271
2.01643
1.97424
1.9762
1.96125
2.00363
1.99716
1.94685
1.97326
1.97093
1.98014
2.00034
1.93341
2.00611
2.04263
1.97948
2.01468
1.99882
2.02586
1.99154
2.06191
1.96015
2.00089
2.01331
1.98669
2.02192
2.00243
1.98873
2.01653
1.99215
2.03363
1.98767
1.96968
1.94014
2.01165
1.99401
2.02398
1.98572
2.02859
2.03628
1.97923
2.02441
2.04322
1.99831
1.96711
1.97506
2.06561
2.04217
2.00407
2.00125
2.04074
1.99646
2.00941
2.02166
1.99261
1.99364
1.96965
1.97927
2.00268
1.99009
1.9779
1.9945
2.04774
1.98531
1.98856
1.95573
2.03212
1.97464
2.0377
2.06188
1.98147
2.01708
1.99801
1.96151
2.06891
1.99165
1.96347
1.99945
1.93196
2.02832
1.98379
2.04103
2.02479
1.94606
2.00868
1.98729
1.99152
2.01995
2.02794
2.00791
2.04961
1.96348
1.92961
2.06401
1.9318
2.00765
1.99028
1.96956
1.94427
2.04384
1.9999
2.01109
2.02064
1.94392
2.0363
2.02891
2.05375
2.02549
2.03734
2.01161
2.0586
2.04301
2.00937
2.02866
2.0034
2.06405
1.99965
1.96013
2.02352
1.9533
2.01747
2.01738
2.03451
1.98459
2.06651
1.9951
2.06614
1.98606
2.01037
2.00556
1.95561
2.04163
2.0056
1.90582
1.99488
1.99887
2.01261
1.9897
1.99961
1.97425
2.02476
1.98154
1.96964
1.96451
1.98572
2.03372
1.99006
1.98429
2.01311
2.07336
2.00284
1.98972
2.00634
1.99359
1.96828
2.00624
1.99236
2.04379
2.042
1.98503
2.0184
1.99775
1.96027
2.01016
2.0319
1.96546
1.98544
1.95666
1.99205
1.95645
1.93635
2.03079
2.0199
2.01993
1.97571
1.97795
1.99025
2.05469
1.98536
2.01866
1.97911
1.96223
2.01987
1.97976
2.00961
1.94614
2.04935
2.01498
2.0042
1.96091
2.02934
2.00879
1.99277
2.00103
2.07075
2.02311
1.96793
2.05108
2.00178
1.93926
2.0372
1.96457
2.01167
2.05492
1.94479
2.01641
2.01738
1.99663
2.01709
1.99055
2.01316
1.98093
1.97568
1.99437
2.04341
2.07505
1.97729
2.00302
2.0118
1.99502
1.97956
2.01451
1.97778
2.0037
1.95385
1.97148
1.96212
1.99572
2.04517
1.99856
2.013
2.04151
1.99585
2.00753
2.03858
1.98902
2.04496
2.00496
2.00469
2.0009
2.00593
2.00312
1.97289
2.00395
1.99579
2.00404
2.02891
1.95339
1.97365
1.97164
2.05743
1.96609
2.02921
1.98281
1.97693
1.99517
1.93302
2.00909
1.99951
1.98054
1.98673
1.97594
2.0108
2.00831
1.93424
1.94895
2.08052
1.99612
2.02069
2.01964
1.98205
2.00241
1.99879
2.02491
1.98438
2.00918
2.012
2.0323
1.96447
2.01645
1.99827
2.00579
1.95985
2.01437
2.02868
2.03434
1.99806
2.02864
2.02454
2.04805
2.03012
2.03424
2.03861
1.99459
2.00066
2.02229
1.95863
2.01218
2.02421
1.98822
1.97126
2.00392
1.98147
1.96549
